5.110 1 NAVIGATION 0 1 0. 0. 310663.9 0. 0 0
5.136 1 ATTITUDE 0.317139 -3.065186 -0.016602
5.142 1 DESIRED 0.06 0.17 5.9 -184. 526. 788. 2.
5.221 1 ATTITUDE 0.31665 -3.063232 -0.016602
5.344 1 ATTITUDE 0.316162 -3.060791 -0.016602
5.350 1 DESIRED 0.06 0.17 5.9 -184. 526. 788. 2.
5.356 1 GPS 0 0 0 0 0 0 0 0 0 0 1
5.359 1 IMU_GYRO 0.010742 0.000977 -0.000977
5.362 1 IMU_MAG -0.055664 -0.956055 -0.135254
5.401 1 NAVIGATION 0 1 0. 0. 310663.9 0. 0 0
5.410 1 PONG 
5.437 1 ATTITUDE 0.316162 -3.0625 -0.016602
5.440 1 ESTIMATOR 0. 0.
5.443 1 IMU_ACCEL -2.542969 -0.217773 9.407227
5.445 1 STATE_FILTER_STATUS 3 0
5.539 1 ATTITUDE 0.31665 -3.077881 -0.016846
5.545 1 DESIRED 0.06 0.17 5.9 -184. 526. 788. 2.
5.549 1 WP_MOVED 9 504579.6875 3566079.5 808. 12
5.553 1 NAVIGATION 0 1 0. 0. 310663.9 0. 0 0
5.581 1 GPS 0 0 0 0 0 0 0 0 0 0 1
5.609 1 FBW_STATUS 0 49 1 116 0
5.614 1 NAVIGATION 0 1 0. 0. 310663.9 0. 0 0
5.645 1 ATTITUDE 0.31665 -3.063232 -0.016602
5.740 1 ATTITUDE 0.31665 -3.072998 -0.016602
5.744 1 DESIRED 0.06 0.17 5.9 -184. 526. 788. 2.
5.748 1 BAT 0 116 0 0 0 32 32 0
5.750 1 DL_VALUE 10 0.
5.752 1 DOWNLINK 3 815 1183
5.829 1 ATTITUDE 0.315674 -3.068115 -0.016602
5.836 1 GPS 0 0 0 0 0 0 0 0 0 0 1
5.836 1 DOWNLINK_STATUS 6 5010 225 0 873. 40. 77.63
5.858 1 NAVIGATION 0 1 0. 0. 310663.9 0. 0 0
5.939 1 ATTITUDE 0.315918 -3.068848 -0.016357
5.945 1 DESIRED 0.06 0.17 5.9 -184. 526. 788. 2.
5.947 1 ESTIMATOR 0. 0.
5.950 1 IMU_GYRO 0.012695 -0.003174 -0.006348
5.952 1 CALIBRATION 0. 0
6.026 1 ATTITUDE 0.316162 -3.073975 -0.016113
6.030 1 WP_MOVED 10 504935.90625 3566096.5 798. 12
6.077 1 GPS 0 0 0 0 0 0 0 0 0 0 1
6.110 1 NAVIGATION 0 1 0. 0. 310663.9 0. 0 0
6.135 1 ATTITUDE 0.316162 -3.068604 -0.015625
6.141 1 DESIRED 0.06 0.17 5.9 -184. 526. 788. 2.
6.226 1 ATTITUDE 0.315918 -3.068359 -0.016113
6.229 1 IMU_ACCEL -2.467773 -0.108398 9.407227
6.340 1 ATTITUDE 0.315918 -3.067383 -0.015869
6.346 1 DESIRED 0.06 0.16 5.9 -184. 526. 788. 2.
6.352 1 GPS 0 0 0 0 0 0 0 0 0 0 1
6.355 1 GPS_SOL 0 0 0 0
6.382 1 NAVIGATION 0 1 0. 0. 310663.9 0. 0 0
6.427 1 ATTITUDE 0.316162 -3.067139 -0.015869
6.427 1 ESTIMATOR 0. 0.
6.544 1 ATTITUDE 0.316162 -3.071045 -0.015625
6.550 1 DESIRED 0.06 0.17 5.9 -184. 526. 788. 2.
6.553 1 WP_MOVED 0 504751. 3566185. 730. 12
6.557 1 IMU_GYRO 0.011719 0. -0.005371
6.561 1 NAVIGATION 0 1 0. 0. 310663.9 0. 0 0
6.590 1 GPS 0 0 0 0 0 0 0 0 0 0 1
6.623 1 NAVIGATION 0 1 0. 0. 310663.9 0. 0 0
6.642 1 ATTITUDE 0.315918 -3.068359 -0.015869
6.645 1 IMU_MAG -0.062988 -0.971191 -0.148926
6.729 1 ATTITUDE 0.315674 -3.062988 -0.016113
6.735 1 DESIRED 0.06 0.17 5.9 -184. 526. 788. 2.
6.834 1 ATTITUDE 0.315674 -3.066162 -0.016113
6.837 1 DOWNLINK_STATUS 7 5757 258 0 747. 33. 77.63
6.839 1 GPS 0 0 0 0 0 0 0 0 0 0 1
6.843 1 BAT 0 116 0 0 0 33 33 0
6.865 1 NAVIGATION 0 1 0. 0. 310663.9 0. 0 0
6.933 1 ATTITUDE 0.314697 -3.068359 -0.016113
6.938 1 DESIRED 0.06 0.17 5.9 -184. 526. 788. 2.
6.941 1 ESTIMATOR 0. 0.
7.030 1 ATTITUDE 0.313477 -3.068115 -0.016602
7.034 1 WP_MOVED 1 504709. 3566143. 738. 12
7.037 1 IMU_ACCEL -2.542969 -0.145508 9.521484
7.078 1 GPS 0 0 0 0 0 0 0 0 0 0 1
7.110 1 NAVIGATION 0 1 0. 0. 310663.9 0. 0 0
7.139 1 ATTITUDE 0.311768 -3.062012 -0.016357
7.145 1 DESIRED 0.06 0.16 5.9 -184. 526. 788. 2.
7.148 1 IMU_GYRO 0.014893 0. -0.006348
7.229 1 ATTITUDE 0.312012 -3.064697 -0.016357
7.231 1 DL_VALUE 0 0.
7.234 1 ENERGY 11.6 0. 0 0.
7.337 1 ATTITUDE 0.313232 -3.066895 -0.016357
7.343 1 DESIRED 0.06 0.16 5.9 -184. 526. 788. 2.
7.348 1 GPS 0 0 0 0 0 0 0 0 0 0 1
7.376 1 NAVIGATION 0 1 0. 0. 310663.9 0. 0 0
7.425 1 ATTITUDE 0.313721 -3.0625 -0.016357
7.427 1 ESTIMATOR 0. 0.
7.539 1 ATTITUDE 0.314453 -3.069336 -0.016113
7.545 1 DESIRED 0.06 0.17 5.9 -184. 526. 788. 2.
7.548 1 WP_MOVED 2 504525.5 3566669.25 788. 12
7.553 1 NAVIGATION 0 1 0. 0. 310663.9 0. 0 0
7.577 1 GPS 0 0 0 0 0 0 0 0 0 0 1
7.613 1 NAVIGATION 0 1 0. 0. 310663.9 0. 0 0
7.613 1 FBW_STATUS 0 49 1 116 0
7.642 1 ATTITUDE 0.314209 -3.0625 -0.015869
7.643 1 STATE_FILTER_STATUS 3 0
7.733 1 ATTITUDE 0.314209 -3.066406 -0.015625
7.739 1 DESIRED 0.06 0.17 5.9 -184. 526. 788. 2.
7.742 1 IMU_GYRO 0.009521 -0.022461 -0.00415
7.833 1 ATTITUDE 0.305176 -3.067627 -0.015625
7.837 1 DOWNLINK_STATUS 8 6565 294 0 808. 36. 77.63
7.838 1 GPS 0 0 0 0 0 0 0 0 0 0 1
7.841 1 IMU_ACCEL -2.392578 -0.108398 9.521484
7.866 1 NAVIGATION 0 1 0. 0. 310663.9 0. 0 0
7.940 1 ATTITUDE 0.272705 -3.06958 -0.015869
7.946 1 DESIRED 0.06 0.15 5.9 -184. 526. 788. 2.
7.949 1 ESTIMATOR 0. 0.
7.952 1 BAT 0 116 0 0 0 34 34 0
7.955 1 IMU_MAG -0.061035 -0.973633 -0.175781
8.028 1 ATTITUDE 0.226074 -3.077881 -0.016113
8.031 1 WP_MOVED 3 504415.6875 3566382. 768. 12
8.033 1 CALIBRATION 0. 0
8.077 1 GPS 0 0 0 0 0 0 0 0 0 0 1
8.109 1 NAVIGATION 0 1 0. 0. 310663.9 0. 0 0
8.134 1 ATTITUDE 0.164795 -3.061279 -0.016357
8.140 1 DESIRED 0.06 0.13 5.9 -184. 526. 788. 2.
8.221 1 ATTITUDE 0.095459 -3.056152 -0.014648
8.344 1 ATTITUDE 0.051514 -3.04541 -0.013184
8.350 1 DESIRED 0.06 0.05 5.9 -184. 526. 788. 2.
8.356 1 GPS 0 0 0 0 0 0 0 0 0 0 1
8.359 1 IMU_GYRO 0.024658 -0.241211 -0.012695
8.362 1 GPS_SOL 0 0 0 0
8.388 1 NAVIGATION 0 1 0. 0. 310663.9 0. 0 0
8.424 1 ATTITUDE 0.039062 -3.042969 -0.012939
8.427 1 ESTIMATOR 0. 0.
8.539 1 ATTITUDE 0.040283 -3.031738 -0.012451
8.545 1 DESIRED 0.05 0.05 5.9 -184. 526. 788. 2.
8.549 1 WP_MOVED 4 504406. 3566514. 798. 12
8.553 1 NAVIGATION 0 1 0. 0. 310663.9 0. 0 0
8.581 1 GPS 0 0 0 0 0 0 0 0 0 0 1
8.608 1 NAVIGATION 0 1 0. 0. 310663.9 0. 0 0
8.637 1 ATTITUDE 0.037354 -3.039551 -0.012207
8.640 1 IMU_ACCEL 0.149414 -0.145508 9.828125
8.702 1 COMMANDS 13,134,335
8.731 1 ATTITUDE 0.036133 -3.0271 -0.012451
8.737 1 DESIRED 0.06 0.04 5.9 -184. 526. 788. 2.
8.739 1 DL_VALUE 1 0.
8.803 1 ACTUATORS 1002,1516,1509
8.830 1 ATTITUDE 0.036621 -3.023193 -0.012451
8.836 1 GPS 0 0 0 0 0 0 0 0 0 0 1
8.837 1 DOWNLINK_STATUS 9 7435 333 0 870. 39. 77.63
8.861 1 NAVIGATION 0 1 0. 0. 310663.9 0. 0 0
8.936 1 ATTITUDE 0.037842 -3.02832 -0.012939
8.942 1 DESIRED 0.06 0.05 5.9 -184. 526. 788. 2.
8.944 1 ESTIMATOR 0. 0.
8.948 1 IMU_GYRO 0.007324 0.029053 -0.000977
9.030 1 ATTITUDE 0.041016 -3.030029 -0.013184
9.034 1 WP_MOVED 5 504349.8125 3566237. 748. 12
9.037 1 BAT 21 116 0 0 0 35 35 0
9.077 1 GPS 0 0 0 0 0 0 0 0 0 0 1
9.108 1 NAVIGATION 0 1 0. 0. 310663.9 0. 0 0
9.141 1 ATTITUDE 0.042725 -3.027344 -0.013184
9.148 1 DESIRED 0.06 0.05 5.9 -184. 526. 788. 2.
9.225 1 ATTITUDE 0.044434 -3.032959 -0.012939
9.229 1 IMU_MAG -0.057617 -1.001953 -0.322754
9.336 1 ATTITUDE 0.044922 -3.025146 -0.012939
9.342 1 DESIRED 0.06 0.05 5.9 -184. 526. 788. 2.
9.348 1 GPS 0 0 0 0 0 0 0 0 0 0 1
9.375 1 NAVIGATION 0 1 0. 0. 310663.9 0. 0 0
9.429 1 ATTITUDE 0.046631 -3.028076 -0.013184
9.431 1 ESTIMATOR 0. 0.
9.434 1 IMU_ACCEL 0.037109 -0.108398 9.674805
9.543 1 ATTITUDE 0.052002 -3.035156 -0.013184
9.549 1 DESIRED 0.06 0.05 5.9 -184. 526. 788. 2.
9.553 1 WP_MOVED 6 504252.90625 3565912.75 828. 12
9.556 1 IMU_GYRO 0.008545 0.089355 0.00415
9.560 1 NAVIGATION 0 1 0. 0. 310663.9 0. 0 0
9.584 1 GPS 0 0 0 0 0 0 0 0 0 0 1
9.615 1 FBW_STATUS 0 49 1 116 0
9.619 1 NAVIGATION 0 1 0. 0. 310663.9 0. 0 0
9.643 1 ATTITUDE 0.061279 -3.034912 -0.013428
9.734 1 ATTITUDE 0.069336 -3.040527 -0.012695
9.739 1 DESIRED 0.06 0.06 5.9 -184. 526. 788. 2.
9.743 1 ENERGY 11.6 0. 0 0.
9.836 1 ATTITUDE 0.073975 -3.03833 -0.012695
9.838 1 DOWNLINK_STATUS 10 8208 367 0 773. 34. 77.63
9.842 1 GPS 0 0 0 0 0 0 0 0 0 0 1
9.843 1 STATE_FILTER_STATUS 3 0
9.847 1 ALIVE 4,16,102,57,235,79,132,191,234,171,254,194,198,0,191,193
9.872 1 NAVIGATION 0 1 0. 0. 310663.9 0. 0 0
9.935 1 ATTITUDE 0.075439 -3.044678 -0.013184
9.941 1 DESIRED 0.06 0.06 5.9 -184. 526. 788. 2.
9.943 1 ESTIMATOR 0. 0.
9.945 1 PPRZ_MODE 1 3 3 0 0 21
10.026 1 ATTITUDE 0.073975 -3.042725 -0.013184
10.029 1 WP_MOVED 7 504375.90625 3566310.75 758. 12
10.077 1 GPS 0 0 0 0 0 0 0 0 0 0 1
10.108 1 NAVIGATION 0 1 0. 0. 310663.9 0. 0 0
10.141 1 ATTITUDE 0.071533 -3.042236 -0.013428
10.147 1 DESIRED 0.06 0.06 5.9 -184. 526. 788. 2.
10.150 1 IMU_GYRO 0.013916 -0.013916 -0.011719
10.153 1 BAT 0 116 0 0 0 36 36 0
10.155 1 CALIBRATION 0. 0
10.228 1 ATTITUDE 0.071533 -3.035156 -0.013672
10.231 1 IMU_ACCEL -0.149414 -0.145508 9.904297
10.233 1 DL_VALUE 2 788.
10.340 1 ATTITUDE 0.072021 -3.034424 -0.013428
10.346 1 DESIRED 0.06 0.06 5.9 -184. 526. 788. 2.
10.352 1 GPS 0 0 0 0 0 0 0 0 0 0 1
10.355 1 GPS_SOL 0 0 0 0
10.384 1 PONG 
10.389 1 NAVIGATION 0 1 0. 0. 310663.9 0. 0 0
10.425 1 ATTITUDE 0.072021 -3.037354 -0.013428
10.429 1 ESTIMATOR 0. 0.
10.544 1 ATTITUDE 0.076904 -3.039062 -0.01416
10.550 1 DESIRED 0.06 0.06 5.9 -184. 526. 788. 2.
10.553 1 WP_MOVED 8 504392.1875 3566138. 758. 12
10.557 1 NAVIGATION 0 1 0. 0. 310663.9 0. 0 0
10.561 1 IMU_MAG -0.053711 -0.995117 -0.303711
10.584 1 GPS 0 0 0 0 0 0 0 0 0 0 1
10.608 1 NAVIGATION 0 1 0. 0. 310663.9 0. 0 0
10.639 1 ATTITUDE 0.083252 -3.040771 -0.014893
10.733 1 ATTITUDE 0.078369 -3.041992 -0.014648
10.739 1 DESIRED 0.06 0.06 5.9 -184. 526. 788. 2.
10.742 1 IMU_GYRO 0.021484 -0.021484 0.000977
10.832 1 ATTITUDE 0.077881 -3.040283 -0.013428
10.837 1 GPS 0 0 0 0 0 0 0 0 0 0 1
10.838 1 DOWNLINK_STATUS 11 9102 408 0 894. 41. 50.76
10.839 1 DOWNLINK 3 814 1369
10.864 1 NAVIGATION 0 1 0. 0. 310663.9 0. 0 0
10.932 1 ATTITUDE 0.079102 -3.033447 -0.012695
10.938 1 DESIRED 0.06 0.06 5.9 -184. 526. 788. 2.
10.941 1 ESTIMATOR 0. 0.
11.030 1 ATTITUDE 0.078857 -3.033691 -0.011719
11.034 1 WP_MOVED 9 504579.6875 3566079.5 808. 12
11.037 1 IMU_ACCEL -0.186523 0. 9.789062
11.078 1 GPS 0 0 0 0 0 0 0 0 0 0 1
11.108 1 NAVIGATION 0 1 0. 0. 310663.9 0. 0 0
11.135 1 ATTITUDE 0.077148 -3.03418 -0.011475
11.141 1 DESIRED 0.06 0.06 5.9 -184. 526. 788. 2.
11.230 1 ATTITUDE 0.064209 -3.032715 -0.012207
11.233 1 BAT 0 116 0 0 0 37 37 0
11.236 1 NAVIGATION_REF 504709 3566143 12
11.341 1 ATTITUDE 0.046875 -3.026123 -0.011719
11.348 1 DESIRED 0.06 0.05 5.9 -184. 526. 788. 2.
11.352 1 GPS 0 0 0 0 0 0 0 0 0 0 1
11.355 1 IMU_GYRO 0.019287 -0.119385 -0.023682
11.380 1 NAVIGATION 0 1 0. 0. 310663.9 0. 0 0
11.425 1 ATTITUDE 0.04126 -3.020996 -0.011719
11.427 1 ESTIMATOR 0. 0.
11.539 1 ATTITUDE 0.04126 -3.026855 -0.011963
11.546 1 DESIRED 0.06 0.05 5.9 -184. 526. 788. 2.
11.548 1 WP_MOVED 10 504935.90625 3566096.5 798. 12
11.553 1 NAVIGATION 0 1 0. 0. 310663.9 0. 0 0
11.579 1 GPS 0 0 0 0 0 0 0 0 0 0 1
11.611 1 NAVIGATION 0 1 0. 0. 310663.9 0. 0 0
11.613 1 FBW_STATUS 0 48 1 116 0
11.641 1 ATTITUDE 0.041992 -3.022217 -0.011963
11.731 1 ATTITUDE 0.04248 -3.033936 -0.011475
11.737 1 DESIRED 0.06 0.05 5.9 -184. 526. 788. 2.
11.739 1 DL_VALUE 3 0.
11.836 1 ATTITUDE 0.027344 -3.026611 -0.01123
11.838 1 DOWNLINK_STATUS 12 9856 442 0 754. 34. 50.76
11.843 1 GPS 0 0 0 0 0 0 0 0 0 0 1
11.845 1 IMU_ACCEL 0.298828 -0.036133 9.55957
11.848 1 IMU_MAG -0.05957 -1.001953 -0.336426
11.879 1 NAVIGATION 0 1 0. 0. 310663.9 0. 0 0
11.936 1 ATTITUDE 0. -3.02124 -0.010498
11.942 1 DESIRED 0.06 0.03 5.9 -184. 526. 788. 2.
11.944 1 ESTIMATOR 0. 0.
11.947 1 IMU_GYRO 0.030029 -0.19165 -0.014893
12.027 1 ATTITUDE -0.011475 -3.010498 -0.009766
12.031 1 WP_MOVED 0 504751. 3566185. 730. 12
12.032 1 STATE_FILTER_STATUS 3 0
12.077 1 GPS 0 0 0 0 0 0 0 0 0 0 1
12.111 1 NAVIGATION 0 1 0. 0. 310663.9 0. 0 0
12.134 1 ATTITUDE -0.013672 -3.011475 -0.009521
12.140 1 DESIRED 0.06 0.04 5.9 -184. 526. 788. 2.
12.228 1 ATTITUDE -0.023682 -3.006836 -0.009033
12.230 1 CALIBRATION 0. 0
12.233 1 ENERGY 11.6 0. 0 0.
12.344 1 ATTITUDE -0.05127 -2.994141 -0.008545
12.350 1 DESIRED 0.06 0.05 5.9 -184. 526. 788. 2.
12.356 1 GPS 0 0 0 0 0 0 0 0 0 0 1
12.359 1 BAT 0 116 0 0 0 38 38 0
12.362 1 GPS_SOL 0 0 0 0
12.383 1 NAVIGATION 0 1 0. 0. 310663.9 0. 0 0
12.424 1 ATTITUDE -0.103027 -2.975342 -0.005859
12.427 1 ESTIMATOR 0. 0.
12.543 1 ATTITUDE -0.121826 -2.964111 -0.004883
12.549 1 DESIRED 0.05 0.08 5.9 -184. 526. 788. 2.
12.552 1 WP_MOVED 1 504709. 3566143. 738. 12
12.555 1 IMU_GYRO 0.007324 0.058105 -0.000977
12.560 1 NAVIGATION 0 1 0. 0. 310663.9 0. 0 0
12.589 1 GPS 0 0 0 0 0 0 0 0 0 0 1
12.617 1 NAVIGATION 0 1 0. 0. 310663.9 0. 0 0
12.639 1 ATTITUDE -0.112305 -2.960693 -0.005859
12.642 1 IMU_ACCEL 1.533203 0. 9.55957
12.729 1 ATTITUDE -0.11499 -2.963379 -0.005371
12.735 1 DESIRED 0.06 0.08 5.9 -184. 526. 788. 2.
12.828 1 ATTITUDE -0.126953 -2.954834 -0.004639
12.834 1 GPS 0 0 0 0 0 0 0 0 0 0 1
12.838 1 DOWNLINK_STATUS 13 10736 481 0 880. 39. 50.76
12.862 1 NAVIGATION 0 1 0. 0. 310663.9 0. 0 0
12.932 1 ATTITUDE -0.126465 -2.955078 -0.004883
12.938 1 DESIRED 0.06 0.08 5.9 -184. 526. 788. 2.
12.940 1 ESTIMATOR 0. 0.
13.025 1 ATTITUDE -0.120117 -2.959717 -0.005859
13.050 1 WP_MOVED 2 504525.5 3566669.25 788. 12
13.077 1 GPS 0 0 0 0 0 0 0 0 0 0 1
13.110 1 NAVIGATION 0 1 0. 0. 310663.9 0. 0 0
13.138 1 ATTITUDE -0.12085 -2.968506 -0.006104
13.144 1 DESIRED 0.06 0.08 5.9 -184. 526. 788. 2.
13.147 1 IMU_GYRO 0.010742 -0.026855 0.
13.150 1 IMU_MAG -0.055664 -1.03418 -0.44873
13.224 1 ATTITUDE -0.121826 -2.972412 -0.006348
13.226 1 DL_VALUE 4 0.
13.336 1 ATTITUDE -0.122803 -2.956543 -0.006348
13.342 1 DESIRED 0.06 0.08 5.9 -184. 526. 788. 2.
13.349 1 GPS 0 0 0 0 0 0 0 0 0 0 1
13.377 1 NAVIGATION 0 1 0. 0. 310663.9 0. 0 0
13.433 1 ATTITUDE -0.123779 -2.952148 -0.006348
13.435 1 ESTIMATOR 0. 0.
13.438 1 IMU_ACCEL 1.794922 -0.145508 9.636719
13.442 1 BAT 0 116 0 0 0 39 39 0
13.539 1 ATTITUDE -0.122559 -2.956299 -0.00708
13.545 1 DESIRED 0.07 0.08 5.9 -184. 526. 788. 2.
13.548 1 WP_MOVED 3 504415.6875 3566382. 768. 12
13.553 1 NAVIGATION 0 1 0. 0. 310663.9 0. 0 0
13.579 1 GPS 0 0 0 0 0 0 0 0 0 0 1
13.613 1 FBW_STATUS 0 49 1 116 0
13.613 1 NAVIGATION 0 1 0. 0. 310663.9 0. 0 0
13.643 1 ATTITUDE -0.119629 -2.958984 -0.006836
13.702 1 COMMANDS 0,1162,428
13.733 1 ATTITUDE -0.118896 -2.959717 -0.00708
13.739 1 DESIRED 0.06 0.08 5.9 -184. 526. 788. 2.
13.742 1 IMU_GYRO 0.01709 -0.01709 -0.00415
13.802 1 ACTUATORS 1000,1523,1563
13.829 1 ATTITUDE -0.120361 -2.958496 -0.007812
13.834 1 GPS 0 0 0 0 0 0 0 0 0 0 1
13.838 1 DOWNLINK_STATUS 14 11559 518 0 823. 37. 50.76
13.861 1 NAVIGATION 0 1 0. 0. 310663.9 0. 0 0
13.932 1 ATTITUDE -0.113037 -2.963379 -0.008301
13.938 1 DESIRED 0.07 0.08 5.9 -184. 526. 788. 2.
13.940 1 ESTIMATOR 0. 0.
14.026 1 ATTITUDE -0.097656 -2.971191 -0.009766
14.029 1 WP_MOVED 4 504406. 3566514. 798. 12
14.079 1 GPS 0 0 0 0 0 0 0 0 0 0 1
14.108 1 NAVIGATION 0 1 0. 0. 310663.9 0. 0 0
14.139 1 ATTITUDE -0.0625 -3.002686 -0.011475
14.145 1 DESIRED 0.06 0.05 5.9 -184. 526. 788. 2.
14.227 1 ATTITUDE -0.009277 -3.028809 -0.012695
14.231 1 IMU_ACCEL 0.560547 -0.072266 9.712891
14.232 1 STATE_FILTER_STATUS 3 0
14.344 1 ATTITUDE 0.053711 -3.059814 -0.013428
14.350 1 DESIRED 0.06 0.05 5.9 -184. 526. 788. 2.
14.356 1 GPS 0 0 0 0 0 0 0 0 0 0 1
14.359 1 IMU_GYRO -0.00415 0.685059 0.036621
14.362 1 GPS_SOL 0 0 0 0
14.390 1 NAVIGATION 0 1 0. 0. 310663.9 0. 0 0
14.429 1 ATTITUDE 0.122559 -3.071289 -0.014893
14.431 1 ESTIMATOR 0. 0.
14.434 1 IMU_MAG -0.066895 -1.056152 -0.263184
14.544 1 ATTITUDE 0.1875 -3.069092 -0.01709
14.550 1 DESIRED 0.06 0.11 5.9 -184. 526. 788. 2.
14.553 1 WP_MOVED 5 504349.8125 3566237. 748. 12
14.558 1 NAVIGATION 0 1 0. 0. 310663.9 0. 0 0
14.561 1 BAT 0 116 0 0 0 40 40 0
14.590 1 GPS 0 0 0 0 0 0 0 0 0 0 1
14.616 1 NAVIGATION 0 1 0. 0. 310663.9 0. 0 0
14.643 1 ATTITUDE 0.244629 -3.068115 -0.018311
14.736 1 ATTITUDE 0.2854 -3.066895 -0.012695
14.742 1 DESIRED 0.06 0.15 5.9 -184. 526. 788. 2.
14.744 1 DL_VALUE 5 0.
14.747 1 ENERGY 11.6 0. 0 0.
14.834 1 ATTITUDE 0.291992 -3.042725 0.011475
14.839 1 DOWNLINK_STATUS 15 12337 553 0 778. 35. 50.76
14.840 1 GPS 0 0 0 0 0 0 0 0 0 0 1
14.844 1 ALIVE 4,16,102,57,235,79,132,191,234,171,254,194,198,0,191,193
14.869 1 NAVIGATION 0 1 0. 0. 310663.9 0. 0 0
14.939 1 ATTITUDE 0.273193 -3.022461 0.039551
14.945 1 DESIRED 0.06 0.15 5.9 -184. 526. 788. 2.
14.947 1 ESTIMATOR 0. 0.
14.950 1 IMU_GYRO 0.270264 -0.14209 0.01709
14.952 1 PPRZ_MODE 1 3 3 0 0 21
15.030 1 ATTITUDE 0.276855 -3.020508 0.060547
15.033 1 WP_MOVED 6 504252.90625 3565912.75 828. 12
15.037 1 IMU_ACCEL -2.168945 0.799805 9.253906
15.077 1 GPS 0 0 0 0 0 0 0 0 0 0 1
15.108 1 NAVIGATION 0 1 0. 0. 310663.9 0. 0 0
15.134 1 ATTITUDE 0.298828 -2.993408 0.073486
15.141 1 DESIRED 0.06 0.16 5.9 -184. 526. 788. 2.
15.221 1 ATTITUDE 0.307617 -2.982666 0.085938
15.337 1 ATTITUDE 0.295166 -2.984375 0.084717
15.342 1 DESIRED 0.06 0.16 5.9 -184. 526. 788. 2.
15.348 1 GPS 0 0 0 0 0 0 0 0 0 0 1
15.380 1 NAVIGATION 0 1 0. 0. 310663.9 0. 0 0
15.381 1 PONG 
15.425 1 ATTITUDE 0.265137 -3.003174 0.069336
15.427 1 ESTIMATOR 0. 0.
15.455 1 WIND_INFO 1 42 0. 0. 0.
15.544 1 ATTITUDE 0.255127 -3.017578 0.050781
15.549 1 DESIRED 0.06 0.14 5.9 -184. 526. 788. 2.
15.553 1 WP_MOVED 7 504375.90625 3566310.75 758. 12
15.556 1 IMU_GYRO -0.170166 0.061279 -0.101074
15.561 1 NAVIGATION 0 1 0. 0. 310663.9 0. 0 0
15.589 1 GPS 0 0 0 0 0 0 0 0 0 0 1
15.617 1 FBW_STATUS 0 48 1 116 0
15.619 1 NAVIGATION 0 1 0. 0. 310663.9 0. 0 0
15.646 1 ATTITUDE 0.266846 -3.033691 0.020996
15.650 1 BAT 11 116 0 0 0 42 42 0
15.733 1 ATTITUDE 0.256348 -3.074219 -0.029297
15.739 1 DESIRED 0.06 0.14 5.9 -184. 526. 788. 2.
15.742 1 IMU_MAG -0.081543 -0.960449 -0.094727
15.833 1 ATTITUDE 0.250244 -3.114746 -0.072266
15.839 1 GPS 0 0 0 0 0 0 0 0 0 0 1
15.839 1 DOWNLINK_STATUS 16 13197 591 0 860. 38. 47.66
15.842 1 IMU_ACCEL -1.981445 -0.763672 9.789062
15.868 1 NAVIGATION 0 1 0. 0. 310663.9 0. 0 0
15.935 1 ATTITUDE 0.242188 -3.140137 -0.09668
15.941 1 DESIRED 0.06 0.13 5.9 -184. 526. 788. 2.
15.943 1 ESTIMATOR 0. 0.
15.945 1 DOWNLINK 4 824 1557
16.026 1 ATTITUDE 0.227051 -3.137451 -0.12085
16.030 1 WP_MOVED 8 504392.1875 3566138. 758. 12
16.078 1 GPS 0 0 0 0 0 0 0 0 0 0 1
16.108 1 NAVIGATION 0 1 0. 0. 310663.9 0. 0 0
16.138 1 ATTITUDE 0.197754 3.125 -0.154541
16.144 1 DESIRED 0.06 0.11 5.9 -184. 526. 788. 2.
16.147 1 IMU_GYRO -0.144287 -0.17334 -0.077393
16.223 1 ATTITUDE 0.204834 3.110352 -0.170898
16.225 1 DL_VALUE 6 120.
16.340 1 ATTITUDE 0.236084 3.086914 -0.186279
16.346 1 DESIRED 0.06 0.13 5.9 -184. 526. 788. 2.
16.351 1 GPS 0 0 0 0 0 0 0 0 0 0 1
16.354 1 GPS_SOL 0 0 0 0
16.386 1 NAVIGATION 0 1 0. 0. 310663.9 0. 0 0
16.429 1 ATTITUDE 0.249023 3.085449 -0.190918
16.431 1 ESTIMATOR 0. 0.
16.433 1 CALIBRATION 0. 0
16.434 1 STATE_FILTER_STATUS 3 0
16.539 1 ATTITUDE 0.227539 3.099121 -0.181152
16.545 1 DESIRED 0.06 0.13 5.9 -184. 526. 788. 2.
16.548 1 WP_MOVED 9 504579.6875 3566079.5 808. 12
16.553 1 NAVIGATION 0 1 0. 0. 310663.9 0. 0 0
16.581 1 GPS 0 0 0 0 0 0 0 0 0 0 1
16.608 1 NAVIGATION 0 1 0. 0. 310663.9 0. 0 0
16.639 1 ATTITUDE 0.156494 3.103027 -0.178223
16.642 1 IMU_ACCEL -1.008789 -1.819336 9.445312
16.737 1 ATTITUDE 0.083008 3.119385 -0.177002
16.743 1 DESIRED 0.06 0.06 5.9 -184. 526. 788. 2.
16.746 1 IMU_GYRO 0.036621 -0.467285 -0.011719
16.750 1 BAT 0 116 0 0 0 43 43 0
16.828 1 ATTITUDE 0.03833 -3.136719 -0.17334
16.834 1 GPS 0 0 0 0 0 0 0 0 0 0 1
16.839 1 DOWNLINK_STATUS 17 14028 629 0 831. 38. 47.66
16.861 1 NAVIGATION 0 1 0. 0. 310663.9 0. 0 0
16.932 1 ATTITUDE 0.010498 -3.140381 -0.168945
16.938 1 DESIRED 0.06 0.03 5.9 -184. 526. 788. 2.
16.940 1 ESTIMATOR 0. 0.
17.029 1 ATTITUDE -0.005127 -3.115723 -0.166504
17.033 1 WP_MOVED 10 504935.90625 3566096.5 798. 12
17.036 1 IMU_MAG -0.154297 -0.942871 -0.371582
17.077 1 GPS 0 0 0 0 0 0 0 0 0 0 1
17.110 1 NAVIGATION 0 1 0. 0. 310663.9 0. 0 0
17.138 1 ATTITUDE -0.012451 -3.104248 -0.164551
17.144 1 DESIRED 0.06 0.04 5.9 -184. 526. 788. 2.
17.225 1 ATTITUDE -0.014648 -3.108643 -0.162598
17.229 1 ENERGY 11.6 0. 0 0.
17.340 1 ATTITUDE -0.010254 -3.106934 -0.159912
17.346 1 DESIRED 0.06 0.03 5.9 -184. 526. 788. 2.
17.352 1 GPS 0 0 0 0 0 0 0 0 0 0 1
17.355 1 IMU_GYRO 0.071045 0.000977 -0.012695
17.383 1 NAVIGATION 0 1 0. 0. 310663.9 0. 0 0
17.428 1 ATTITUDE -0.01123 -3.10791 -0.155762
17.431 1 ESTIMATOR 0. 0.
17.434 1 IMU_ACCEL 0.411133 -1.200195 9.21582
17.539 1 ATTITUDE -0.046387 -3.102051 -0.165283
17.545 1 DESIRED 0.06 0.05 5.9 -184. 526. 788. 2.
17.548 1 WP_MOVED 0 504751. 3566185. 730. 12
17.553 1 NAVIGATION 0 1 0. 0. 310663.9 0. 0 0
17.581 1 GPS 0 0 0 0 0 0 0 0 0 0 1
17.609 1 FBW_STATUS 0 49 1 116 0
17.613 1 NAVIGATION 0 1 0. 0. 310663.9 0. 0 0
17.640 1 ATTITUDE -0.106689 -3.086182 -0.178467
17.731 1 ATTITUDE -0.129639 -3.065186 -0.178467
17.737 1 DESIRED 0.06 0.08 5.9 -184. 526. 788. 2.
17.739 1 DL_VALUE 7 1.
17.833 1 ATTITUDE -0.121094 -3.080811 -0.175293
17.839 1 GPS 0 0 0 0 0 0 0 0 0 0 1
17.840 1 DOWNLINK_STATUS 18 14807 663 0 779. 34. 47.66
17.842 1 BAT 0 116 0 0 0 44 44 0
17.871 1 NAVIGATION 0 1 0. 0. 310663.9 0. 0 0
17.936 1 ATTITUDE -0.141846 -3.051514 -0.171143
17.942 1 DESIRED 0.06 0.09 5.9 -184. 526. 788. 2.
17.944 1 ESTIMATOR 0. 0.
17.947 1 IMU_GYRO 0.04834 -0.307861 0.000977
18.026 1 ATTITUDE -0.160645 -3.047119 -0.169189
18.029 1 WP_MOVED 1 504709. 3566143. 738. 12
18.077 1 GPS 0 0 0 0 0 0 0 0 0 0 1
18.108 1 NAVIGATION 0 1 0. 0. 310663.9 0. 0 0
18.136 1 ATTITUDE -0.136475 -3.048584 -0.17041
18.142 1 DESIRED 0.06 0.09 5.9 -184. 526. 788. 2.
18.225 1 ATTITUDE -0.106445 -3.077393 -0.171387
18.228 1 IMU_ACCEL 1.458008 -1.636719 9.483398
18.344 1 ATTITUDE -0.098389 -3.076416 -0.170898
18.350 1 DESIRED 0.06 0.07 5.9 -184. 526. 788. 2.
18.356 1 GPS 0 0 0 0 0 0 0 0 0 0 1
18.359 1 IMU_MAG -0.165527 -0.925293 -0.431152
18.362 1 GPS_SOL 0 0 0 0
18.387 1 NAVIGATION 0 1 0. 0. 310663.9 0. 0 0
18.424 1 ATTITUDE -0.093262 -3.071289 -0.168213
18.427 1 ESTIMATOR 0. 0.
18.546 1 ATTITUDE -0.088135 -3.075439 -0.165771
18.552 1 DESIRED 0.06 0.07 5.9 -184. 526. 788. 2.
18.555 1 WP_MOVED 2 504525.5 3566669.25 788. 12
18.558 1 IMU_GYRO 0.041992 -0.020264 -0.024658
18.563 1 NAVIGATION 0 1 0. 0. 310663.9 0. 0 0
18.565 1 CALIBRATION 0. 0
18.587 1 GPS 0 0 0 0 0 0 0 0 0 0 1
18.623 1 NAVIGATION 0 1 0. 0. 310663.9 0. 0 0
18.647 1 ATTITUDE -0.094971 -3.078125 -0.161621
18.649 1 STATE_FILTER_STATUS 3 0
18.702 1 COMMANDS 0,1011,1270
18.729 1 ATTITUDE -0.092285 -3.07666 -0.161377
18.735 1 DESIRED 0.06 0.07 5.9 -184. 526. 788. 2.
18.803 1 ACTUATORS 1000,1563,1538
18.831 1 ATTITUDE -0.075684 -3.097656 -0.161133
18.837 1 GPS 0 0 0 0 0 0 0 0 0 0 1
18.840 1 DOWNLINK_STATUS 19 15642 701 0 835. 38. 47.66
18.863 1 NAVIGATION 0 1 0. 0. 310663.9 0. 0 0
18.937 1 ATTITUDE -0.064209 -3.098389 -0.161865
18.942 1 DESIRED 0.05 0.06 5.9 -184. 526. 788. 2.
18.945 1 ESTIMATOR 0. 0.
18.948 1 BAT 0 116 0 0 0 45 45 0
19.030 1 ATTITUDE -0.062988 -3.099609 -0.163574
19.033 1 WP_MOVED 3 504415.6875 3566382. 768. 12
19.036 1 IMU_ACCEL 1.083984 -1.746094 9.521484
19.077 1 GPS 0 0 0 0 0 0 0 0 0 0 1
19.108 1 NAVIGATION 0 1 0. 0. 310663.9 0. 0 0
19.135 1 ATTITUDE -0.05835 -3.097656 -0.164062
19.141 1 DESIRED 0.06 0.05 5.9 -184. 526. 788. 2.
19.144 1 IMU_GYRO 0.019287 0.067627 -0.006348
19.224 1 ATTITUDE -0.054199 -3.105225 -0.163086
19.226 1 DL_VALUE 8 0.
19.336 1 ATTITUDE -0.053711 -3.108154 -0.162842
19.342 1 DESIRED 0.06 0.05 5.9 -184. 526. 788. 2.
19.348 1 GPS 0 0 0 0 0 0 0 0 0 0 1
19.377 1 NAVIGATION 0 1 0. 0. 310663.9 0. 0 0
19.425 1 ATTITUDE -0.053955 -3.109863 -0.162598
19.427 1 ESTIMATOR 0. 0.
19.539 1 ATTITUDE -0.054199 -3.10498 -0.162598
19.545 1 DESIRED 0.06 0.05 5.9 -184. 526. 788. 2.
19.549 1 WP_MOVED 4 504406. 3566514. 798. 12
19.553 1 NAVIGATION 0 1 0. 0. 310663.9 0. 0 0
19.582 1 GPS 0 0 0 0 0 0 0 0 0 0 1
19.613 1 NAVIGATION 0 1 0. 0. 310663.9 0. 0 0
19.615 1 FBW_STATUS 0 49 1 116 0
19.642 1 ATTITUDE -0.054199 -3.101807 -0.162354
19.645 1 IMU_MAG -0.174805 -0.999512 -0.412109
19.738 1 ATTITUDE -0.055176 -3.110107 -0.162354
19.744 1 DESIRED 0.1 0.03 5.9 -184. 526. 788. 2.
19.747 1 IMU_GYRO 0.016113 -0.038574 -0.006348
19.750 1 ENERGY 11.6 0. 0 0.
19.838 1 ATTITUDE -0.059082 -3.110596 -0.161865
19.841 1 DOWNLINK_STATUS 20 16426 736 0 784. 35. 47.66
19.844 1 GPS 0 0 0 0 0 0 0 0 0 0 1
19.847 1 IMU_ACCEL 1.046875 -1.564453 9.674805
19.851 1 ALIVE 4,16,102,57,235,79,132,191,234,171,254,194,198,0,191,193
19.879 1 NAVIGATION 0 1 0. 0. 310663.9 0. 0 0
19.935 1 ATTITUDE -0.074219 -3.095947 -0.161133
19.941 1 DESIRED 0.06 0.06 5.9 -184. 526. 788. 2.
19.943 1 ESTIMATOR 0. 0.
19.945 1 PPRZ_MODE 1 3 3 0 0 21
20.031 1 ATTITUDE -0.123535 -3.075439 -0.158691
20.034 1 WP_MOVED 5 504349.8125 3566237. 748. 12
20.037 1 BAT 0 116 0 0 0 46 46 0
20.077 1 GPS 0 0 0 0 0 0 0 0 0 0 1
20.108 1 NAVIGATION 0 1 0. 0. 310663.9 0. 0 0
20.137 1 ATTITUDE -0.151123 -3.040039 -0.157227
20.143 1 DESIRED 0.06 0.09 5.9 -184. 526. 788. 2.
20.225 1 ATTITUDE -0.141357 -3.042236 -0.156982
20.227 1 NAVIGATION_REF 504709 3566143 12
20.345 1 ATTITUDE -0.138672 -3.045654 -0.157227
20.350 1 DESIRED 0.06 0.09 5.9 -184. 526. 788. 2.
20.356 1 GPS 0 0 0 0 0 0 0 0 0 0 1
20.359 1 IMU_GYRO 0.014893 -0.024658 0.
20.362 1 GPS_SOL 0 0 0 0
20.392 1 NAVIGATION 0 1 0. 0. 310663.9 0. 0 0
20.393 1 PONG 
20.424 1 ATTITUDE -0.139893 -3.047607 -0.157227
20.426 1 ESTIMATOR 0. 0.
20.539 1 ATTITUDE -0.137695 -3.046631 -0.157471
20.545 1 DESIRED 0.06 0.09 5.9 -184. 526. 788. 2.
20.549 1 WP_MOVED 6 504252.90625 3565912.75 828. 12
20.553 1 NAVIGATION 0 1 0. 0. 310663.9 0. 0 0
20.579 1 GPS 0 0 0 0 0 0 0 0 0 0 1
20.608 1 NAVIGATION 0 1 0. 0. 310663.9 0. 0 0
20.636 1 ATTITUDE -0.13623 -3.041016 -0.157471
20.639 1 IMU_ACCEL 1.794922 -1.455078 9.55957
20.641 1 CALIBRATION 0. 0
20.731 1 ATTITUDE -0.137695 -3.045654 -0.157715
20.737 1 DESIRED 0.06 0.09 5.9 -184. 526. 788. 2.
20.739 1 DL_VALUE 9 0.
20.830 1 ATTITUDE -0.138672 -3.044922 -0.157715
20.836 1 GPS 0 0 0 0 0 0 0 0 0 0 1
20.837 1 STATE_FILTER_STATUS 3 0
20.841 1 DOWNLINK_STATUS 21 17317 777 0 891. 41. 58.82
20.861 1 NAVIGATION 0 1 0. 0. 310663.9 0. 0 0
20.940 1 ATTITUDE -0.129883 -3.048584 -0.157715
20.946 1 DESIRED 0.06 0.09 5.9 -184. 526. 788. 2.
20.948 1 ESTIMATOR 0. 0.
20.951 1 IMU_GYRO 0.00415 0.334961 0.011719
20.954 1 IMU_MAG -0.14502 -0.936523 -0.45459
21.028 1 ATTITUDE -0.076416 -3.076904 -0.160156
21.031 1 WP_MOVED 7 504375.90625 3566310.75 758. 12
21.033 1 DOWNLINK 4 818 1746
21.077 1 GPS 0 0 0 0 0 0 0 0 0 0 1
21.107 1 NAVIGATION 0 1 0. 0. 310663.9 0. 0 0
21.140 1 ATTITUDE -0.005371 -3.119141 -0.162842
21.146 1 DESIRED 0.06 0.03 5.9 -184. 526. 788. 2.
21.149 1 BAT 4 116 0 0 0 47 47 0
21.221 1 ATTITUDE 0.037598 -3.134033 -0.164307
21.336 1 ATTITUDE 0.048584 -3.13208 -0.164307
21.342 1 DESIRED 0.06 0.05 5.9 -184. 526. 788. 2.
21.347 1 GPS 0 0 0 0 0 0 0 0 0 0 1
21.376 1 NAVIGATION 0 1 0. 0. 310663.9 0. 0 0
21.428 1 ATTITUDE 0.049316 -3.124268 -0.164062
21.430 1 ESTIMATOR 0. 0.
21.434 1 IMU_ACCEL -0.111328 -1.564453 9.674805
21.543 1 ATTITUDE 0.052979 -3.129639 -0.16333
21.549 1 DESIRED 0.06 0.05 5.9 -184. 526. 788. 2.
21.552 1 WP_MOVED 8 504392.1875 3566138. 758. 12
21.555 1 IMU_GYRO 0.018311 0.140869 0.008545
21.560 1 NAVIGATION 0 1 0. 0. 310663.9 0. 0 0
21.585 1 GPS 0 0 0 0 0 0 0 0 0 0 1
21.611 1 FBW_STATUS 0 49 1 116 0
21.615 1 NAVIGATION 0 1 0. 0. 310663.9 0. 0 0
21.642 1 ATTITUDE 0.092529 -3.138672 -0.163086
21.729 1 ATTITUDE 0.145508 3.111328 -0.164551
21.735 1 DESIRED 0.06 0.09 5.9 -184. 526. 788. 2.
21.828 1 ATTITUDE 0.152344 3.124756 -0.164795
21.834 1 GPS 0 0 0 0 0 0 0 0 0 0 1
21.842 1 DOWNLINK_STATUS 22 18114 812 0 797. 35. 58.82
21.867 1 NAVIGATION 0 1 0. 0. 310663.9 0. 0 0
21.932 1 ATTITUDE 0.143555 3.134277 -0.164062
21.938 1 DESIRED 0.06 0.09 5.9 -184. 526. 788. 2.
21.940 1 ESTIMATOR 0. 0.
22.025 1 ATTITUDE 0.145752 3.125488 -0.163818
22.029 1 WP_MOVED 9 504579.6875 3566079.5 808. 12
22.077 1 GPS 0 0 0 0 0 0 0 0 0 0 1
22.128 1 NAVIGATION 0 1 0. 0. 310663.9 0. 0 0
22.153 1 ATTITUDE 0.144531 3.133301 -0.16333
22.160 1 DESIRED 0.06 0.09 5.9 -184. 526. 788. 2.
22.162 1 IMU_GYRO 0.016113 -0.046143 -0.00415
22.241 1 ATTITUDE 0.137939 3.134521 -0.162354
22.244 1 IMU_ACCEL -0.822266 -1.600586 9.674805
22.247 1 BAT 18 116 0 0 0 48 48 0
22.250 1 IMU_MAG -0.148926 -0.916992 -0.290039
22.252 1 DL_VALUE 10 0.
22.256 1 ENERGY 11.6 0. 0 0.
22.340 1 ATTITUDE 0.133057 3.131348 -0.161865
22.346 1 DESIRED 0.06 0.09 5.9 -184. 526. 788. 2.
22.352 1 GPS 0 0 0 0 0 0 0 0 0 0 1
22.354 1 GPS_SOL 0 0 0 0
22.382 1 NAVIGATION 0 1 0. 0. 310663.9 0. 0 0
22.424 1 ATTITUDE 0.13208 3.130615 -0.161621
22.427 1 ESTIMATOR 0. 0.
22.539 1 ATTITUDE 0.126953 3.12915 -0.160645
22.545 1 DESIRED 0.06 0.08 5.9 -184. 526. 788. 2.
22.548 1 WP_MOVED 10 504935.90625 3566096.5 798. 12
22.553 1 NAVIGATION 0 1 0. 0. 310663.9 0. 0 0
22.586 1 GPS 0 0 0 0 0 0 0 0 0 0 1
22.615 1 NAVIGATION 0 1 0. 0. 310663.9 0. 0 0
22.637 1 ATTITUDE 0.109375 -3.134277 -0.159668
22.735 1 ATTITUDE 0.057861 -3.135254 -0.156738
22.741 1 DESIRED 0.06 0.05 5.9 -184. 526. 788. 2.
22.744 1 IMU_GYRO 0.033203 -0.566406 -0.046143
22.746 1 CALIBRATION 0. 0
22.828 1 ATTITUDE 0.022461 -3.119141 -0.155762
22.834 1 GPS 0 0 0 0 0 0 0 0 0 0 1
22.843 1 DOWNLINK_STATUS 23 18945 849 0 831. 37. 58.82
22.859 1 NAVIGATION 0 1 0. 0. 310663.9 0. 0 0
22.932 1 ATTITUDE 0.037109 -3.126953 -0.155762
22.938 1 DESIRED 0.06 0.04 5.9 -184. 526. 788. 2.
22.940 1 ESTIMATOR 0. 0.
23.032 1 ATTITUDE 0.043945 -3.123535 -0.15625
23.035 1 WP_MOVED 0 504751. 3566185. 730. 12
23.038 1 IMU_ACCEL -0.037109 -1.455078 9.712891
23.040 1 STATE_FILTER_STATUS 3 0
23.077 1 GPS 0 0 0 0 0 0 0 0 0 0 1
23.108 1 NAVIGATION 0 1 0. 0. 310663.9 0. 0 0
23.135 1 ATTITUDE 0.038574 -3.113281 -0.15625
23.141 1 DESIRED 0.06 0.04 5.9 -184. 526. 788. 2.
23.221 1 ATTITUDE 0.04126 -3.122559 -0.156006
23.345 1 ATTITUDE 0.04248 -3.123291 -0.15625
23.351 1 DESIRED 0.06 0.05 5.9 -184. 526. 788. 2.
23.356 1 GPS 0 0 0 0 0 0 0 0 0 0 1
23.360 1 IMU_GYRO 0.011719 0.010742 -0.00415
23.363 1 BAT 0 116 0 0 0 49 49 0
23.390 1 NAVIGATION 0 1 0. 0. 310663.9 0. 0 0
23.424 1 ATTITUDE 0.044189 -3.114258 -0.156494
23.427 1 ESTIMATOR 0. 0.
23.543 1 ATTITUDE 0.047607 -3.122559 -0.156738
23.549 1 DESIRED 0.06 0.05 5.9 -184. 526. 788. 2.
23.553 1 WP_MOVED 1 504709. 3566143. 738. 12
23.557 1 NAVIGATION 0 1 0. 0. 310663.9 0. 0 0
23.560 1 IMU_MAG -0.14502 -0.932129 -0.348145
23.590 1 GPS 0 0 0 0 0 0 0 0 0 0 1
23.617 1 FBW_STATUS 0 49 1 116 0
23.628 1 NAVIGATION 0 1 0. 0. 310663.9 0. 0 0
23.650 1 ATTITUDE 0.049561 -3.124268 -0.157227
23.703 1 COMMANDS 0,72,1135
23.734 1 ATTITUDE 0.050049 -3.12793 -0.156982
23.740 1 DESIRED 0.06 0.05 5.9 -184. 526. 788. 2.
23.741 1 DL_VALUE 0 0.
23.803 1 ACTUATORS 1000,1558,1503
23.833 1 ATTITUDE 0.050293 -3.127197 -0.157227
23.838 1 GPS 0 0 0 0 0 0 0 0 0 0 1
23.842 1 IMU_ACCEL -0.074219 -1.491211 9.674805
23.844 1 DOWNLINK_STATUS 24 19777 887 0 832. 38. 58.82
23.872 1 NAVIGATION 0 1 0. 0. 310663.9 0. 0 0
23.936 1 ATTITUDE 0.050049 -3.12085 -0.157227
23.942 1 DESIRED 0.06 0.05 5.9 -184. 526. 788. 2.
23.944 1 ESTIMATOR 0. 0.
23.948 1 IMU_GYRO 0.012695 -0.001953 -0.005371
24.026 1 ATTITUDE 0.050293 3.135254 -0.156738
24.029 1 WP_MOVED 2 504525.5 3566669.25 788. 12
24.077 1 GPS 0 0 0 0 0 0 0 0 0 0 1
24.108 1 NAVIGATION 0 1 0. 0. 310663.9 0. 0 0
24.132 1 ATTITUDE 0.049316 -3.137207 -0.156982
24.139 1 DESIRED 0.06 0.05 5.9 -184. 526. 788. 2.
24.221 1 ATTITUDE 0.048828 3.137695 -0.156982
24.340 1 ATTITUDE 0.048584 3.140625 -0.157227
24.346 1 DESIRED 0.06 0.05 5.9 -184. 526. 788. 2.
24.352 1 GPS 0 0 0 0 0 0 0 0 0 0 1
24.355 1 GPS_SOL 0 0 0 0
24.379 1 NAVIGATION 0 1 0. 0. 310663.9 0. 0 0
24.429 1 ATTITUDE 0.052979 -3.141357 -0.157959
24.432 1 ESTIMATOR 0. 0.
24.435 1 BAT 14 116 0 0 0 50 50 0
24.543 1 ATTITUDE 0.05542 3.139404 -0.157959
24.549 1 DESIRED 0.06 0.05 5.9 -184. 526. 788. 2.
24.553 1 WP_MOVED 3 504415.6875 3566382. 768. 12
24.556 1 IMU_GYRO 0.016113 0.031006 -0.009521
24.560 1 NAVIGATION 0 1 0. 0. 310663.9 0. 0 0
24.584 1 GPS 0 0 0 0 0 0 0 0 0 0 1
24.610 1 NAVIGATION 0 1 0. 0. 310663.9 0. 0 0
24.636 1 ATTITUDE 0.053467 3.137207 -0.157959
24.639 1 IMU_ACCEL 0. -1.52832 9.445312
24.734 1 ATTITUDE 0.050293 3.139893 -0.157227
24.739 1 DESIRED 0.06 0.05 5.9 -184. 526. 788. 2.
24.743 1 ENERGY 11.6 0. 0 0.
24.841 1 ATTITUDE 0.051758 -3.139404 -0.156982
24.845 1 DOWNLINK_STATUS 25 20535 920 0 758. 33. 58.82
24.846 1 GPS 0 0 0 0 0 0 0 0 0 0 1
24.849 1 IMU_MAG -0.159668 -0.947266 -0.346191
24.851 1 CALIBRATION 0. 0
24.855 1 ALIVE 4,16,102,57,235,79,132,191,234,171,254,194,198,0,191,193
24.879 1 NAVIGATION 0 1 0. 0. 310663.9 0. 0 0
24.935 1 ATTITUDE 0.053467 -3.134766 -0.156982
24.941 1 DESIRED 0.05 0.05 5.9 -184. 526. 788. 2.
24.943 1 ESTIMATOR 0. 0.
24.945 1 PPRZ_MODE 1 3 3 0 0 21
25.026 1 ATTITUDE 0.048828 -3.127441 -0.155518
25.029 1 WP_MOVED 4 504406. 3566514. 798. 12
25.077 1 GPS 0 0 0 0 0 0 0 0 0 0 1
25.108 1 NAVIGATION 0 1 0. 0. 310663.9 0. 0 0
25.141 1 ATTITUDE 0.044922 -3.119629 -0.154053
25.147 1 DESIRED 0.06 0.05 5.9 -184. 526. 788. 2.
25.150 1 IMU_GYRO 0.016113 -0.016113 0.001953
25.225 1 ATTITUDE 0.044678 -3.123535 -0.153076
25.227 1 DL_VALUE 1 0.
25.229 1 STATE_FILTER_STATUS 3 0
25.336 1 ATTITUDE 0.044678 -3.119141 -0.15332
25.342 1 DESIRED 0.06 0.05 5.9 -184. 526. 788. 2.
25.347 1 GPS 0 0 0 0 0 0 0 0 0 0 1
25.376 1 NAVIGATION 0 1 0. 0. 310663.9 0. 0 0
25.377 1 PONG 
25.428 1 ATTITUDE 0.042236 -3.120361 -0.15332
25.430 1 ESTIMATOR 0. 0.
25.455 1 WIND_INFO 1 42 0. 0. 0.
25.459 1 IMU_ACCEL 0.037109 -1.491211 9.483398
25.543 1 ATTITUDE 0.042236 -3.114502 -0.1521
25.549 1 DESIRED 0.06 0.05 5.9 -184. 526. 788. 2.
25.553 1 WP_MOVED 5 504349.8125 3566237. 748. 12
25.557 1 NAVIGATION 0 1 0. 0. 310663.9 0. 0 0
25.561 1 BAT 0 116 0 0 0 51 51 0
25.586 1 GPS 0 0 0 0 0 0 0 0 0 0 1
25.612 1 FBW_STATUS 0 48 1 116 0
25.616 1 NAVIGATION 0 1 0. 0. 310663.9 0. 0 0
25.639 1 ATTITUDE 0.046387 -3.115967 -0.146973
25.732 1 ATTITUDE 0.054688 -3.117188 -0.133545
25.738 1 DESIRED 0.06 0.05 5.9 -184. 526. 788. 2.
25.741 1 IMU_GYRO 0.200195 0.114014 -0.014893
25.828 1 ATTITUDE 0.065674 -3.110107 -0.118408
25.834 1 GPS 0 0 0 0 0 0 0 0 0 0 1
25.845 1 DOWNLINK_STATUS 26 21426 961 0 891. 41. 42.05
25.867 1 NAVIGATION 0 1 0. 0. 310663.9 0. 0 0
25.932 1 ATTITUDE 0.06958 -3.10376 -0.103516
25.938 1 DESIRED 0.06 0.06 5.9 -184. 526. 788. 2.
25.940 1 ESTIMATOR 0. 0.
26.025 1 ATTITUDE 0.078857 -3.100586 -0.087646
26.049 1 WP_MOVED 6 504252.90625 3565912.75 828. 12
26.078 1 GPS 0 0 0 0 0 0 0 0 0 0 1
26.107 1 NAVIGATION 0 1 0. 0. 310663.9 0. 0 0
26.142 1 ATTITUDE 0.075928 -3.086426 -0.076416
26.148 1 DESIRED 0.05 0.06 5.9 -184. 526. 788. 2.
26.151 1 IMU_MAG -0.10791 -0.971191 -0.30957
26.153 1 DOWNLINK 4 823 1933
26.225 1 ATTITUDE 0.077637 -3.080322 -0.062256
26.228 1 IMU_ACCEL -0.111328 -0.727539 9.712891
26.344 1 ATTITUDE 0.082031 -3.074219 -0.049316
26.350 1 DESIRED 0.06 0.06 5.9 -184. 526. 788. 2.
26.355 1 GPS 0 0 0 0 0 0 0 0 0 0 1
26.359 1 IMU_GYRO 0.137695 0.078613 0.030029
26.361 1 GPS_SOL 0 0 0 0
26.385 1 NAVIGATION 0 1 0. 0. 310663.9 0. 0 0
26.424 1 ATTITUDE 0.090088 -3.077393 -0.035645
26.427 1 ESTIMATOR 0. 0.
26.539 1 ATTITUDE 0.099609 -3.057861 -0.021973
26.545 1 DESIRED 0.06 0.07 5.9 -184. 526. 788. 2.
26.548 1 WP_MOVED 7 504375.90625 3566310.75 758. 12
26.553 1 NAVIGATION 0 1 0. 0. 310663.9 0. 0 0
26.580 1 GPS 0 0 0 0 0 0 0 0 0 0 1
26.611 1 NAVIGATION 0 1 0. 0. 310663.9 0. 0 0
26.643 1 ATTITUDE 0.105957 -3.055176 -0.007324
26.647 1 BAT 0 116 0 0 0 53 53 0
26.731 1 ATTITUDE 0.113525 -3.040771 0.007568
26.737 1 DESIRED 0.06 0.08 5.9 -184. 526. 788. 2.
26.739 1 DL_VALUE 2 788.
26.828 1 ATTITUDE 0.118408 -3.027588 0.023438
26.834 1 GPS 0 0 0 0 0 0 0 0 0 0 1
26.846 1 DOWNLINK_STATUS 27 22219 996 0 793. 35. 42.05
26.859 1 NAVIGATION 0 1 0. 0. 310663.9 0. 0 0
26.938 1 ATTITUDE 0.124023 -3.015137 0.037598
26.944 1 DESIRED 0.06 0.08 5.9 -184. 526. 788. 2.
26.947 1 ESTIMATOR 0. 0.
26.950 1 IMU_GYRO 0.1604 0.049316 0.027832
26.952 1 CALIBRATION 0. 0
27.030 1 ATTITUDE 0.131104 -3.00415 0.053711
27.033 1 WP_MOVED 8 504392.1875 3566138. 758. 12
27.036 1 IMU_ACCEL -0.822266 0.472656 9.789062
27.077 1 GPS 0 0 0 0 0 0 0 0 0 0 1
27.108 1 NAVIGATION 0 1 0. 0. 310663.9 0. 0 0
27.135 1 ATTITUDE 0.13501 -2.996826 0.066895
27.141 1 DESIRED 0.06 0.09 5.9 -184. 526. 788. 2.
27.226 1 ATTITUDE 0.133301 -2.991211 0.078125
27.229 1 ENERGY 11.6 0. 0 0.
27.336 1 ATTITUDE 0.133789 -2.985107 0.084473
27.342 1 DESIRED 0.06 0.09 5.9 -184. 526. 788. 2.
27.348 1 GPS 0 0 0 0 0 0 0 0 0 0 1
27.375 1 NAVIGATION 0 1 0. 0. 310663.9 0. 0 0
27.430 1 ATTITUDE 0.13501 -2.984619 0.081543
27.433 1 ESTIMATOR 0. 0.
27.436 1 IMU_MAG 0.005371 -1.041016 -0.243652
27.437 1 STATE_FILTER_STATUS 3 0
27.543 1 ATTITUDE 0.136963 -2.988525 0.077881
27.549 1 DESIRED 0.06 0.09 5.9 -184. 526. 788. 2.
27.553 1 WP_MOVED 9 504579.6875 3566079.5 808. 12
27.556 1 IMU_GYRO -0.087158 0.020264 -0.019287
27.560 1 NAVIGATION 0 1 0. 0. 310663.9 0. 0 0
27.590 1 GPS 0 0 0 0 0 0 0 0 0 0 1
27.616 1 NAVIGATION 0 1 0. 0. 310663.9 0. 0 0
27.619 1 FBW_STATUS 0 49 1 116 0
27.641 1 ATTITUDE 0.139648 -2.997803 0.064453
27.733 1 ATTITUDE 0.143799 -3.009277 0.050781
27.739 1 DESIRED 0.06 0.09 5.9 -184. 526. 788. 2.
27.743 1 BAT 1 116 0 0 0 54 54 0
27.833 1 ATTITUDE 0.162109 -3.018799 0.049316
27.838 1 GPS 0 0 0 0 0 0 0 0 0 0 1
27.841 1 IMU_ACCEL -1.121094 0.544922 9.483398
27.847 1 DOWNLINK_STATUS 28 23063 1034 0 844. 38. 42.05
27.863 1 NAVIGATION 0 1 0. 0. 310663.9 0. 0 0
27.932 1 ATTITUDE 0.165283 -3.025635 0.04248
27.938 1 DESIRED 0.06 0.1 5.9 -184. 526. 788. 2.
27.940 1 ESTIMATOR 0. 0.
28.026 1 ATTITUDE 0.167236 -3.026855 0.035156
28.029 1 WP_MOVED 10 504935.90625 3566096.5 798. 12
28.077 1 GPS 0 0 0 0 0 0 0 0 0 0 1
28.108 1 NAVIGATION 0 1 0. 0. 310663.9 0. 0 0
28.133 1 ATTITUDE 0.170166 -3.029785 0.024414
28.139 1 DESIRED 0.06 0.1 5.9 -184. 526. 788. 2.
28.142 1 IMU_GYRO -0.120605 0.016113 -0.045166
28.224 1 ATTITUDE 0.169678 -3.049561 0.009766
28.226 1 DL_VALUE 3 0.
28.340 1 ATTITUDE 0.172607 -3.076904 -0.009277
28.346 1 DESIRED 0.06 0.1 5.9 -184. 526. 788. 2.
28.352 1 GPS 0 0 0 0 0 0 0 0 0 0 1
28.355 1 GPS_SOL 0 0 0 0
28.385 1 NAVIGATION 0 1 0. 0. 310663.9 0. 0 0
28.424 1 ATTITUDE 0.17749 -3.061279 -0.015137
28.427 1 ESTIMATOR 0. 0.
28.539 1 ATTITUDE 0.174805 -3.064453 -0.019775
28.545 1 DESIRED 0.06 0.1 5.9 -184. 526. 788. 2.
28.549 1 WP_MOVED 0 504751. 3566185. 730. 12
28.553 1 NAVIGATION 0 1 0. 0. 310663.9 0. 0 0
28.580 1 GPS 0 0 0 0 0 0 0 0 0 0 1
28.608 1 NAVIGATION 0 1 0. 0. 310663.9 0. 0 0
28.637 1 ATTITUDE 0.169678 -3.069824 -0.022949
28.640 1 IMU_ACCEL -1.308594 -0.253906 9.904297
28.703 1 COMMANDS 17,-668,674
28.737 1 ATTITUDE 0.159424 -3.068848 -0.022461
28.743 1 DESIRED 0.06 0.1 5.9 -184. 526. 788. 2.
28.746 1 IMU_GYRO 0.060303 -0.061279 -0.006348
28.749 1 IMU_MAG -0.068848 -1.051758 -0.255371
28.803 1 ACTUATORS 1000,1533,1465
28.834 1 ATTITUDE 0.159668 -3.064209 -0.019775
28.840 1 GPS 0 0 0 0 0 0 0 0 0 0 1
28.843 1 BAT 21 116 0 0 0 55 55 0
28.848 1 DOWNLINK_STATUS 29 23889 1071 0 826. 37. 42.05
28.874 1 NAVIGATION 0 1 0. 0. 310663.9 0. 0 0
28.932 1 ATTITUDE 0.171631 -3.070312 -0.020264
28.938 1 DESIRED 0.06 0.1 5.9 -184. 526. 788. 2.
28.941 1 ESTIMATOR 0. 0.
29.028 1 ATTITUDE 0.171387 -3.072021 -0.020996
29.032 1 WP_MOVED 1 504709. 3566143. 738. 12
29.034 1 CALIBRATION 0. 0
29.077 1 GPS 0 0 0 0 0 0 0 0 0 0 1
29.108 1 NAVIGATION 0 1 0. 0. 310663.9 0. 0 0
29.135 1 ATTITUDE 0.15332 -3.075439 -0.034668
29.141 1 DESIRED 0.06 0.09 5.9 -184. 526. 788. 2.
29.225 1 ATTITUDE 0.14624 -3.072266 -0.039062
29.227 1 NAVIGATION_REF 504709 3566143 12
29.341 1 ATTITUDE 0.140869 -3.080566 -0.042969
29.346 1 DESIRED 0.06 0.09 5.9 -184. 526. 788. 2.
29.352 1 GPS 0 0 0 0 0 0 0 0 0 0 1
29.355 1 IMU_GYRO 0.033203 0.030029 -0.018311
29.382 1 NAVIGATION 0 1 0. 0. 310663.9 0. 0 0
29.429 1 ATTITUDE 0.146729 -3.078613 -0.041016
29.431 1 ESTIMATOR 0. 0.
29.434 1 IMU_ACCEL -1.121094 -0.217773 9.445312
29.539 1 ATTITUDE 0.144531 -3.080322 -0.044678
29.545 1 DESIRED 0.06 0.09 5.9 -184. 526. 788. 2.
29.549 1 WP_MOVED 2 504525.5 3566669.25 788. 12
29.553 1 NAVIGATION 0 1 0. 0. 310663.9 0. 0 0
29.583 1 GPS 0 0 0 0 0 0 0 0 0 0 1
29.608 1 FBW_STATUS 0 48 1 116 0
29.613 1 NAVIGATION 0 1 0. 0. 310663.9 0. 0 0
29.635 1 ATTITUDE 0.135986 -3.078613 -0.049805
29.637 1 STATE_FILTER_STATUS 3 0
29.735 1 ATTITUDE 0.123291 -3.09082 -0.062256
29.741 1 DESIRED 0.06 0.08 5.9 -184. 526. 788. 2.
29.743 1 DL_VALUE 4 0.
29.747 1 ENERGY 11.6 0. 0 0.
29.833 1 ATTITUDE 0.121338 -3.094971 -0.073242
29.839 1 GPS 0 0 0 0 0 0 0 0 0 0 1
29.843 1 ALIVE 4,16,102,57,235,79,132,191,234,171,254,194,198,0,191,193
29.849 1 DOWNLINK_STATUS 30 24708 1108 0 819. 37. 42.05
29.868 1 NAVIGATION 0 1 0. 0. 310663.9 0. 0 0
29.943 1 ATTITUDE 0.112061 -3.099365 -0.085693
29.949 1 DESIRED 0.06 0.07 5.9 -184. 526. 788. 2.
29.951 1 ESTIMATOR 0. 0.
29.954 1 IMU_GYRO -0.089355 -0.018311 -0.040771
29.958 1 BAT 0 116 0 0 0 56 56 0
29.960 1 PPRZ_MODE 1 3 3 0 0 21
30.029 1 ATTITUDE 0.115723 -3.109131 -0.0979
30.033 1 WP_MOVED 3 504415.6875 3566382. 768. 12
30.036 1 IMU_MAG -0.137695 -0.949219 -0.286133
30.077 1 GPS 0 0 0 0 0 0 0 0 0 0 1
30.107 1 NAVIGATION 0 1 0. 0. 310663.9 0. 0 0
30.137 1 ATTITUDE 0.117188 3.140137 -0.11499
30.144 1 DESIRED 0.05 0.08 5.9 -184. 526. 788. 2.
30.225 1 ATTITUDE 0.10083 -3.131836 -0.123291
30.228 1 IMU_ACCEL -0.485352 -1.30957 9.636719
30.340 1 ATTITUDE 0.06665 -3.121338 -0.11792
30.345 1 DESIRED 0.06 0.06 5.9 -184. 526. 788. 2.
30.351 1 GPS 0 0 0 0 0 0 0 0 0 0 1
30.354 1 GPS_SOL 0 0 0 0
30.387 1 NAVIGATION 0 1 0. 0. 310663.9 0. 0 0
30.388 1 PONG 
30.424 1 ATTITUDE 0.021729 -3.091797 -0.112793
30.426 1 ESTIMATOR 0. 0.
30.543 1 ATTITUDE -0.006104 -3.09082 -0.109131
30.549 1 DESIRED 0.06 0.03 5.9 -184. 526. 788. 2.
30.552 1 WP_MOVED 4 504406. 3566514. 798. 12
30.555 1 IMU_GYRO 0.025635 -0.053711 0.001953
30.560 1 NAVIGATION 0 1 0. 0. 310663.9 0. 0 0
30.586 1 GPS 0 0 0 0 0 0 0 0 0 0 1
30.612 1 NAVIGATION 0 1 0. 0. 310663.9 0. 0 0
30.640 1 ATTITUDE 0.006836 -3.088379 -0.108887
30.729 1 ATTITUDE 0.035156 -3.097656 -0.106445
30.734 1 DESIRED 0.06 0.04 5.9 -184. 526. 788. 2.
30.828 1 ATTITUDE 0.042236 -3.103271 -0.102051
30.834 1 GPS 0 0 0 0 0 0 0 0 0 0 1
30.850 1 DOWNLINK_STATUS 31 25515 1144 0 807. 36. 52.67
30.862 1 NAVIGATION 0 1 0. 0. 310663.9 0. 0 0
30.932 1 ATTITUDE 0.057617 -3.091797 -0.093262
30.938 1 DESIRED 0.06 0.05 5.9 -184. 526. 788. 2.
30.940 1 ESTIMATOR 0. 0.
31.034 1 ATTITUDE 0.070068 -3.092041 -0.091309
31.037 1 WP_MOVED 5 504349.8125 3566237. 748. 12
31.040 1 IMU_ACCEL -0.186523 -0.873047 9.55957
31.044 1 BAT 0 116 0 0 0 57 57 0
31.077 1 GPS 0 0 0 0 0 0 0 0 0 0 1
31.108 1 NAVIGATION 0 1 0. 0. 310663.9 0. 0 0
31.137 1 ATTITUDE 0.069336 -3.094482 -0.091553
31.143 1 DESIRED 0.06 0.06 5.9 -184. 526. 788. 2.
31.146 1 IMU_GYRO 0.00415 0. -0.008545
31.148 1 CALIBRATION 0. 0
31.226 1 ATTITUDE 0.070557 -3.096191 -0.092529
31.228 1 DL_VALUE 5 0.
31.230 1 DOWNLINK 4 817 2121
31.340 1 ATTITUDE 0.071533 -3.09082 -0.092773
31.346 1 DESIRED 0.06 0.06 5.9 -184. 526. 788. 2.
31.352 1 GPS 0 0 0 0 0 0 0 0 0 0 1
31.355 1 IMU_MAG -0.113281 -0.956055 -0.319336
31.385 1 NAVIGATION 0 1 0. 0. 310663.9 0. 0 0
31.424 1 ATTITUDE 0.071045 -3.095947 -0.093018
31.426 1 ESTIMATOR 0. 0.
31.539 1 ATTITUDE 0.068848 -3.092773 -0.092773
31.545 1 DESIRED 0.06 0.06 5.9 -184. 526. 788. 2.
31.548 1 WP_MOVED 6 504252.90625 3565912.75 828. 12
31.553 1 NAVIGATION 0 1 0. 0. 310663.9 0. 0 0
31.580 1 GPS 0 0 0 0 0 0 0 0 0 0 1
31.609 1 FBW_STATUS 0 49 1 116 0
31.613 1 NAVIGATION 0 1 0. 0. 310663.9 0. 0 0
31.659 1 ATTITUDE 0.06665 -3.092041 -0.091797
31.733 1 ATTITUDE 0.065674 -3.09668 -0.090576
31.739 1 DESIRED 0.06 0.06 5.9 -184. 526. 788. 2.
31.742 1 IMU_GYRO 0.009521 -0.046143 -0.009521
31.835 1 ATTITUDE 0.059326 -3.093018 -0.091309
31.840 1 GPS 0 0 0 0 0 0 0 0 0 0 1
31.843 1 IMU_ACCEL -0.186523 -0.836914 9.674805
31.845 1 STATE_FILTER_STATUS 3 0
31.851 1 DOWNLINK_STATUS 32 26361 1183 0 846. 39. 52.67
31.877 1 NAVIGATION 0 1 0. 0. 310663.9 0. 0 0
31.932 1 ATTITUDE 0.047852 -3.081055 -0.092041
31.938 1 DESIRED 0.06 0.05 5.9 -184. 526. 788. 2.
31.940 1 ESTIMATOR 0. 0.
32.026 1 ATTITUDE 0.032959 -3.087891 -0.093506
32.029 1 WP_MOVED 7 504375.90625 3566310.75 758. 12
32.077 1 GPS 0 0 0 0 0 0 0 0 0 0 1
32.108 1 NAVIGATION 0 1 0. 0. 310663.9 0. 0 0
32.137 1 ATTITUDE 0.027588 -3.080322 -0.093994
32.143 1 DESIRED 0.06 0.04 5.9 -184. 526. 788. 2.
32.147 1 BAT 0 116 0 0 0 58 58 0
32.226 1 ATTITUDE 0.030029 -3.091797 -0.094238
32.229 1 ENERGY 11.6 0. 0 0.
32.344 1 ATTITUDE 0.031494 -3.088867 -0.095215
32.350 1 DESIRED 0.06 0.04 5.9 -184. 526. 788. 2.
32.356 1 GPS 0 0 0 0 0 0 0 0 0 0 1
32.359 1 IMU_GYRO 0.009521 0.018311 -0.000977
32.362 1 GPS_SOL 0 0 0 0
32.387 1 NAVIGATION 0 1 0. 0. 310663.9 0. 0 0
32.424 1 ATTITUDE 0.033203 -3.083252 -0.095459
32.427 1 ESTIMATOR 0. 0.
32.539 1 ATTITUDE 0.036377 -3.093018 -0.095459
32.545 1 DESIRED 0.06 0.04 5.9 -184. 526. 788. 2.
32.549 1 WP_MOVED 8 504392.1875 3566138. 758. 12
32.553 1 NAVIGATION 0 1 0. 0. 310663.9 0. 0 0
32.579 1 GPS 0 0 0 0 0 0 0 0 0 0 1
32.608 1 NAVIGATION 0 1 0. 0. 310663.9 0. 0 0
32.638 1 ATTITUDE 0.039307 -3.091553 -0.095703
32.638 1 IMU_ACCEL -0.037109 -0.873047 9.55957
32.640 1 IMU_MAG -0.113281 -0.966797 -0.340332
32.731 1 ATTITUDE 0.040771 -3.09375 -0.095459
32.737 1 DESIRED 0.06 0.05 5.9 -184. 526. 788. 2.
32.739 1 DL_VALUE 6 120.
32.829 1 ATTITUDE 0.04248 -3.095459 -0.095947
32.834 1 GPS 0 0 0 0 0 0 0 0 0 0 1
32.852 1 DOWNLINK_STATUS 33 27163 1218 0 802. 35. 52.67
32.861 1 NAVIGATION 0 1 0. 0. 310663.9 0. 0 0
32.936 1 ATTITUDE 0.046143 -3.093018 -0.096191
32.942 1 DESIRED 0.06 0.05 5.9 -184. 526. 788. 2.
32.944 1 ESTIMATOR 0. 0.
32.947 1 IMU_GYRO 0.012695 0.01709 -0.003174
33.026 1 ATTITUDE 0.046631 -3.095215 -0.095703
33.029 1 WP_MOVED 9 504579.6875 3566079.5 808. 12
33.077 1 GPS 0 0 0 0 0 0 0 0 0 0 1
33.108 1 NAVIGATION 0 1 0. 0. 310663.9 0. 0 0
33.138 1 ATTITUDE 0.051758 -3.093262 -0.096436
33.142 1 DESIRED 0.06 0.05 5.9 -184. 526. 788. 2.
33.228 1 ATTITUDE 0.060791 -3.105225 -0.09668
33.252 1 BAT 0 116 0 0 0 59 59 0
33.254 1 CALIBRATION 0. 0
33.336 1 ATTITUDE 0.061523 -3.098633 -0.09668
33.342 1 DESIRED 0.06 0.05 5.9 -184. 526. 788. 2.
33.348 1 GPS 0 0 0 0 0 0 0 0 0 0 1
33.376 1 NAVIGATION 0 1 0. 0. 310663.9 0. 0 0
33.429 1 ATTITUDE 0.059082 -3.085938 -0.095703
33.431 1 ESTIMATOR 0. 0.
33.434 1 IMU_ACCEL -0.149414 -0.873047 9.750977
33.543 1 ATTITUDE 0.060059 -3.092285 -0.094971
33.549 1 DESIRED 0.06 0.05 5.9 -184. 526. 788. 2.
33.553 1 WP_MOVED 10 504935.90625 3566096.5 798. 12
33.556 1 IMU_GYRO 0.016113 0.007324 0.005371
33.560 1 NAVIGATION 0 1 0. 0. 310663.9 0. 0 0
33.587 1 GPS 0 0 0 0 0 0 0 0 0 0 1
33.611 1 FBW_STATUS 0 49 1 116 0
33.616 1 NAVIGATION 0 1 0. 0. 310663.9 0. 0 0
33.644 1 ATTITUDE 0.060547 -3.091309 -0.094482
33.703 1 COMMANDS 5,-7,830
33.733 1 ATTITUDE 0.059814 -3.097412 -0.093994
33.739 1 DESIRED 0.05 0.06 5.9 -184. 526. 788. 2.
33.803 1 ACTUATORS 1000,1541,1500
33.829 1 ATTITUDE 0.057373 -3.095215 -0.094482
33.835 1 GPS 0 0 0 0 0 0 0 0 0 0 1
33.853 1 DOWNLINK_STATUS 34 27968 1254 0 805. 36. 52.67
33.857 1 NAVIGATION 0 1 0. 0. 310663.9 0. 0 0
33.935 1 ATTITUDE 0.056885 -3.099854 -0.094482
33.941 1 DESIRED 0.05 0.05 5.9 -184. 526. 788. 2.
33.944 1 ESTIMATOR 0. 0.
33.947 1 IMU_MAG -0.115234 -0.949219 -0.324707
34.027 1 ATTITUDE 0.055664 -3.093506 -0.09375
34.031 1 WP_MOVED 0 504751. 3566185. 730. 12
34.032 1 STATE_FILTER_STATUS 3 0
34.077 1 GPS 0 0 0 0 0 0 0 0 0 0 1
34.108 1 NAVIGATION 0 1 0. 0. 310663.9 0. 0 0
34.139 1 ATTITUDE 0.055664 -3.089355 -0.093994
34.142 1 DESIRED 0.06 0.05 5.9 -184. 526. 788. 2.
34.145 1 IMU_GYRO 0.010742 0.012695 -0.000977
34.227 1 ATTITUDE 0.057373 -3.102539 -0.093994
34.230 1 IMU_ACCEL -0.186523 -0.982422 9.674805
34.232 1 DL_VALUE 7 1.
34.344 1 ATTITUDE 0.058105 -3.097412 -0.093994
34.350 1 DESIRED 0.06 0.05 5.9 -184. 526. 788. 2.
34.356 1 GPS 0 0 0 0 0 0 0 0 0 0 1
34.359 1 BAT 0 116 0 0 0 60 60 0
34.362 1 GPS_SOL 0 0 0 0
34.386 1 NAVIGATION 0 1 0. 0. 310663.9 0. 0 0
34.424 1 ATTITUDE 0.057861 -3.093994 -0.094238
34.426 1 ESTIMATOR 0. 0.
34.539 1 ATTITUDE 0.057617 -3.095459 -0.094238
34.545 1 DESIRED 0.06 0.05 5.9 -184. 526. 788. 2.
34.548 1 WP_MOVED 1 504709. 3566143. 738. 12
34.553 1 NAVIGATION 0 1 0. 0. 310663.9 0. 0 0
34.580 1 GPS 0 0 0 0 0 0 0 0 0 0 1
34.607 1 NAVIGATION 0 1 0. 0. 310663.9 0. 0 0
34.632 1 ATTITUDE 0.05835 -3.087158 -0.094482
34.737 1 ATTITUDE 0.057861 -3.09082 -0.094482
34.743 1 DESIRED 0.06 0.05 5.9 -184. 526. 788. 2.
34.746 1 IMU_GYRO 0.012695 0.000977 0.005371
34.749 1 ENERGY 11.6 0. 0 0.
34.833 1 ATTITUDE 0.058594 -3.098633 -0.094482
34.839 1 GPS 0 0 0 0 0 0 0 0 0 0 1
34.853 1 DOWNLINK_STATUS 35 28797 1291 0 829. 37. 52.67
34.862 1 ALIVE 4,16,102,57,235,79,132,191,234,171,254,194,198,0,191,193
34.890 1 NAVIGATION 0 1 0. 0. 310663.9 0. 0 0
34.934 1 ATTITUDE 0.057617 -3.093262 -0.094727
34.940 1 DESIRED 0.06 0.05 5.9 -184. 526. 788. 2.
34.943 1 ESTIMATOR 0. 0.
34.945 1 PPRZ_MODE 1 3 3 0 0 21
35.029 1 ATTITUDE 0.057129 -3.091797 -0.094482
35.033 1 WP_MOVED 2 504525.5 3566669.25 788. 12
35.036 1 IMU_ACCEL -0.111328 -0.982422 9.674805
35.077 1 GPS 0 0 0 0 0 0 0 0 0 0 1
35.107 1 NAVIGATION 0 1 0. 0. 310663.9 0. 0 0
35.133 1 ATTITUDE 0.055664 -3.085693 -0.094238
35.141 1 DESIRED 0.06 0.05 5.9 -184. 526. 788. 2.
35.225 1 ATTITUDE 0.055664 -3.096924 -0.093262
35.228 1 IMU_MAG -0.109375 -0.966797 -0.328613
35.342 1 ATTITUDE 0.055664 -3.092285 -0.093018
35.348 1 DESIRED 0.06 0.05 5.9 -184. 526. 788. 2.
35.354 1 GPS 0 0 0 0 0 0 0 0 0 0 1
35.357 1 IMU_GYRO 0.009521 -0.005371 0.000977
35.359 1 CALIBRATION 0. 0
35.387 1 NAVIGATION 0 1 0. 0. 310663.9 0. 0 0
35.411 1 PONG 
35.438 1 ATTITUDE 0.05542 -3.08667 -0.093262
35.441 1 ESTIMATOR 0. 0.
35.444 1 BAT 0 116 0 0 0 61 61 0
35.456 1 WIND_INFO 1 42 0. 0. 0.
35.546 1 ATTITUDE 0.05542 -3.098633 -0.092285
35.546 1 DESIRED 0.06 0.05 5.9 -184. 526. 788. 2.
35.548 1 WP_MOVED 3 504415.6875 3566382. 768. 12
35.553 1 NAVIGATION 0 1 0. 0. 310663.9 0. 0 0
35.583 1 GPS 0 0 0 0 0 0 0 0 0 0 1
35.608 1 FBW_STATUS 0 49 1 116 0
35.613 1 NAVIGATION 0 1 0. 0. 310663.9 0. 0 0
35.641 1 ATTITUDE 0.05542 -3.095459 -0.092285
35.731 1 ATTITUDE 0.055176 -3.094971 -0.092041
35.737 1 DESIRED 0.06 0.05 5.9 -184. 526. 788. 2.
35.739 1 DL_VALUE 8 0.
35.832 1 ATTITUDE 0.055664 -3.09375 -0.091309
35.838 1 GPS 0 0 0 0 0 0 0 0 0 0 1
35.841 1 IMU_ACCEL -0.186523 -0.836914 9.636719
35.853 1 DOWNLINK_STATUS 36 29646 1330 0 849. 39. 74.73
35.863 1 NAVIGATION 0 1 0. 0. 310663.9 0. 0 0
35.936 1 ATTITUDE 0.055176 -3.087891 -0.09082
35.942 1 DESIRED 0.06 0.05 5.9 -184. 526. 788. 2.
35.944 1 ESTIMATOR 0. 0.
35.947 1 IMU_GYRO 0.012695 0.01709 -0.003174
36.025 1 ATTITUDE 0.056152 -3.0896 -0.089844
36.029 1 WP_MOVED 4 504406. 3566514. 798. 12
36.077 1 GPS 0 0 0 0 0 0 0 0 0 0 1
36.108 1 NAVIGATION 0 1 0. 0. 310663.9 0. 0 0
36.142 1 ATTITUDE 0.055908 -3.095215 -0.089111
36.144 1 DESIRED 0.05 0.05 5.9 -184. 526. 788. 2.
36.223 1 ATTITUDE 0.055664 -3.092529 -0.088623
36.225 1 STATE_FILTER_STATUS 3 0
36.342 1 ATTITUDE 0.055908 -3.092285 -0.087402
36.348 1 DESIRED 0.06 0.05 5.9 -184. 526. 788. 2.
36.353 1 GPS 0 0 0 0 0 0 0 0 0 0 1
36.375 1 GPS_SOL 0 0 0 0
36.377 1 DOWNLINK 4 820 2308
36.407 1 NAVIGATION 0 1 0. 0. 310663.9 0. 0 0
36.432 1 ATTITUDE 0.054199 -3.09082 -0.087402
36.434 1 ESTIMATOR 0. 0.
36.543 1 ATTITUDE 0.053223 -3.095947 -0.087402
36.549 1 DESIRED 0.06 0.05 5.9 -184. 526. 788. 2.
36.552 1 WP_MOVED 5 504349.8125 3566237. 748. 12
36.556 1 IMU_GYRO 0.009521 -0.007324 0.
36.560 1 NAVIGATION 0 1 0. 0. 310663.9 0. 0 0
36.589 1 GPS 0 0 0 0 0 0 0 0 0 0 1
36.619 1 NAVIGATION 0 1 0. 0. 310663.9 0. 0 0
36.644 1 ATTITUDE 0.053955 -3.105957 -0.087402
36.646 1 IMU_ACCEL -0.074219 -0.90918 9.712891
36.729 1 ATTITUDE 0.054199 -3.106689 -0.087891
36.735 1 DESIRED 0.06 0.05 5.9 -184. 526. 788. 2.
36.829 1 ATTITUDE 0.053955 -3.106201 -0.088135
36.834 1 GPS 0 0 0 0 0 0 0 0 0 0 1
36.854 1 DOWNLINK_STATUS 37 30417 1364 0 771. 34. 74.73
36.861 1 NAVIGATION 0 1 0. 0. 310663.9 0. 0 0
36.932 1 ATTITUDE 0.053223 -3.105225 -0.088135
36.938 1 DESIRED 0.06 0.05 5.9 -184. 526. 788. 2.
36.940 1 ESTIMATOR 0. 0.
37.026 1 ATTITUDE 0.057129 -3.104004 -0.088135
37.029 1 WP_MOVED 6 504252.90625 3565912.75 828. 12
37.077 1 GPS 0 0 0 0 0 0 0 0 0 0 1
37.108 1 NAVIGATION 0 1 0. 0. 310663.9 0. 0 0
37.135 1 ATTITUDE 0.060303 -3.098877 -0.088135
37.143 1 DESIRED 0.06 0.05 5.9 -184. 526. 788. 2.
37.145 1 IMU_GYRO 0.00415 0.008545 0.013916
37.228 1 ATTITUDE 0.059814 -3.111572 -0.089111
37.230 1 DL_VALUE 9 0.
37.233 1 ENERGY 11.6 0. 0 0.
37.336 1 ATTITUDE 0.058838 -3.106934 -0.0896
37.342 1 DESIRED 0.06 0.05 5.9 -184. 526. 788. 2.
37.348 1 GPS 0 0 0 0 0 0 0 0 0 0 1
37.373 1 NAVIGATION 0 1 0. 0. 310663.9 0. 0 0
37.431 1 ATTITUDE 0.057129 -3.103271 -0.0896
37.433 1 ESTIMATOR 0. 0.
37.436 1 IMU_ACCEL -0.186523 -0.836914 9.674805
37.438 1 CALIBRATION 0. 0
37.539 1 ATTITUDE 0.057617 -3.107666 -0.089355
37.545 1 DESIRED 0.06 0.05 5.9 -184. 526. 788. 2.
37.549 1 WP_MOVED 7 504375.90625 3566310.75 758. 12
37.553 1 NAVIGATION 0 1 0. 0. 310663.9 0. 0 0
37.585 1 GPS 0 0 0 0 0 0 0 0 0 0 1
37.610 1 FBW_STATUS 0 49 1 116 0
37.614 1 NAVIGATION 0 1 0. 0. 310663.9 0. 0 0
37.644 1 ATTITUDE 0.059082 -3.101318 -0.089355
37.644 1 BAT 0 116 0 0 0 64 64 0
37.733 1 ATTITUDE 0.057129 -3.107666 -0.088379
37.739 1 DESIRED 0.06 0.05 5.9 -184. 526. 788. 2.
37.742 1 IMU_GYRO 0.022461 -0.022461 -0.008545
37.833 1 ATTITUDE 0.052734 -3.109619 -0.087158
37.839 1 GPS 0 0 0 0 0 0 0 0 0 0 1
37.842 1 IMU_MAG -0.129883 -0.971191 -0.330566
37.855 1 DOWNLINK_STATUS 38 31245 1401 0 828. 37. 74.73
37.871 1 NAVIGATION 0 1 0. 0. 310663.9 0. 0 0
37.932 1 ATTITUDE 0.048584 -3.099365 -0.08667
37.938 1 DESIRED 0.06 0.05 5.9 -184. 526. 788. 2.
37.940 1 ESTIMATOR 0. 0.
38.026 1 ATTITUDE 0.042969 -3.107422 -0.085938
38.029 1 WP_MOVED 8 504392.1875 3566138. 758. 12
38.076 1 GPS 0 0 0 0 0 0 0 0 0 0 1
38.107 1 NAVIGATION 0 1 0. 0. 310663.9 0. 0 0
38.136 1 ATTITUDE 0.03418 -3.101074 -0.085938
38.144 1 DESIRED 0.06 0.04 5.9 -184. 526. 788. 2.
38.228 1 ATTITUDE 0.023438 -3.100586 -0.085693
38.231 1 IMU_ACCEL 0.111328 -0.873047 9.828125
38.234 1 NAVIGATION_REF 504709 3566143 12
38.343 1 ATTITUDE 0.019775 -3.094727 -0.085205
38.349 1 DESIRED 0.06 0.04 5.9 -184. 526. 788. 2.
38.355 1 GPS 0 0 0 0 0 0 0 0 0 0 1
38.358 1 IMU_GYRO 0.010742 -0.00415 -0.00415
38.361 1 GPS_SOL 0 0 0 0
38.386 1 NAVIGATION 0 1 0. 0. 310663.9 0. 0 0
38.426 1 ATTITUDE 0.017822 -3.087158 -0.085205
38.428 1 ESTIMATOR 0. 0.
38.430 1 STATE_FILTER_STATUS 3 0
38.539 1 ATTITUDE 0.017334 -3.097656 -0.085449
38.544 1 DESIRED 0.06 0.04 5.9 -184. 526. 788. 2.
38.548 1 WP_MOVED 9 504579.6875 3566079.5 808. 12
38.552 1 NAVIGATION 0 1 0. 0. 310663.9 0. 0 0
38.578 1 GPS 0 0 0 0 0 0 0 0 0 0 1
38.608 1 NAVIGATION 0 1 0. 0. 310663.9 0. 0 0
38.632 1 ATTITUDE 0.020264 -3.09668 -0.085938
38.702 1 COMMANDS 0,274,642
38.735 1 ATTITUDE 0.022461 -3.093262 -0.086426
38.741 1 DESIRED 0.06 0.04 5.9 -184. 526. 788. 2.
38.745 1 BAT 0 116 0 0 0 65 65 0
38.746 1 DL_VALUE 10 0.
38.802 1 ACTUATORS 1000,1535,1512
38.828 1 ATTITUDE 0.023682 -3.095703 -0.086182
38.834 1 GPS 0 0 0 0 0 0 0 0 0 0 1
38.856 1 DOWNLINK_STATUS 39 32059 1438 0 814. 37. 74.73
38.860 1 NAVIGATION 0 1 0. 0. 310663.9 0. 0 0
38.936 1 ATTITUDE 0.023926 -3.10083 -0.085938
38.941 1 DESIRED 0.05 0.04 5.9 -184. 526. 788. 2.
38.944 1 ESTIMATOR 0. 0.
38.947 1 IMU_GYRO 0.010742 0.016113 0.00415
39.029 1 ATTITUDE 0.024902 -3.0979 -0.086182
39.033 1 WP_MOVED 10 504935.90625 3566096.5 798. 12
39.036 1 IMU_ACCEL 0.037109 -0.799805 9.750977
39.077 1 GPS 0 0 0 0 0 0 0 0 0 0 1
39.107 1 NAVIGATION 0 1 0. 0. 310663.9 0. 0 0
39.134 1 ATTITUDE 0.025879 -3.094727 -0.086182
39.146 1 DESIRED 0.06 0.04 5.9 -184. 526. 788. 2.
39.146 1 IMU_MAG -0.128418 -1.005859 -0.348145
39.221 1 ATTITUDE 0.026367 -3.097656 -0.086182
39.336 1 ATTITUDE 0.027832 -3.096436 -0.085693
39.342 1 DESIRED 0.06 0.04 5.9 -184. 526. 788. 2.
39.347 1 GPS 0 0 0 0 0 0 0 0 0 0 1
39.370 1 NAVIGATION 0 1 0. 0. 310663.9 0. 0 0
39.424 1 ATTITUDE 0.02832 -3.095459 -0.085449
39.426 1 ESTIMATOR 0. 0.
39.545 1 ATTITUDE 0.030518 -3.099121 -0.085449
39.551 1 DESIRED 0.06 0.04 5.9 -184. 526. 788. 2.
39.555 1 WP_MOVED 0 504751. 3566185. 730. 12
39.558 1 IMU_GYRO 0.003174 0.0354 0.006348
39.562 1 NAVIGATION 0 1 0. 0. 310663.9 0. 0 0
39.564 1 CALIBRATION 0. 0
39.589 1 GPS 0 0 0 0 0 0 0 0 0 0 1
39.621 1 FBW_STATUS 0 48 1 116 0
39.625 1 NAVIGATION 0 1 0. 0. 310663.9 0. 0 0
39.649 1 ATTITUDE 0.033936 -3.09375 -0.085938
39.733 1 ATTITUDE 0.04126 -3.105469 -0.085938
39.739 1 DESIRED 0.06 0.05 5.9 -184. 526. 788. 2.
39.742 1 ENERGY 11.6 0. 0 0.
39.842 1 ATTITUDE 0.051025 -3.110352 -0.086426
39.848 1 GPS 0 0 0 0 0 0 0 0 0 0 1
39.851 1 IMU_ACCEL -0.111328 -0.763672 9.674805
39.854 1 BAT 0 116 0 0 0 66 66 0
39.856 1 DOWNLINK_STATUS 40 32894 1475 0 835. 37. 74.73
39.858 1 ALIVE 4,16,102,57,235,79,132,191,234,171,254,194,198,0,191,193
39.884 1 NAVIGATION 0 1 0. 0. 310663.9 0. 0 0
39.934 1 ATTITUDE 0.056885 -3.11084 -0.086182
39.940 1 DESIRED 0.06 0.05 5.9 -184. 526. 788. 2.
39.943 1 ESTIMATOR 0. 0.
39.945 1 PPRZ_MODE 1 3 3 0 0 21
40.025 1 ATTITUDE 0.057617 -3.114502 -0.086182
40.029 1 WP_MOVED 1 504709. 3566143. 738. 12
40.077 1 GPS 0 0 0 0 0 0 0 0 0 0 1
40.107 1 NAVIGATION 0 1 0. 0. 310663.9 0. 0 0
40.134 1 ATTITUDE 0.057861 -3.101807 -0.086182
40.140 1 DESIRED 0.06 0.05 5.9 -184. 526. 788. 2.
40.145 1 IMU_GYRO 0.008545 -0.007324 0.000977
40.223 1 ATTITUDE 0.058105 -3.108643 -0.086182
40.225 1 DL_VALUE 0 0.
40.340 1 ATTITUDE 0.057861 -3.112061 -0.086182
40.346 1 DESIRED 0.06 0.06 5.9 -184. 526. 788. 2.
40.351 1 GPS 0 0 0 0 0 0 0 0 0 0 1
40.354 1 GPS_SOL 0 0 0 0
40.386 1 NAVIGATION 0 1 0. 0. 310663.9 0. 0 0
40.387 1 PONG 
40.428 1 ATTITUDE 0.059082 -3.104736 -0.086426
40.431 1 ESTIMATOR 0. 0.
40.434 1 IMU_MAG -0.131836 -1.041016 -0.328613
40.539 1 ATTITUDE 0.057129 -3.106934 -0.08667
40.545 1 DESIRED 0.06 0.05 5.9 -184. 526. 788. 2.
40.548 1 WP_MOVED 2 504525.5 3566669.25 788. 12
40.553 1 NAVIGATION 0 1 0. 0. 310663.9 0. 0 0
40.582 1 GPS 0 0 0 0 0 0 0 0 0 0 1
40.611 1 NAVIGATION 0 1 0. 0. 310663.9 0. 0 0
40.649 1 ATTITUDE 0.056396 -3.106689 -0.086914
40.649 1 IMU_ACCEL -0.186523 -0.836914 9.55957
40.649 1 STATE_FILTER_STATUS 3 0
40.733 1 ATTITUDE 0.056641 -3.104004 -0.086914
40.739 1 DESIRED 0.06 0.05 5.9 -184. 526. 788. 2.
40.742 1 IMU_GYRO 0.014893 -0.001953 0.003174
40.828 1 ATTITUDE 0.055176 -3.108398 -0.086914
40.834 1 GPS 0 0 0 0 0 0 0 0 0 0 1
40.856 1 DOWNLINK_STATUS 41 33724 1513 0 830. 38. 50.03
40.864 1 NAVIGATION 0 1 0. 0. 310663.9 0. 0 0
40.936 1 ATTITUDE 0.05542 -3.114014 -0.08667
40.942 1 DESIRED 0.06 0.05 5.9 -184. 526. 788. 2.
40.945 1 ESTIMATOR 0. 0.
40.948 1 BAT 0 116 0 0 0 67 67 0
41.025 1 ATTITUDE 0.055908 -3.105713 -0.08667
41.029 1 WP_MOVED 3 504415.6875 3566382. 768. 12
41.077 1 GPS 0 0 0 0 0 0 0 0 0 0 1
41.108 1 NAVIGATION 0 1 0. 0. 310663.9 0. 0 0
41.136 1 ATTITUDE 0.059326 -3.100342 -0.087646
41.148 1 DESIRED 0.06 0.05 5.9 -184. 526. 788. 2.
41.221 1 ATTITUDE 0.057861 -3.109375 -0.086914
41.340 1 ATTITUDE 0.05249 -3.107666 -0.087158
41.346 1 DESIRED 0.06 0.05 5.9 -184. 526. 788. 2.
41.352 1 GPS 0 0 0 0 0 0 0 0 0 0 1
41.355 1 IMU_GYRO 0.025635 0.046143 0.010742
41.386 1 NAVIGATION 0 1 0. 0. 310663.9 0. 0 0
41.431 1 ATTITUDE 0.05542 -3.096924 -0.086914
41.433 1 ESTIMATOR 0. 0.
41.436 1 IMU_ACCEL -0.149414 -0.763672 9.828125
41.438 1 DOWNLINK 6 813 2494
41.539 1 ATTITUDE 0.052979 -3.101318 -0.086426
41.545 1 DESIRED 0.06 0.05 5.9 -184. 526. 788. 2.
41.548 1 WP_MOVED 4 504406. 3566514. 798. 12
41.553 1 NAVIGATION 0 1 0. 0. 310663.9 0. 0 0
41.579 1 GPS 0 0 0 0 0 0 0 0 0 0 1
41.609 1 FBW_STATUS 0 49 1 116 0
41.613 1 NAVIGATION 0 1 0. 0. 310663.9 0. 0 0
41.640 1 ATTITUDE 0.052246 -3.104248 -0.085449
41.649 1 CALIBRATION 0. 0
41.735 1 ATTITUDE 0.052734 -3.105225 -0.084961
41.741 1 DESIRED 0.06 0.05 5.9 -184. 526. 788. 2.
41.744 1 IMU_MAG -0.128418 -0.971191 -0.324707
41.746 1 DL_VALUE 1 0.
41.829 1 ATTITUDE 0.052979 -3.11084 -0.084473
41.834 1 GPS 0 0 0 0 0 0 0 0 0 0 1
41.856 1 DOWNLINK_STATUS 42 34525 1549 0 801. 36. 50.03
41.864 1 NAVIGATION 0 1 0. 0. 310663.9 0. 0 0
41.936 1 ATTITUDE 0.05127 -3.104248 -0.085693
41.944 1 DESIRED 0.06 0.05 5.9 -184. 526. 788. 2.
41.944 1 ESTIMATOR 0. 0.
41.947 1 IMU_GYRO 0.013916 0.005371 -0.00415
42.030 1 ATTITUDE 0.051758 -3.102539 -0.086182
42.034 1 WP_MOVED 5 504349.8125 3566237. 748. 12
42.037 1 BAT 0 116 0 0 0 68 68 0
42.077 1 GPS 0 0 0 0 0 0 0 0 0 0 1
42.108 1 NAVIGATION 0 1 0. 0. 310663.9 0. 0 0
42.133 1 ATTITUDE 0.05249 -3.10376 -0.085938
42.139 1 DESIRED 0.06 0.05 5.9 -184. 526. 788. 2.
42.230 1 ATTITUDE 0.052734 -3.106445 -0.085693
42.233 1 IMU_ACCEL -0.186523 -0.836914 9.712891
42.236 1 ENERGY 11.6 0. 0 0.
42.340 1 ATTITUDE 0.051025 -3.102539 -0.085205
42.346 1 DESIRED 0.06 0.05 5.9 -184. 526. 788. 2.
42.352 1 GPS 0 0 0 0 0 0 0 0 0 0 1
42.355 1 GPS_SOL 0 0 0 0
42.383 1 NAVIGATION 0 1 0. 0. 310663.9 0. 0 0
42.424 1 ATTITUDE 0.04834 -3.099854 -0.084717
42.427 1 ESTIMATOR 0. 0.
42.542 1 ATTITUDE 0.052734 -3.10498 -0.084473
42.548 1 DESIRED 0.06 0.05 5.9 -184. 526. 788. 2.
42.552 1 WP_MOVED 6 504252.90625 3565912.75 828. 12
42.555 1 IMU_GYRO 0.010742 0.021484 0.009521
42.559 1 NAVIGATION 0 1 0. 0. 310663.9 0. 0 0
42.591 1 GPS 0 0 0 0 0 0 0 0 0 0 1
42.621 1 NAVIGATION 0 1 0. 0. 310663.9 0. 0 0
42.652 1 ATTITUDE 0.054443 -3.092285 -0.08374
42.728 1 ATTITUDE 0.053467 -3.085693 -0.084473
42.734 1 DESIRED 0.06 0.05 5.9 -184. 526. 788. 2.
42.830 1 ATTITUDE 0.053467 -3.08374 -0.085449
42.836 1 GPS 0 0 0 0 0 0 0 0 0 0 1
42.837 1 STATE_FILTER_STATUS 3 0
42.857 1 DOWNLINK_STATUS 43 35325 1584 0 800. 35. 50.03
42.864 1 NAVIGATION 0 1 0. 0. 310663.9 0. 0 0
42.931 1 ATTITUDE 0.054932 -3.08252 -0.085938
42.937 1 DESIRED 0.06 0.05 5.9 -184. 526. 788. 2.
42.940 1 ESTIMATOR 0. 0.
43.033 1 ATTITUDE 0.053467 -3.087646 -0.086182
43.037 1 WP_MOVED 7 504375.90625 3566310.75 758. 12
43.040 1 IMU_ACCEL -0.186523 -0.90918 9.750977
43.043 1 IMU_MAG -0.109375 -0.958008 -0.328613
43.076 1 GPS 0 0 0 0 0 0 0 0 0 0 1
43.107 1 NAVIGATION 0 1 0. 0. 310663.9 0. 0 0
43.138 1 ATTITUDE 0.056885 -3.088867 -0.086914
43.144 1 DESIRED 0.06 0.05 5.9 -184. 526. 788. 2.
43.152 1 IMU_GYRO 0.009521 0.018311 -0.001953
43.152 1 BAT 0 116 0 0 0 69 69 0
43.223 1 ATTITUDE 0.058105 -3.082275 -0.087402
43.225 1 DL_VALUE 2 788.
43.336 1 ATTITUDE 0.059814 -3.089355 -0.087402
43.341 1 DESIRED 0.06 0.05 5.9 -184. 526. 788. 2.
43.347 1 GPS 0 0 0 0 0 0 0 0 0 0 1
43.376 1 NAVIGATION 0 1 0. 0. 310663.9 0. 0 0
43.424 1 ATTITUDE 0.060303 -3.087402 -0.087646
43.426 1 ESTIMATOR 0. 0.
43.539 1 ATTITUDE 0.058594 -3.089355 -0.088135
43.544 1 DESIRED 0.06 0.05 5.9 -184. 526. 788. 2.
43.548 1 WP_MOVED 8 504392.1875 3566138. 758. 12
43.552 1 NAVIGATION 0 1 0. 0. 310663.9 0. 0 0
43.578 1 GPS 0 0 0 0 0 0 0 0 0 0 1
43.608 1 FBW_STATUS 0 48 1 116 0
43.613 1 NAVIGATION 0 1 0. 0. 310663.9 0. 0 0
43.636 1 ATTITUDE 0.059326 -3.084229 -0.087891
43.702 1 COMMANDS 146,-13,916
43.735 1 ATTITUDE 0.05835 -3.095947 -0.087646
43.741 1 DESIRED 0.06 0.05 5.9 -184. 526. 788. 2.
43.744 1 IMU_GYRO 0.012695 -0.018311 -0.001953
43.746 1 CALIBRATION 0. 0
43.802 1 ACTUATORS 1002,1541,1500
43.832 1 ATTITUDE 0.057129 -3.088623 -0.088135
43.838 1 GPS 0 0 0 0 0 0 0 0 0 0 1
43.841 1 IMU_ACCEL -0.223633 -0.982422 9.598633
43.858 1 DOWNLINK_STATUS 44 36177 1623 0 852. 39. 50.03
43.864 1 NAVIGATION 0 1 0. 0. 310663.9 0. 0 0
43.931 1 ATTITUDE 0.062988 -3.091309 -0.088379
43.937 1 DESIRED 0.06 0.06 5.9 -184. 526. 788. 2.
43.940 1 ESTIMATOR 0. 0.
44.025 1 ATTITUDE 0.067627 -3.097656 -0.088135
44.029 1 WP_MOVED 9 504579.6875 3566079.5 808. 12
44.077 1 GPS 0 0 0 0 0 0 0 0 0 0 1
44.107 1 NAVIGATION 0 1 0. 0. 310663.9 0. 0 0
44.139 1 ATTITUDE 0.070801 -3.091797 -0.087402
44.145 1 DESIRED 0.06 0.06 5.9 -184. 526. 788. 2.
44.225 1 ATTITUDE 0.080566 -3.099609 -0.087158
44.229 1 BAT 0 116 0 0 0 70 70 0
44.344 1 ATTITUDE 0.092529 -3.102295 -0.08667
44.350 1 DESIRED 0.06 0.07 5.9 -184. 526. 788. 2.
44.355 1 GPS 0 0 0 0 0 0 0 0 0 0 1
44.359 1 IMU_GYRO 0.014893 0.087158 -0.000977
44.362 1 IMU_MAG -0.109375 -0.945312 -0.303711
44.384 1 NAVIGATION 0 1 0. 0. 310663.9 0. 0 0
44.424 1 ATTITUDE 0.097168 -3.100098 -0.087646
44.426 1 ESTIMATOR 0. 0.
44.539 1 ATTITUDE 0.098389 -3.10498 -0.088623
44.545 1 DESIRED 0.06 0.07 5.9 -184. 526. 788. 2.
44.548 1 WP_MOVED 10 504935.90625 3566096.5 798. 12
44.553 1 NAVIGATION 0 1 0. 0. 310663.9 0. 0 0
44.579 1 GPS 0 0 0 0 0 0 0 0 0 0 1
44.608 1 NAVIGATION 0 1 0. 0. 310663.9 0. 0 0
44.633 1 ATTITUDE 0.099609 -3.113525 -0.089844
44.636 1 IMU_ACCEL -0.709961 -0.90918 9.674805
44.735 1 ATTITUDE 0.102295 -3.109863 -0.090576
44.741 1 DESIRED 0.06 0.07 5.9 -184. 526. 788. 2.
44.743 1 DL_VALUE 3 0.
44.747 1 ENERGY 11.6 0. 0 0.
44.833 1 ATTITUDE 0.104492 -3.105469 -0.091064
44.839 1 GPS 0 0 0 0 0 0 0 0 0 0 1
44.843 1 ALIVE 4,16,102,57,235,79,132,191,234,171,254,194,198,0,191,193
44.859 1 DOWNLINK_STATUS 45 36985 1658 0 808. 35. 50.03
44.872 1 NAVIGATION 0 1 0. 0. 310663.9 0. 0 0
44.938 1 ATTITUDE 0.107422 -3.101807 -0.09082
44.944 1 DESIRED 0.06 0.08 5.9 -184. 526. 788. 2.
44.947 1 ESTIMATOR 0. 0.
44.950 1 IMU_GYRO 0.013916 -0.006348 0.000977
44.952 1 PPRZ_MODE 1 3 3 0 0 21
45.027 1 ATTITUDE 0.106689 -3.106201 -0.090576
45.031 1 WP_MOVED 0 504751. 3566185. 730. 12
45.055 1 STATE_FILTER_STATUS 3 0
45.087 1 GPS 0 0 0 0 0 0 0 0 0 0 1
45.113 1 NAVIGATION 0 1 0. 0. 310663.9 0. 0 0
45.143 1 ATTITUDE 0.101562 -3.098145 -0.090576
45.154 1 DESIRED 0.06 0.07 5.9 -184. 526. 788. 2.
45.221 1 ATTITUDE 0.097168 -3.118164 -0.089355
45.340 1 ATTITUDE 0.095459 -3.106201 -0.088135
45.346 1 DESIRED 0.06 0.07 5.9 -184. 526. 788. 2.
45.352 1 GPS 0 0 0 0 0 0 0 0 0 0 1
45.356 1 BAT 0 116 0 0 0 71 71 0
45.382 1 NAVIGATION 0 1 0. 0. 310663.9 0. 0 0
45.401 1 PONG 
45.433 1 ATTITUDE 0.091797 -3.093018 -0.087158
45.436 1 ESTIMATOR 0. 0.
45.439 1 IMU_ACCEL -0.635742 -0.727539 9.55957
45.456 1 WIND_INFO 1 42 0. 0. 0.
45.543 1 ATTITUDE 0.093018 -3.095703 -0.087646
45.549 1 DESIRED 0.06 0.07 5.9 -184. 526. 788. 2.
45.552 1 WP_MOVED 1 504709. 3566143. 738. 12
45.555 1 IMU_GYRO 0.014893 0.041992 -0.001953
45.560 1 NAVIGATION 0 1 0. 0. 310663.9 0. 0 0
45.594 1 GPS 0 0 0 0 0 0 0 0 0 0 1
45.611 1 FBW_STATUS 0 49 1 116 0
45.615 1 NAVIGATION 0 1 0. 0. 310663.9 0. 0 0
45.642 1 ATTITUDE 0.096924 -3.100586 -0.087402
45.646 1 IMU_MAG -0.113281 -1.01709 -0.303711
45.729 1 ATTITUDE 0.100586 -3.105713 -0.088135
45.735 1 DESIRED 0.06 0.07 5.9 -184. 526. 788. 2.
45.831 1 ATTITUDE 0.101074 -3.107666 -0.088623
45.837 1 GPS 0 0 0 0 0 0 0 0 0 0 1
45.839 1 CALIBRATION 0. 0
45.860 1 DOWNLINK_STATUS 46 37809 1696 0 824. 38. 64.02
45.868 1 NAVIGATION 0 1 0. 0. 310663.9 0. 0 0
45.932 1 ATTITUDE 0.103271 -3.104248 -0.087891
45.938 1 DESIRED 0.07 0.07 5.9 -184. 526. 788. 2.
45.940 1 ESTIMATOR 0. 0.
46.025 1 ATTITUDE 0.108398 -3.10791 -0.08667
46.029 1 WP_MOVED 2 504525.5 3566669.25 788. 12
46.077 1 GPS 0 0 0 0 0 0 0 0 0 0 1
46.108 1 NAVIGATION 0 1 0. 0. 310663.9 0. 0 0
46.134 1 ATTITUDE 0.10376 -3.102051 -0.085449
46.140 1 DESIRED 0.06 0.07 5.9 -184. 526. 788. 2.
46.143 1 IMU_GYRO 0.093506 0.037598 -0.023682
46.227 1 ATTITUDE 0.112305 -3.101807 -0.080322
46.231 1 IMU_ACCEL -1.233398 -0.253906 8.794922
46.233 1 DL_VALUE 4 0.
46.340 1 ATTITUDE 0.091553 -3.094482 -0.074463
46.346 1 DESIRED 0.06 0.07 5.9 -184. 526. 788. 2.
46.352 1 GPS 0 0 0 0 0 0 0 0 0 0 1
46.355 1 GPS_SOL 0 0 0 0
46.377 1 NAVIGATION 0 1 0. 0. 310663.9 0. 0 0
46.429 1 ATTITUDE 0.092529 -3.09082 -0.073242
46.431 1 ESTIMATOR 0. 0.
46.435 1 BAT 0 116 0 0 0 72 72 0
46.542 1 ATTITUDE 0.089844 -3.090332 -0.071045
46.547 1 DESIRED 0.06 0.07 5.9 -184. 526. 788. 2.
46.551 1 WP_MOVED 3 504415.6875 3566382. 768. 12
46.555 1 NAVIGATION 0 1 0. 0. 310663.9 0. 0 0
46.557 1 DOWNLINK 7 825 2683
46.583 1 GPS 0 0 0 0 0 0 0 0 0 0 1
46.608 1 NAVIGATION 0 1 0. 0. 310663.9 0. 0 0
46.634 1 ATTITUDE 0.107666 -3.088623 -0.074219
46.733 1 ATTITUDE 0.153076 -3.101318 -0.075195
46.739 1 DESIRED 0.06 0.1 5.9 -184. 526. 788. 2.
46.742 1 IMU_GYRO 0.025635 0.394043 -0.020264
46.829 1 ATTITUDE 0.170898 -3.120361 -0.077637
46.834 1 GPS 0 0 0 0 0 0 0 0 0 0 1
46.861 1 NAVIGATION 0 1 0. 0. 310663.9 0. 0 0
46.861 1 DOWNLINK_STATUS 47 38628 1732 0 819. 36. 64.02
46.936 1 ATTITUDE 0.16748 -3.104736 -0.076172
46.942 1 DESIRED 0.06 0.11 5.9 -184. 526. 788. 2.
46.944 1 ESTIMATOR 0. 0.
46.948 1 IMU_MAG -0.104004 -0.953613 -0.247559
47.030 1 ATTITUDE 0.151611 -3.10791 -0.074951
47.033 1 WP_MOVED 4 504406. 3566514. 798. 12
47.036 1 IMU_ACCEL -1.15918 -0.618164 9.636719
47.077 1 GPS 0 0 0 0 0 0 0 0 0 0 1
47.108 1 NAVIGATION 0 1 0. 0. 310663.9 0. 0 0
47.136 1 ATTITUDE 0.127197 -3.100098 -0.074951
47.142 1 DESIRED 0.06 0.09 5.9 -184. 526. 788. 2.
47.230 1 ATTITUDE 0.079834 -3.094727 -0.073486
47.232 1 STATE_FILTER_STATUS 3 0
47.235 1 ENERGY 11.6 0. 0 0.
47.238 1 NAVIGATION_REF 504709 3566143 12
47.339 1 ATTITUDE 0.05835 -3.086182 -0.076904
47.345 1 DESIRED 0.06 0.05 5.9 -184. 526. 788. 2.
47.351 1 GPS 0 0 0 0 0 0 0 0 0 0 1
47.354 1 IMU_GYRO -0.021484 -0.014893 -0.019287
47.386 1 NAVIGATION 0 1 0. 0. 310663.9 0. 0 0
47.424 1 ATTITUDE 0.067383 -3.079346 -0.07959
47.426 1 ESTIMATOR 0. 0.
47.543 1 ATTITUDE 0.07373 -3.084717 -0.081055
47.549 1 DESIRED 0.06 0.06 5.9 -184. 526. 788. 2.
47.552 1 WP_MOVED 5 504349.8125 3566237. 748. 12
47.557 1 NAVIGATION 0 1 0. 0. 310663.9 0. 0 0
47.560 1 BAT 0 116 0 0 0 73 73 0
47.589 1 GPS 0 0 0 0 0 0 0 0 0 0 1
47.614 1 FBW_STATUS 0 49 1 116 0
47.618 1 NAVIGATION 0 1 0. 0. 310663.9 0. 0 0
47.645 1 ATTITUDE 0.072021 -3.075928 -0.080811
47.730 1 ATTITUDE 0.092773 -3.0896 -0.079834
47.736 1 DESIRED 0.06 0.06 5.9 -184. 526. 788. 2.
47.738 1 DL_VALUE 5 0.
47.832 1 ATTITUDE 0.122559 -3.098633 -0.078857
47.838 1 GPS 0 0 0 0 0 0 0 0 0 0 1
47.841 1 IMU_ACCEL -0.672852 -0.799805 10.171875
47.861 1 DOWNLINK_STATUS 48 39443 1769 0 815. 37. 64.02
47.873 1 NAVIGATION 0 1 0. 0. 310663.9 0. 0 0
47.938 1 ATTITUDE 0.158936 -3.123535 -0.077637
47.944 1 DESIRED 0.06 0.1 5.9 -184. 526. 788. 2.
47.946 1 ESTIMATOR 0. 0.
47.949 1 IMU_GYRO 0.018311 -0.497559 0.116211
47.951 1 CALIBRATION 0. 0
48.025 1 ATTITUDE 0.093262 -3.096436 -0.077148
48.028 1 WP_MOVED 6 504252.90625 3565912.75 828. 12
48.076 1 GPS 0 0 0 0 0 0 0 0 0 0 1
48.107 1 NAVIGATION 0 1 0. 0. 310663.9 0. 0 0
48.139 1 ATTITUDE 0.086914 -3.084961 -0.077148
48.144 1 DESIRED 0.06 0.07 5.9 -184. 526. 788. 2.
48.224 1 ATTITUDE 0.085449 -3.094238 -0.079346
48.250 1 IMU_MAG -0.102051 -0.960449 -0.295898
48.339 1 ATTITUDE 0.095215 -3.091064 -0.080078
48.345 1 DESIRED 0.06 0.06 5.9 -184. 526. 788. 2.
48.351 1 GPS 0 0 0 0 0 0 0 0 0 0 1
48.354 1 GPS_SOL 0 0 0 0
48.378 1 NAVIGATION 0 1 0. 0. 310663.9 0. 0 0
48.424 1 ATTITUDE 0.098877 -3.091309 -0.080811
48.428 1 ESTIMATOR 0. 0.
48.545 1 ATTITUDE 0.114502 -3.095459 -0.08374
48.548 1 DESIRED 0.06 0.08 5.9 -184. 526. 788. 2.
48.552 1 WP_MOVED 7 504375.90625 3566310.75 758. 12
48.555 1 IMU_GYRO -0.013916 0.116211 0.037598
48.560 1 NAVIGATION 0 1 0. 0. 310663.9 0. 0 0
48.589 1 GPS 0 0 0 0 0 0 0 0 0 0 1
48.618 1 NAVIGATION 0 1 0. 0. 310663.9 0. 0 0
48.645 1 ATTITUDE 0.121582 -3.098389 -0.085205
48.648 1 IMU_ACCEL -1.083984 -1.200195 9.674805
48.652 1 BAT 15 116 0 0 0 75 75 0
48.702 1 COMMANDS 0,-425,894
48.728 1 ATTITUDE 0.125244 -3.11792 -0.085693
48.734 1 DESIRED 0.06 0.08 5.9 -184. 526. 788. 2.
48.802 1 ACTUATORS 1001,1548,1475
48.832 1 ATTITUDE 0.128906 -3.095215 -0.085449
48.838 1 GPS 0 0 0 0 0 0 0 0 0 0 1
48.862 1 DOWNLINK_STATUS 49 40269 1806 0 826. 37. 64.02
48.863 1 NAVIGATION 0 1 0. 0. 310663.9 0. 0 0
48.931 1 ATTITUDE 0.112305 -3.093506 -0.084961
48.937 1 DESIRED 0.05 0.08 5.9 -184. 526. 788. 2.
48.940 1 ESTIMATOR 0. 0.
49.025 1 ATTITUDE 0.095215 -3.092773 -0.086914
49.029 1 WP_MOVED 8 504392.1875 3566138. 758. 12
49.863 1 DOWNLINK_STATUS 50 40399 1812 0 130. 6. 64.02
50.863 1 DOWNLINK_STATUS 51 40399 1812 0 0. 0. -4936.37
51.865 1 DOWNLINK_STATUS 52 40399 1812 0 0. 0. -4936.37
52.866 1 DOWNLINK_STATUS 53 40399 1812 0 0. 0. -4936.37
