3.227 1 NAVIGATION 0 1 10801716. -3566302. 1.29396962755e+14 1.29395570246e+14 0 0
3.259 1 ATTITUDE 3.053223 0.341064 -0.172852
3.265 1 DESIRED -0.03 1.2 5. -85. -64. 815. 2.
3.273 1 IMU_GYRO 0.01709 -0.021484 0.0354
3.345 1 ATTITUDE 3.048096 0.341064 -0.172852
3.347 1 DL_VALUE 4 0.
3.349 1 DOWNLINK 0 809 248
3.459 1 ATTITUDE 3.048584 0.338135 -0.172852
3.465 1 DESIRED -0.03 1.2 5. -85. -64. 815. 2.
3.471 1 GPS 0 1130805120 0 0 -17000 0 0 0 515000 12 13
3.474 1 GPS_SOL 798233024 107444 9999 0
3.502 1 NAVIGATION 0 1 10801716. -3566302. 1.29396962755e+14 1.29395570246e+14 0 0
3.548 1 ATTITUDE 3.056152 0.346436 -0.172607
3.550 1 ESTIMATOR -17. 0.
3.553 1 BAT 0 123 0 0 0 6 6 0
3.657 1 ATTITUDE 3.051758 0.339844 -0.173096
3.663 1 DESIRED -0.03 1.2 5. -85. -64. 815. 2.
3.667 1 WP_MOVED 2 506250.1875 3566238.5 815. 12
3.671 1 NAVIGATION 0 1 10801716. -3566302. 1.29396962755e+14 1.29395570246e+14 0 0
3.700 1 GPS 0 1130805120 0 0 -17000 0 0 0 515250 12 1
3.727 1 NAVIGATION 0 1 10801716. -3566302. 1.29396962755e+14 1.29395570246e+14 0 0
3.753 1 ATTITUDE 3.052979 0.345947 -0.172607
3.756 1 IMU_ACCEL -1.046875 -0.363281 -9.904297
3.759 1 IMU_MAG 0.072266 0.574707 -0.286133
3.854 1 ATTITUDE 3.055176 0.342529 -0.172119
3.859 1 DESIRED -0.03 1.2 5. -85. -64. 815. 2.
3.863 1 IMU_GYRO 0.021484 0.023682 0.024658
3.864 1 CALIBRATION 0. 0
3.947 1 ATTITUDE 3.054932 0.336914 -0.172363
3.953 1 GPS 0 1130805120 0 0 -17000 0 0 0 515500 12 2
3.979 1 NAVIGATION 0 1 10801716. -3566302. 1.29396962755e+14 1.29395570246e+14 0 0
4.005 1 DOWNLINK_STATUS 4 3308 148 0 834. 38. 0.
4.050 1 ATTITUDE 3.053955 0.352783 -0.172119
4.056 1 DESIRED -0.03 1.2 5. -85. -64. 815. 2.
4.058 1 ESTIMATOR -17. 0.
4.144 1 ATTITUDE 3.053955 0.343262 -0.172607
4.147 1 WP_MOVED 3 506436.09375 3566244.75 805. 12
4.195 1 GPS 0 1130805120 0 0 -17000 0 0 0 515750 12 3
4.226 1 NAVIGATION 0 1 10801716. -3566302. 1.29396962755e+14 1.29395570246e+14 0 0
4.252 1 ATTITUDE 3.053955 0.347656 -0.172607
4.258 1 DESIRED -0.03 1.2 5. -85. -64. 815. 2.
4.341 1 ATTITUDE 3.054443 0.34375 -0.172119
4.343 1 STATE_FILTER_STATUS 3 0
4.459 1 ATTITUDE 3.053955 0.338867 -0.172119
4.465 1 DESIRED -0.03 1.2 5. -85. -64. 815. 2.
4.470 1 GPS 0 1130805120 0 0 -17000 0 0 0 516000 12 4
4.473 1 IMU_GYRO 0.018311 0.013916 0.030029
4.502 1 NAVIGATION 0 1 10801716. -3566302. 1.29396962755e+14 1.29395570246e+14 0 0
4.547 1 ATTITUDE 3.053955 0.349365 -0.171631
4.549 1 ESTIMATOR -17. 0.
4.552 1 IMU_ACCEL -1.083984 -0.544922 -9.942383
4.662 1 ATTITUDE 3.054199 0.34082 -0.171875
4.668 1 DESIRED -0.03 1.2 5. -85. -64. 815. 2.
4.671 1 WP_MOVED 4 506240. 3566357.25 805. 12
4.676 1 NAVIGATION 0 1 10801716. -3566302. 1.29396962755e+14 1.29395570246e+14 0 0
4.679 1 BAT 0 123 0 0 0 7 7 0
4.705 1 GPS 0 1130805120 0 0 -17000 0 0 0 516250 12 5
4.730 1 FBW_STATUS 0 49 0 123 0
4.735 1 NAVIGATION 0 1 10801716. -3566302. 1.29396962755e+14 1.29395570246e+14 0 0
4.764 1 ATTITUDE 3.053955 0.354492 -0.171631
4.850 1 ATTITUDE 3.053955 0.3396 -0.172119
4.856 1 DESIRED -0.03 1.2 5. -85. -64. 815. 2.
4.858 1 DL_VALUE 5 0.
4.947 1 ATTITUDE 3.055176 0.341064 -0.172119
4.953 1 GPS 0 1130805120 0 0 -17000 0 0 0 516500 12 6
4.983 1 NAVIGATION 0 1 10801716. -3566302. 1.29396962755e+14 1.29395570246e+14 0 0
5.006 1 DOWNLINK_STATUS 5 4078 182 0 770. 34. 0.
5.059 1 ATTITUDE 3.055176 0.334229 -0.172119
5.064 1 DESIRED -0.03 1.2 5. -85. -64. 815. 2.
5.067 1 ESTIMATOR -17. 0.
5.070 1 IMU_GYRO 0.01709 0.047363 0.025635
5.073 1 IMU_MAG 0.070312 0.631348 -0.295898
5.144 1 ATTITUDE 3.055908 0.33374 -0.171875
5.148 1 WP_MOVED 5 506446.09375 3566366.5 820. 12
5.196 1 GPS 0 1130805120 0 0 -17000 0 0 0 516750 12 7
5.226 1 NAVIGATION 0 1 10801716. -3566302. 1.29396962755e+14 1.29395570246e+14 0 0
5.252 1 ATTITUDE 3.056152 0.34375 -0.172119
5.258 1 DESIRED -0.03 1.2 5. -85. -64. 815. 2.
5.348 1 ATTITUDE 3.05542 0.334961 -0.172119
5.351 1 IMU_ACCEL -1.083984 -0.582031 -9.942383
5.355 1 ENERGY 12.3 0. 0 0.
5.459 1 ATTITUDE 3.05542 0.338867 -0.171387
5.465 1 DESIRED -0.03 1.2 5. -85. -64. 815. 2.
5.470 1 GPS 0 1130805120 0 0 -17000 0 0 0 517000 12 8
5.473 1 GPS_SOL 798254016 107472 9999 0
5.499 1 NAVIGATION 0 1 10801716. -3566302. 1.29396962755e+14 1.29395570246e+14 0 0
5.528 1 PONG 
5.552 1 ATTITUDE 3.053711 0.345459 -0.171143
5.555 1 ESTIMATOR -17. 0.
5.662 1 ATTITUDE 3.053955 0.337646 -0.171143
5.668 1 DESIRED -0.03 1.2 5. -85. -64. 815. 2.
5.671 1 WP_MOVED 0 506377. 3566344. 757. 12
5.674 1 IMU_GYRO 0.021484 0.011719 0.034424
5.679 1 NAVIGATION 0 1 10801716. -3566302. 1.29396962755e+14 1.29395570246e+14 0 0
5.706 1 GPS 0 1130805120 0 0 -17000 0 0 0 517250 12 9
5.737 1 NAVIGATION 0 1 10801716. -3566302. 1.29396962755e+14 1.29395570246e+14 0 0
5.763 1 ATTITUDE 3.053711 0.343262 -0.171631
5.767 1 BAT 0 123 0 0 0 9 9 0
5.847 1 ATTITUDE 3.054199 0.343018 -0.172119
5.853 1 DESIRED -0.03 1.2 5. -85. -64. 815. 2.
5.950 1 ATTITUDE 3.053711 0.342285 -0.172119
5.955 1 GPS 0 1130805120 0 0 -17000 0 0 0 517500 12 10
5.957 1 CALIBRATION 0. 0
5.985 1 NAVIGATION 0 1 10801716. -3566302. 1.29396962755e+14 1.29395570246e+14 0 0
6.007 1 DOWNLINK_STATUS 6 4904 219 0 826. 37. 25.56
6.051 1 ATTITUDE 3.053711 0.347168 -0.171875
6.057 1 DESIRED -0.03 1.2 5. -85. -64. 815. 2.
6.059 1 ESTIMATOR -17. 0.
6.148 1 ATTITUDE 3.051025 0.3396 -0.172607
6.152 1 WP_MOVED 1 506335. 3566302. 765. 12
6.155 1 IMU_ACCEL -1.15918 -0.436523 -9.828125
6.196 1 GPS 0 1130805120 0 0 -17000 0 0 0 517750 12 11
6.227 1 NAVIGATION 0 1 10801716. -3566302. 1.29396962755e+14 1.29395570246e+14 0 0
6.255 1 ATTITUDE 3.056152 0.346191 -0.171631
6.261 1 DESIRED -0.03 1.2 5. -85. -64. 815. 2.
6.264 1 IMU_GYRO 0.014893 0.064453 0.019287
6.346 1 ATTITUDE 3.057129 0.342041 -0.172119
6.350 1 IMU_MAG 0.068848 0.633789 -0.288086
6.351 1 DL_VALUE 6 120.
6.455 1 ATTITUDE 3.055176 0.338623 -0.172363
6.461 1 DESIRED -0.03 1.2 5. -85. -64. 815. 2.
6.467 1 GPS 0 1130805120 0 0 -17000 0 0 0 518000 12 12
6.497 1 NAVIGATION 0 1 10801716. -3566302. 1.29396962755e+14 1.29395570246e+14 0 0
6.545 1 ATTITUDE 3.055664 0.351318 -0.171631
6.548 1 ESTIMATOR -17. 0.
6.549 1 STATE_FILTER_STATUS 3 0
