2.819 1 GPS 0 0 0 0 0 0 0 0 0 0 1
2.851 1 NAVIGATION 0 1 0. 0. 8421.2 0. 0 0
2.867 1 ATTITUDE -0.303955 -0.581299 1.022461
2.872 1 DESIRED -0. 0.24 4.2 -80. -45. 815. 2.
2.876 1 IMU_GYRO -0.025391 -0.087158 0.032959
2.967 1 ATTITUDE -0.300781 -0.570801 1.020264
2.969 1 DL_VALUE 4 0.
2.970 1 DOWNLINK 0 817 249
3.067 1 ATTITUDE -0.302246 -0.564453 1.020996
3.073 1 DESIRED -0. 0.24 4.2 -80. -45. 815. 2.
3.078 1 GPS 0 0 0 0 0 0 0 0 0 0 1
3.081 1 GPS_SOL 0 0 0 0
3.101 1 NAVIGATION 0 1 0. 0. 8421.2 0. 0 0
3.135 1 DOWNLINK_STATUS 4 3338 150 0 866. 39. 0.
3.167 1 ATTITUDE -0.302734 -0.5625 1.020752
3.169 1 ESTIMATOR 0. 0.
3.172 1 BAT 362 0 0 0 1 6 6 0
3.267 1 ATTITUDE -0.302979 -0.553711 1.020508
3.272 1 DESIRED -0. 0.24 4.2 -80. -45. 815. 2.
3.276 1 WP_MOVED 4 506374.40625 3566337.75 805. 12
3.287 1 NAVIGATION 0 1 0. 0. 8421.2 0. 0 0
3.319 1 GPS 0 0 0 0 0 0 0 0 0 0 1
3.351 1 NAVIGATION 0 1 0. 0. 8421.2 0. 0 0
3.367 1 ATTITUDE -0.301514 -0.545898 1.020996
3.370 1 IMU_ACCEL -5.043945 1.645508 8.240234
3.373 1 IMU_MAG -0.345215 0.138672 -0.120605
3.467 1 ATTITUDE -0.301514 -0.543457 1.019531
3.472 1 DESIRED -0. 0.24 4.2 -80. -45. 815. 2.
3.476 1 IMU_GYRO 0.038086 0.141357 -0.039307
3.478 1 CALIBRATION 0. 0
3.567 1 ATTITUDE -0.303467 -0.539551 1.021973
3.573 1 GPS 0 0 0 0 0 0 0 0 0 0 1
3.602 1 NAVIGATION 0 1 0. 0. 8421.2 0. 0 0
3.667 1 ATTITUDE -0.303223 -0.529541 1.022217
3.672 1 DESIRED -0. 0.24 4.2 -80. -45. 815. 2.
3.675 1 ESTIMATOR 0. 0.
3.767 1 ATTITUDE -0.302002 -0.525879 1.022217
3.770 1 WP_MOVED 5 506402.3125 3566363.25 820. 12
3.820 1 GPS 0 0 0 0 0 0 0 0 0 0 1
3.851 1 NAVIGATION 0 1 0. 0. 8421.2 0. 0 0
3.867 1 ATTITUDE -0.301514 -0.517334 1.020264
3.872 1 DESIRED -0. 0.24 4.2 -80. -45. 815. 2.
3.967 1 ATTITUDE -0.302734 -0.514648 1.022217
3.968 1 STATE_FILTER_STATUS 3 0
4.067 1 ATTITUDE -0.300049 -0.513672 1.018311
4.072 1 DESIRED -0. 0.24 4.2 -80. -45. 815. 2.
4.078 1 GPS 0 0 0 0 0 0 0 0 0 0 1
4.081 1 IMU_GYRO 0.048828 -0.014893 -0.073242
4.101 1 NAVIGATION 0 1 0. 0. 8421.2 0. 0 0
4.137 1 DOWNLINK_STATUS 5 4130 185 0 792. 35. 0.
4.168 1 ATTITUDE -0.303467 -0.50415 1.02124
4.169 1 ESTIMATOR 0. 0.
4.172 1 IMU_ACCEL -4.841797 1.376953 8.43457
4.267 1 ATTITUDE -0.29834 -0.49707 1.017822
4.273 1 DESIRED -0. 0.24 4.2 -80. -45. 815. 2.
4.276 1 WP_MOVED 6 506374.40625 3566337.75 820. 12
4.280 1 NAVIGATION 0 1 0. 0. 8421.2 0. 0 0
4.284 1 BAT 362 0 0 0 1 7 7 0
4.319 1 GPS 0 0 0 0 0 0 0 0 0 0 1
4.349 1 FBW_STATUS 0 45 1 0 0
4.354 1 NAVIGATION 0 1 0. 0. 8421.2 0. 0 0
4.367 1 ATTITUDE -0.299805 -0.499756 1.018799
4.470 1 ATTITUDE -0.303467 -0.495361 1.020752
4.472 1 DESIRED -0. 0.24 4.2 -80. -45. 815. 2.
4.474 1 DL_VALUE 5 0.
4.566 1 ATTITUDE -0.300049 -0.489746 1.019287
4.572 1 GPS 0 0 0 0 0 0 0 0 0 0 1
4.602 1 NAVIGATION 0 1 0. 0. 8421.2 0. 0 0
4.637 1 PONG 
4.666 1 ATTITUDE -0.300537 -0.484863 1.02002
4.673 1 DESIRED -0. 0.24 4.2 -80. -45. 815. 2.
4.679 1 ESTIMATOR 0. 0.
4.679 1 IMU_GYRO -0.051025 -0.000977 0.078613
4.681 1 IMU_MAG -0.35498 0.147461 -0.114746
4.766 1 ATTITUDE -0.300537 -0.484131 1.019531
4.770 1 WP_MOVED 7 506350.5 3566270.75 805. 12
4.819 1 GPS 0 0 0 0 0 0 0 0 0 0 1
4.852 1 NAVIGATION 0 1 0. 0. 8421.2 0. 0 0
4.866 1 ATTITUDE -0.281738 -0.479248 0.949219
4.872 1 DESIRED -0. 0.23 4.2 -80. -45. 815. 2.
4.966 1 ATTITUDE -0.27124 -0.487305 0.895752
4.970 1 IMU_ACCEL -3.242188 1.885742 8.320312
4.973 1 ENERGY 0. 0. 0 0.
5.066 1 ATTITUDE -0.171631 -0.461182 0.776611
5.072 1 DESIRED -0. 0.18 4.2 -80. -45. 815. 2.
5.078 1 GPS 0 0 0 0 0 0 0 0 0 0 1
5.081 1 GPS_SOL 0 0 0 0
5.102 1 NAVIGATION 0 1 0. 0. 8421.2 0. 0 0
5.137 1 DOWNLINK_STATUS 6 4970 223 0 840. 38. 3.22
5.166 1 ATTITUDE -0.114258 -0.452881 0.609863
5.169 1 ESTIMATOR 0. 0.
5.266 1 ATTITUDE -0.139648 -0.444336 0.539062
5.272 1 DESIRED -0. 0.17 4.2 -80. -45. 815. 2.
5.276 1 WP_MOVED 8 506254.8125 3566257.5 815. 12
5.279 1 IMU_GYRO 0.055176 -0.561768 0.155273
5.283 1 NAVIGATION 0 1 0. 0. 8421.2 0. 0 0
5.319 1 GPS 0 0 0 0 0 0 0 0 0 0 1
5.351 1 NAVIGATION 0 1 0. 0. 8421.2 0. 0 0
5.366 1 ATTITUDE -0.131836 -0.429688 0.508789
5.370 1 BAT 362 0 0 0 1 9 9 0
5.466 1 ATTITUDE -0.103027 -0.408447 0.471191
5.472 1 DESIRED -0. 0.15 4.2 -80. -45. 815. 2.
5.566 1 ATTITUDE -0.10083 -0.394043 0.415771
5.572 1 GPS 0 0 0 0 0 0 0 0 0 0 1
5.574 1 CALIBRATION 0. 0
5.601 1 NAVIGATION 0 1 0. 0. 8421.2 0. 0 0
5.666 1 ATTITUDE -0.111572 -0.384521 0.346924
5.672 1 DESIRED -0. 0.15 4.2 -80. -45. 815. 2.
5.675 1 ESTIMATOR 0. 0.
5.766 1 ATTITUDE -0.109375 -0.352783 0.313477
5.770 1 WP_MOVED 9 506213.8125 3566287.5 815. 12
5.773 1 IMU_ACCEL 2.238281 0.820312 9.12793
5.819 1 GPS 0 0 0 0 0 0 0 0 0 0 1
5.851 1 NAVIGATION 0 1 0. 0. 8421.2 0. 0 0
5.866 1 ATTITUDE -0.09082 -0.32666 0.317627
5.872 1 DESIRED -0. 0.15 4.2 -80. -45. 815. 2.
5.875 1 IMU_GYRO -0.023193 0.000977 0.013672
5.966 1 ATTITUDE -0.10498 -0.30957 0.3479
5.969 1 IMU_MAG -0.834961 0.210938 -0.042969
5.971 1 DL_VALUE 6 100.
6.066 1 ATTITUDE -0.125244 -0.29248 0.373291
6.072 1 DESIRED -0. 0.16 4.2 -80. -45. 815. 2.
6.078 1 GPS 0 0 0 0 0 0 0 0 0 0 1
6.101 1 NAVIGATION 0 1 0. 0. 8421.2 0. 0 0
6.138 1 DOWNLINK_STATUS 7 5764 258 0 794. 35. 3.22
6.166 1 ATTITUDE -0.108643 -0.28125 0.368896
6.169 1 ESTIMATOR 0. 0.
6.170 1 STATE_FILTER_STATUS 3 0
6.266 1 ATTITUDE -0.08667 -0.261475 0.408203
6.273 1 DESIRED -0. 0.15 4.2 -80. -45. 815. 2.
6.276 1 WP_MOVED 0 506377. 3566344. 757. 12
6.280 1 NAVIGATION 0 1 0. 0. 8421.2 0. 0 0
6.319 1 GPS 0 0 0 0 0 0 0 0 0 0 1
6.349 1 FBW_STATUS 0 45 1 0 0
6.354 1 NAVIGATION 0 1 0. 0. 8421.2 0. 0 0
6.366 1 ATTITUDE -0.093018 -0.253174 0.405762
6.449 1 COMMANDS 362,526,-1350,0
6.467 1 ATTITUDE -0.081299 -0.236816 0.385742
6.473 1 DESIRED -0. 0.14 4.2 -80. -45. 815. 2.
6.475 1 IMU_GYRO -0.029785 -0.081787 -0.034912
6.479 1 BAT 362 0 0 0 1 10 10 0
6.549 1 ACTUATORS 1037,1567,1459,1500
6.566 1 ATTITUDE -0.08667 -0.242676 0.380859
6.572 1 GPS 0 0 0 0 0 0 0 0 0 0 1
6.575 1 IMU_ACCEL 1.291992 0.882812 9.631836
6.602 1 NAVIGATION 0 1 0. 0. 8421.2 0. 0 0
6.667 1 ATTITUDE -0.084961 -0.237549 0.382812
6.673 1 DESIRED -0. 0.14 4.2 -80. -45. 815. 2.
6.675 1 ESTIMATOR 0. 0.
6.766 1 ATTITUDE -0.081787 -0.223145 0.378418
6.770 1 WP_MOVED 1 506335. 3566302. 765. 12
6.823 1 GPS 0 0 0 0 0 0 0 0 0 0 1
6.852 1 NAVIGATION 0 1 0. 0. 8421.2 0. 0 0
6.866 1 ATTITUDE -0.072754 -0.232666 0.382568
6.872 1 DESIRED -0. 0.14 4.2 -80. -45. 815. 2.
6.966 1 ATTITUDE -0.067871 -0.233643 0.385498
6.969 1 NAVIGATION_REF 506335 3566302 12
7.066 1 ATTITUDE -0.072266 -0.218506 0.381104
7.072 1 DESIRED -0. 0.14 4.2 -80. -45. 815. 2.
7.078 1 GPS 0 0 0 0 0 0 0 0 0 0 1
7.081 1 IMU_GYRO -0.019043 0.088135 0.016846
7.084 1 GPS_SOL 0 0 0 0
7.102 1 NAVIGATION 0 1 0. 0. 8421.2 0. 0 0
7.139 1 DOWNLINK_STATUS 8 6603 296 0 839. 38. 3.22
7.166 1 ATTITUDE -0.067871 -0.228271 0.391113
7.169 1 ESTIMATOR 0. 0.
7.266 1 ATTITUDE -0.069824 -0.224609 0.395996
7.272 1 DESIRED -0. 0.14 4.2 -80. -45. 815. 2.
7.276 1 WP_MOVED 2 506254.8125 3566257.5 815. 12
7.281 1 NAVIGATION 0 1 0. 0. 8421.2 0. 0 0
7.283 1 IMU_MAG -0.773438 0.257324 -0.042969
7.321 1 GPS 0 0 0 0 0 0 0 0 0 0 1
7.354 1 NAVIGATION 0 1 0. 0. 8421.2 0. 0 0
7.366 1 ATTITUDE -0.075195 -0.21167 0.394775
7.369 1 IMU_ACCEL 0.974609 0.522461 9.161133
7.466 1 ATTITUDE -0.062744 -0.20459 0.395264
7.472 1 DESIRED -0. 0.13 4.2 -80. -45. 815. 2.
7.477 1 DL_VALUE 7 1.
7.478 1 ENERGY 0. 0. 0 0.
7.566 1 ATTITUDE -0.067627 -0.203369 0.397949
7.576 1 GPS 0 0 0 0 0 0 0 0 0 0 1
7.576 1 BAT 362 0 0 0 1 11 11 0
7.580 1 ALIVE 178,171,147,124,228,68,47,99,50,170,129,134,142,133,39,35
7.602 1 NAVIGATION 0 1 0. 0. 8421.2 0. 0 0
7.666 1 ATTITUDE -0.062988 -0.205566 0.401123
7.676 1 DESIRED -0. 0.13 4.2 -80. -45. 815. 2.
7.676 1 ESTIMATOR 0. 0.
7.679 1 IMU_GYRO -0.046631 0.027588 0.081787
7.681 1 CALIBRATION 0. 0
7.682 1 PPRZ_MODE 1 3 3 0 0 21
7.766 1 ATTITUDE -0.056396 -0.20874 0.411865
7.770 1 WP_MOVED 3 506350.5 3566257. 805. 12
7.819 1 GPS 0 0 0 0 0 0 0 0 0 0 1
7.851 1 NAVIGATION 0 1 0. 0. 8421.2 0. 0 0
7.866 1 ATTITUDE -0.049316 -0.215088 0.410645
7.872 1 DESIRED -0. 0.13 4.2 -80. -45. 815. 2.
7.966 1 ATTITUDE -0.05127 -0.2146 0.416992
8.068 1 ATTITUDE -0.05127 -0.216309 0.42334
8.072 1 DESIRED -0. 0.13 4.2 -80. -45. 815. 2.
8.078 1 GPS 0 0 0 0 0 0 0 0 0 0 1
8.080 1 DOWNLINK 0 825 437
8.101 1 NAVIGATION 0 1 0. 0. 8421.2 0. 0 0
8.140 1 DOWNLINK_STATUS 9 7445 334 0 842. 38. 3.22
8.166 1 ATTITUDE -0.049561 -0.219238 0.424072
8.169 1 ESTIMATOR 0. 0.
8.172 1 IMU_ACCEL 1.339844 0.364258 9.541016
8.266 1 ATTITUDE -0.049316 -0.213867 0.420166
8.272 1 DESIRED -0. 0.13 4.2 -80. -45. 815. 2.
8.276 1 WP_MOVED 4 506374.40625 3566337.75 805. 12
8.279 1 IMU_GYRO 0.02124 -0.080811 -0.022217
8.283 1 NAVIGATION 0 1 0. 0. 8421.2 0. 0 0
8.322 1 GPS 0 0 0 0 0 0 0 0 0 0 1
8.349 1 FBW_STATUS 0 45 1 0 0
8.353 1 NAVIGATION 0 1 0. 0. 8421.2 0. 0 0
8.366 1 ATTITUDE -0.050537 -0.210205 0.411865
8.368 1 STATE_FILTER_STATUS 3 0
8.466 1 ATTITUDE -0.05249 -0.208252 0.40625
8.473 1 DESIRED -0. 0.13 4.2 -80. -45. 815. 2.
8.566 1 ATTITUDE -0.053223 -0.207031 0.4021
8.574 1 GPS 0 0 0 0 0 0 0 0 0 0 1
8.576 1 IMU_MAG -0.756348 0.269043 -0.037109
8.601 1 NAVIGATION 0 1 0. 0. 8421.2 0. 0 0
8.666 1 ATTITUDE -0.051758 -0.205566 0.397705
8.672 1 DESIRED -0. 0.13 4.2 -80. -45. 815. 2.
8.680 1 ESTIMATOR 0. 0.
8.680 1 BAT 362 0 0 0 1 12 12 0
8.767 1 ATTITUDE -0.04834 -0.205322 0.39624
8.770 1 WP_MOVED 5 506402.3125 3566363.25 820. 12
8.822 1 GPS 0 0 0 0 0 0 0 0 0 0 1
8.851 1 NAVIGATION 0 1 0. 0. 8421.2 0. 0 0
8.867 1 ATTITUDE -0.048096 -0.203125 0.395752
8.872 1 DESIRED -0. 0.13 4.2 -80. -45. 815. 2.
8.875 1 IMU_GYRO 0.00415 0.023193 -0.04248
8.966 1 ATTITUDE -0.049072 -0.201172 0.395996
8.975 1 IMU_ACCEL 1.262695 0.474609 9.665039
8.975 1 DL_VALUE 8 0.
9.066 1 ATTITUDE -0.04834 -0.202148 0.39209
9.078 1 DESIRED -0. 0.13 4.2 -80. -45. 815. 2.
9.079 1 GPS 0 0 0 0 0 0 0 0 0 0 1
9.081 1 GPS_SOL 0 0 0 0
9.102 1 NAVIGATION 0 1 0. 0. 8421.2 0. 0 0
9.140 1 DOWNLINK_STATUS 10 8286 372 0 841. 38. 3.22
9.166 1 ATTITUDE -0.04834 -0.200439 0.389404
9.174 1 ESTIMATOR 0. 0.
9.267 1 ATTITUDE -0.045166 -0.201416 0.388428
9.273 1 DESIRED -0. 0.13 4.2 -80. -45. 815. 2.
9.276 1 WP_MOVED 6 506374.40625 3566337.75 820. 12
9.280 1 NAVIGATION 0 1 0. 0. 8421.2 0. 0 0
9.324 1 GPS 0 0 0 0 0 0 0 0 0 0 1
9.351 1 NAVIGATION 0 1 0. 0. 8421.2 0. 0 0
9.366 1 ATTITUDE -0.045654 -0.197998 0.390381
9.466 1 ATTITUDE -0.047852 -0.195068 0.38916
9.472 1 DESIRED -0. 0.13 4.2 -80. -45. 815. 2.
9.475 1 IMU_GYRO 0. -0.081787 0.070068
9.566 1 ATTITUDE -0.049072 -0.195068 0.385742
9.572 1 GPS 0 0 0 0 0 0 0 0 0 0 1
9.604 1 NAVIGATION 0 1 0. 0. 8421.2 0. 0 0
9.637 1 PONG 
9.666 1 ATTITUDE -0.047852 -0.194336 0.383545
9.672 1 DESIRED -0. 0.13 4.2 -80. -45. 815. 2.
9.674 1 ESTIMATOR 0. 0.
9.766 1 ATTITUDE -0.041992 -0.195068 0.37085
9.770 1 WP_MOVED 7 506350.5 3566270.75 805. 12
9.773 1 IMU_ACCEL 1.81543 0.335938 9.583984
9.776 1 BAT 362 0 0 0 1 13 13 0
9.778 1 CALIBRATION 0. 0
9.823 1 GPS 0 0 0 0 0 0 0 0 0 0 1
9.851 1 NAVIGATION 0 1 0. 0. 8421.2 0. 0 0
9.866 1 ATTITUDE -0.029053 -0.196045 0.297363
9.872 1 DESIRED -0. 0.12 4.2 -80. -45. 815. 2.
9.875 1 IMU_MAG -0.842285 0.286133 0.005371
9.966 1 ATTITUDE -0.021973 -0.193115 0.241943
9.970 1 ENERGY 0. 0. 0 0.
10.066 1 ATTITUDE -0.012207 -0.197266 0.203857
10.072 1 DESIRED -0. 0.11 4.2 -80. -45. 815. 2.
10.078 1 GPS 0 0 0 0 0 0 0 0 0 0 1
10.081 1 IMU_GYRO -0.012695 0.272217 0.026367
10.101 1 NAVIGATION 0 1 0. 0. 8421.2 0. 0 0
10.141 1 DOWNLINK_STATUS 11 9095 408 0 809. 36. 3.09
10.166 1 ATTITUDE -0.009766 -0.189209 0.190186
10.169 1 ESTIMATOR 0. 0.
10.266 1 ATTITUDE -0.003174 -0.199707 0.188721
10.272 1 DESIRED -0. 0.11 4.2 -80. -45. 815. 2.
10.275 1 WP_MOVED 8 506254.8125 3566257.5 815. 12
10.280 1 NAVIGATION 0 1 0. 0. 8421.2 0. 0 0
10.324 1 GPS 0 0 0 0 0 0 0 0 0 0 1
10.351 1 NAVIGATION 0 1 0. 0. 8421.2 0. 0 0
10.353 1 FBW_STATUS 0 45 1 0 0
10.366 1 ATTITUDE 0.008057 -0.2146 0.184814
10.466 1 ATTITUDE 0.021729 -0.221436 0.156494
10.472 1 DESIRED -0. 0.12 4.2 -80. -45. 815. 2.
10.474 1 DL_VALUE 9 1.
10.566 1 ATTITUDE 0.029541 -0.230469 0.190186
10.572 1 GPS 0 0 0 0 0 0 0 0 0 0 1
10.576 1 IMU_ACCEL 3.242188 -0.220703 9.427734
10.577 1 STATE_FILTER_STATUS 3 0
10.601 1 NAVIGATION 0 1 0. 0. 8421.2 0. 0 0
10.666 1 ATTITUDE 0.029541 -0.226074 0.199219
10.672 1 DESIRED -0. 0.12 4.2 -80. -45. 815. 2.
10.674 1 ESTIMATOR 0. 0.
10.678 1 IMU_GYRO -0.001953 0.077637 -0.039307
10.767 1 ATTITUDE 0.035889 -0.231689 0.181641
10.770 1 WP_MOVED 9 506213.8125 3566287.5 815. 12
10.825 1 GPS 0 0 0 0 0 0 0 0 0 0 1
10.851 1 NAVIGATION 0 1 0. 0. 8421.2 0. 0 0
10.866 1 ATTITUDE 0.046143 -0.243652 0.150146
10.872 1 DESIRED -0. 0.13 4.2 -80. -45. 815. 2.
10.875 1 BAT 362 0 0 0 1 14 14 0
10.967 1 ATTITUDE 0.054688 -0.244141 0.121094
11.067 1 ATTITUDE 0.06958 -0.25 0.068359
11.073 1 DESIRED -0. 0.14 4.2 -80. -45. 815. 2.
11.078 1 GPS 0 0 0 0 0 0 0 0 0 0 1
11.085 1 GPS_SOL 0 0 0 0
11.101 1 NAVIGATION 0 1 0. 0. 8421.2 0. 0 0
11.142 1 DOWNLINK_STATUS 12 9882 443 0 787. 35. 3.09
11.166 1 ATTITUDE 0.080811 -0.254395 0.041748
11.168 1 ESTIMATOR 0. 0.
11.172 1 IMU_MAG -0.932617 0.373047 0.106445
11.267 1 ATTITUDE 0.085938 -0.246094 0.009521
11.280 1 DESIRED -0. 0.14 4.2 -80. -45. 815. 2.
11.280 1 WP_MOVED 0 506377. 3566344. 757. 12
11.280 1 IMU_GYRO -0.116943 -0.366943 -0.02124
11.283 1 NAVIGATION 0 1 0. 0. 8421.2 0. 0 0
11.319 1 GPS 0 0 0 0 0 0 0 0 0 0 1
11.351 1 NAVIGATION 0 1 0. 0. 8421.2 0. 0 0
11.366 1 ATTITUDE 0.094727 -0.24707 -0.023926
11.369 1 IMU_ACCEL 5.168945 -0.950195 8.111328
11.449 1 COMMANDS 362,-687,1155,0
11.466 1 ATTITUDE 0.104004 -0.258545 -0.064209
11.472 1 DESIRED -0. 0.15 4.2 -80. -45. 815. 2.
11.549 1 ACTUATORS 1037,1433,1534,1500
11.566 1 ATTITUDE 0.106445 -0.255127 -0.066895
11.572 1 GPS 0 0 0 0 0 0 0 0 0 0 1
11.602 1 NAVIGATION 0 1 0. 0. 8421.2 0. 0 0
11.666 1 ATTITUDE 0.104736 -0.24585 -0.052979
11.672 1 DESIRED -0. 0.15 4.2 -80. -45. 815. 2.
11.674 1 ESTIMATOR 0. 0.
11.766 1 ATTITUDE 0.104248 -0.240234 -0.045898
11.769 1 WP_MOVED 1 506335. 3566302. 765. 12
11.819 1 GPS 0 0 0 0 0 0 0 0 0 0 1
11.851 1 NAVIGATION 0 1 0. 0. 8421.2 0. 0 0
11.868 1 ATTITUDE 0.081055 -0.221924 0.051025
11.872 1 DESIRED -0. 0.14 4.2 -80. -45. 815. 2.
11.875 1 IMU_GYRO 0.242432 1.55249 -0.503174
11.877 1 CALIBRATION 0. 0
11.966 1 ATTITUDE 0.048828 -0.196777 0.143799
11.969 1 BAT 362 0 0 0 1 15 15 0
11.971 1 DL_VALUE 10 0.
12.066 1 ATTITUDE 0.035645 -0.196533 0.188232
12.072 1 DESIRED -0. 0.12 4.2 -80. -45. 815. 2.
12.078 1 GPS 0 0 0 0 0 0 0 0 0 0 1
12.101 1 NAVIGATION 0 1 0. 0. 8421.2 0. 0 0
12.143 1 DOWNLINK_STATUS 13 10706 480 0 824. 37. 3.09
12.166 1 ATTITUDE 0.035645 -0.199219 0.194336
12.168 1 ESTIMATOR 0. 0.
12.172 1 IMU_ACCEL 3.530273 -0.339844 8.880859
12.266 1 ATTITUDE 0.01001 -0.196533 0.292236
12.272 1 DESIRED -0. 0.11 4.2 -80. -45. 815. 2.
12.275 1 WP_MOVED 2 506254.8125 3566257.5 815. 12
12.280 1 NAVIGATION 0 1 0. 0. 8421.2 0. 0 0
12.327 1 GPS 0 0 0 0 0 0 0 0 0 0 1
12.349 1 FBW_STATUS 0 45 1 0 0
12.353 1 NAVIGATION 0 1 0. 0. 8421.2 0. 0 0
12.366 1 ATTITUDE -0.010742 -0.198242 0.353271
12.466 1 ATTITUDE -0.026367 -0.205322 0.388184
12.472 1 DESIRED -0. 0.12 4.2 -80. -45. 815. 2.
12.475 1 IMU_GYRO 0.116943 0.297852 0.00415
12.478 1 IMU_MAG -0.685547 0.286133 -0.037109
12.482 1 ENERGY 0. 0. 0 0.
12.566 1 ATTITUDE -0.035645 -0.214355 0.419189
12.572 1 GPS 0 0 0 0 0 0 0 0 0 0 1
12.576 1 ALIVE 178,171,147,124,228,68,47,99,50,170,129,134,142,133,39,35
12.601 1 NAVIGATION 0 1 0. 0. 8421.2 0. 0 0
12.666 1 ATTITUDE -0.038818 -0.213623 0.424072
12.672 1 DESIRED -0. 0.12 4.2 -80. -45. 815. 2.
12.674 1 ESTIMATOR 0. 0.
12.676 1 PPRZ_MODE 1 3 3 0 0 21
12.766 1 ATTITUDE -0.040039 -0.208252 0.423584
12.769 1 WP_MOVED 3 506350.5 3566257. 805. 12
12.771 1 STATE_FILTER_STATUS 3 0
12.819 1 GPS 0 0 0 0 0 0 0 0 0 0 1
12.851 1 NAVIGATION 0 1 0. 0. 8421.2 0. 0 0
12.866 1 ATTITUDE -0.043457 -0.210693 0.428711
12.872 1 DESIRED -0. 0.13 4.2 -80. -45. 815. 2.
12.966 1 ATTITUDE -0.04248 -0.212891 0.430664
12.969 1 IMU_ACCEL 0.758789 0.397461 9.769531
13.066 1 ATTITUDE -0.042236 -0.214111 0.430664
13.072 1 DESIRED -0. 0.13 4.2 -80. -45. 815. 2.
13.078 1 GPS 0 0 0 0 0 0 0 0 0 0 1
13.081 1 IMU_GYRO -0.008301 -0.005127 0.019043
13.084 1 BAT 362 0 0 0 1 16 16 0
13.101 1 NAVIGATION 0 1 0. 0. 8421.2 0. 0 0
13.144 1 DOWNLINK_STATUS 14 11574 519 0 868. 39. 3.09
13.166 1 ATTITUDE -0.041992 -0.215576 0.431152
13.168 1 ESTIMATOR 0. 0.
13.170 1 DOWNLINK 1 823 626
13.179 1 WIND_INFO 1 42 0. 0. 0.
13.267 1 ATTITUDE -0.041504 -0.21875 0.428955
13.272 1 DESIRED -0. 0.13 4.2 -80. -45. 815. 2.
13.275 1 WP_MOVED 4 506374.40625 3566337.75 805. 12
13.281 1 NAVIGATION 0 1 0. 0. 8421.2 0. 0 0
13.319 1 GPS 0 0 0 0 0 0 0 0 0 0 1
13.351 1 NAVIGATION 0 1 0. 0. 8421.2 0. 0 0
13.366 1 ATTITUDE -0.044922 -0.219727 0.426758
13.466 1 ATTITUDE -0.044678 -0.220703 0.427979
13.476 1 DESIRED -0. 0.13 4.2 -80. -45. 815. 2.
13.476 1 DL_VALUE 11 1.
13.566 1 ATTITUDE -0.044678 -0.219727 0.429688
13.572 1 GPS 0 0 0 0 0 0 0 0 0 0 1
13.602 1 NAVIGATION 0 1 0. 0. 8421.2 0. 0 0
13.666 1 ATTITUDE -0.04541 -0.218994 0.428955
13.672 1 DESIRED -0. 0.13 4.2 -80. -45. 815. 2.
13.674 1 ESTIMATOR 0. 0.
13.681 1 IMU_GYRO -0.010498 0.013672 0.007324
13.766 1 ATTITUDE -0.043701 -0.221924 0.427246
13.769 1 WP_MOVED 5 506402.3125 3566363.25 820. 12
13.772 1 IMU_ACCEL 0.710938 0.378906 9.72168
13.776 1 IMU_MAG -0.67334 0.271973 -0.048828
13.818 1 GPS 0 0 0 0 0 0 0 0 0 0 1
13.851 1 NAVIGATION 0 1 0. 0. 8421.2 0. 0 0
13.866 1 ATTITUDE -0.021973 -0.233643 0.36499
13.872 1 DESIRED -0. 0.12 4.2 -80. -45. 815. 2.
13.967 1 ATTITUDE 0.042969 -0.275635 0.106201
13.968 1 CALIBRATION 0. 0
14.066 1 ATTITUDE 0.071289 -0.306152 0.035645
14.072 1 DESIRED -0. 0.14 4.2 -80. -45. 815. 2.
14.077 1 GPS 0 0 0 0 0 0 0 0 0 0 1
14.101 1 NAVIGATION 0 1 0. 0. 8421.2 0. 0 0
14.145 1 DOWNLINK_STATUS 15 12341 553 0 767. 34. 3.09
14.166 1 ATTITUDE 0.069092 -0.289062 0.029053
14.168 1 ESTIMATOR 0. 0.
14.172 1 BAT 362 0 0 0 1 17 17 0
14.266 1 ATTITUDE 0.064697 -0.281494 0.066895
14.272 1 DESIRED -0. 0.14 4.2 -80. -45. 815. 2.
14.275 1 WP_MOVED 6 506374.40625 3566337.75 820. 12
14.278 1 IMU_GYRO 0.033936 0.17749 -0.027588
14.283 1 NAVIGATION 0 1 0. 0. 8421.2 0. 0 0
14.318 1 GPS 0 0 0 0 0 0 0 0 0 0 1
14.349 1 FBW_STATUS 0 45 1 0 0
14.353 1 NAVIGATION 0 1 0. 0. 8421.2 0. 0 0
14.366 1 ATTITUDE 0.064453 -0.272705 0.053711
14.466 1 ATTITUDE 0.064453 -0.255371 0.042725
14.472 1 DESIRED -0. 0.14 4.2 -80. -45. 815. 2.
14.566 1 ATTITUDE 0.054688 -0.248779 0.086914
14.572 1 GPS 0 0 0 0 0 0 0 0 0 0 1
14.575 1 IMU_ACCEL 4.049805 -1.986328 7.750977
14.601 1 NAVIGATION 0 1 0. 0. 8421.2 0. 0 0
14.637 1 PONG 
14.666 1 ATTITUDE 0.050537 -0.249756 0.077393
14.672 1 DESIRED -0. 0.13 4.2 -80. -45. 815. 2.
14.674 1 ESTIMATOR 0. 0.
14.766 1 ATTITUDE 0.019775 -0.223877 0.12915
14.769 1 WP_MOVED 7 506350.5 3566270.75 805. 12
14.818 1 GPS 0 0 0 0 0 0 0 0 0 0 1
14.852 1 NAVIGATION 0 1 0. 0. 8421.2 0. 0 0
14.866 1 ATTITUDE 0.002686 -0.20459 0.129639
14.872 1 DESIRED -0. 0.11 4.2 -80. -45. 815. 2.
14.875 1 IMU_GYRO 0.176514 -0.128662 -0.268066
14.966 1 ATTITUDE -0.024902 -0.196533 0.098633
14.968 1 DL_VALUE 0 0.
14.969 1 STATE_FILTER_STATUS 3 0
14.973 1 ENERGY 0. 0. 0 0.
15.066 1 ATTITUDE -0.047119 -0.154541 0.117432
15.072 1 DESIRED -0. 0.13 4.2 -80. -45. 815. 2.
15.077 1 GPS 0 0 0 0 0 0 0 0 0 0 1
15.081 1 IMU_MAG -0.92041 0.254395 0.02002
15.083 1 GPS_SOL 0 0 0 0
15.101 1 NAVIGATION 0 1 0. 0. 8421.2 0. 0 0
15.145 1 DOWNLINK_STATUS 16 13190 592 0 849. 39. 2.62
15.167 1 ATTITUDE -0.028076 -0.155762 0.103516
15.168 1 ESTIMATOR 0. 0.
15.266 1 ATTITUDE -0.011719 -0.155029 0.056152
15.272 1 DESIRED -0. 0.11 4.2 -80. -45. 815. 2.
15.275 1 WP_MOVED 8 506254.8125 3566257.5 815. 12
15.280 1 NAVIGATION 0 1 0. 0. 8421.2 0. 0 0
15.283 1 BAT 362 0 0 0 1 18 18 0
15.318 1 GPS 0 0 0 0 0 0 0 0 0 0 1
15.351 1 NAVIGATION 0 1 0. 0. 8421.2 0. 0 0
15.366 1 ATTITUDE 0.017822 -0.14917 0.017822
15.369 1 IMU_ACCEL 4.664062 -0.249023 8.748047
15.467 1 ATTITUDE 0.034424 -0.150391 -0.024658
15.473 1 DESIRED -0. 0.12 4.2 -80. -45. 815. 2.
15.475 1 IMU_GYRO 0.044678 -0.589355 0.069092
15.567 1 ATTITUDE 0.022705 -0.153076 -0.081543
15.571 1 GPS 0 0 0 0 0 0 0 0 0 0 1
15.601 1 NAVIGATION 0 1 0. 0. 8421.2 0. 0 0
15.667 1 ATTITUDE 0.013428 -0.141357 -0.110596
15.672 1 DESIRED -0. 0.11 4.2 -80. -45. 815. 2.
15.674 1 ESTIMATOR 0. 0.
15.771 1 ATTITUDE 0.005127 -0.131104 -0.106934
15.771 1 WP_MOVED 9 506213.8125 3566287.5 815. 12
15.818 1 GPS 0 0 0 0 0 0 0 0 0 0 1
15.851 1 NAVIGATION 0 1 0. 0. 8421.2 0. 0 0
15.866 1 ATTITUDE 0.004639 -0.113281 -0.128174
15.873 1 DESIRED -0. 0.11 4.2 -80. -45. 815. 2.
15.966 1 ATTITUDE 0.007324 -0.106689 -0.155273
15.968 1 NAVIGATION_REF 506335 3566302 12
16.066 1 ATTITUDE 0.007324 -0.105713 -0.173828
16.072 1 DESIRED -0. 0.11 4.2 -80. -45. 815. 2.
16.077 1 GPS 0 0 0 0 0 0 0 0 0 0 1
16.080 1 IMU_GYRO -0.051025 -0.282959 -0.078613
16.082 1 CALIBRATION 0. 0
16.102 1 NAVIGATION 0 1 0. 0. 8421.2 0. 0 0
16.146 1 DOWNLINK_STATUS 17 13970 626 0 780. 34. 2.62
16.166 1 ATTITUDE 0.013428 -0.09668 -0.207031
16.168 1 ESTIMATOR 0. 0.
16.171 1 IMU_ACCEL 6.571289 -0.244141 7.356445
16.266 1 ATTITUDE 0.022705 -0.094238 -0.230469
16.272 1 DESIRED -0. 0.12 4.2 -80. -45. 815. 2.
16.275 1 WP_MOVED 0 506377. 3566344. 757. 12
16.280 1 NAVIGATION 0 1 0. 0. 8421.2 0. 0 0
16.318 1 GPS 0 0 0 0 0 0 0 0 0 0 1
16.350 1 FBW_STATUS 0 46 1 0 0
16.353 1 NAVIGATION 0 1 0. 0. 8421.2 0. 0 0
16.366 1 ATTITUDE 0.022949 -0.087891 -0.255371
16.369 1 BAT 362 0 0 0 1 20 20 0
16.372 1 IMU_MAG -1.197266 0.33252 0.287598
16.448 1 COMMANDS 362,-156,2084,0
16.466 1 ATTITUDE 0.020508 -0.088867 -0.269531
16.472 1 DESIRED -0. 0.12 4.2 -80. -45. 815. 2.
16.474 1 DL_VALUE 1 0.
16.548 1 ACTUATORS 1037,1407,1587,1500
16.566 1 ATTITUDE 0.018066 -0.085693 -0.27832
16.571 1 GPS 0 0 0 0 0 0 0 0 0 0 1
16.600 1 NAVIGATION 0 1 0. 0. 8421.2 0. 0 0
16.666 1 ATTITUDE 0.016113 -0.086426 -0.291016
16.672 1 DESIRED -0. 0.11 4.2 -80. -45. 815. 2.
16.674 1 ESTIMATOR 0. 0.
16.677 1 IMU_GYRO -0.033936 -0.192383 0.005127
16.766 1 ATTITUDE 0.018066 -0.091064 -0.303955
16.769 1 WP_MOVED 1 506335. 3566302. 765. 12
16.818 1 GPS 0 0 0 0 0 0 0 0 0 0 1
16.852 1 NAVIGATION 0 1 0. 0. 8421.2 0. 0 0
16.866 1 ATTITUDE 0.023193 -0.093994 -0.304932
16.872 1 DESIRED -0. 0.12 4.2 -80. -45. 815. 2.
16.966 1 ATTITUDE 0.024902 -0.095947 -0.29834
16.969 1 IMU_ACCEL 7.128906 -0.287109 6.573242
17.066 1 ATTITUDE 0.020264 -0.094238 -0.292236
17.072 1 DESIRED -0. 0.12 4.2 -80. -45. 815. 2.
17.077 1 GPS 0 0 0 0 0 0 0 0 0 0 1
17.080 1 GPS_SOL 0 0 0 0
17.100 1 NAVIGATION 0 1 0. 0. 8421.2 0. 0 0
17.147 1 DOWNLINK_STATUS 18 14814 664 0 844. 38. 2.62
17.166 1 ATTITUDE 0.014404 -0.087402 -0.286865
17.168 1 ESTIMATOR 0. 0.
17.170 1 STATE_FILTER_STATUS 3 0
17.266 1 ATTITUDE 0.012939 -0.083496 -0.301514
17.273 1 DESIRED -0. 0.11 4.2 -80. -45. 815. 2.
17.275 1 WP_MOVED 2 506254.8125 3566257.5 815. 12
17.278 1 IMU_GYRO -0.108398 -0.158447 -0.028564
17.283 1 NAVIGATION 0 1 0. 0. 8421.2 0. 0 0
17.318 1 GPS 0 0 0 0 0 0 0 0 0 0 1
17.351 1 NAVIGATION 0 1 0. 0. 8421.2 0. 0 0
17.366 1 ATTITUDE 0.017822 -0.073486 -0.312012
17.466 1 ATTITUDE 0.01416 -0.076416 -0.302246
17.472 1 DESIRED -0. 0.11 4.2 -80. -45. 815. 2.
17.475 1 BAT 362 0 0 0 1 21 21 0
17.478 1 ENERGY 0. 0. 0 0.
17.567 1 ATTITUDE 0.008301 -0.087402 -0.290527
17.571 1 GPS 0 0 0 0 0 0 0 0 0 0 1
17.575 1 ALIVE 178,171,147,124,228,68,47,99,50,170,129,134,142,133,39,35
17.601 1 NAVIGATION 0 1 0. 0. 8421.2 0. 0 0
17.666 1 ATTITUDE 0.010254 -0.088379 -0.274658
17.672 1 DESIRED -0. 0.11 4.2 -80. -45. 815. 2.
17.674 1 ESTIMATOR 0. 0.
17.677 1 IMU_MAG -1.214355 0.306641 0.293457
17.680 1 PPRZ_MODE 1 3 3 0 0 21
17.767 1 ATTITUDE 0.008301 -0.101318 -0.198486
17.769 1 WP_MOVED 3 506350.5 3566257. 805. 12
17.772 1 IMU_ACCEL 6.292969 -0.033203 7.703125
17.818 1 GPS 0 0 0 0 0 0 0 0 0 0 1
17.851 1 NAVIGATION 0 1 0. 0. 8421.2 0. 0 0
17.868 1 ATTITUDE 0.007324 -0.100586 -0.16333
17.872 1 DESIRED -0. 0.11 4.2 -80. -45. 815. 2.
17.875 1 IMU_GYRO -0.091309 0.065918 -0.007324
17.966 1 ATTITUDE 0.012939 -0.099121 -0.167725
17.968 1 DL_VALUE 2 815.
18.066 1 ATTITUDE 0.007324 -0.105469 -0.14917
18.071 1 DESIRED -0. 0.11 4.2 -80. -45. 815. 2.
18.077 1 GPS 0 0 0 0 0 0 0 0 0 0 1
18.101 1 NAVIGATION 0 1 0. 0. 8421.2 0. 0 0
18.148 1 DOWNLINK_STATUS 19 15661 702 0 847. 38. 2.62
18.166 1 ATTITUDE 0.008301 -0.105469 -0.149658
18.168 1 ESTIMATOR 0. 0.
18.170 1 CALIBRATION 0. 0
18.266 1 ATTITUDE 0.007324 -0.10791 -0.150391
18.271 1 DESIRED -0. 0.11 4.2 -80. -45. 815. 2.
18.275 1 WP_MOVED 4 506374.40625 3566337.75 805. 12
18.280 1 NAVIGATION 0 1 0. 0. 8421.2 0. 0 0
18.281 1 DOWNLINK 1 822 814
18.318 1 GPS 0 0 0 0 0 0 0 0 0 0 1
18.348 1 FBW_STATUS 0 46 1 0 0
18.353 1 NAVIGATION 0 1 0. 0. 8421.2 0. 0 0
18.366 1 ATTITUDE 0.00293 -0.110596 -0.130859
18.466 1 ATTITUDE 0. -0.111084 -0.126465
18.471 1 DESIRED -0. 0.11 4.2 -80. -45. 815. 2.
18.475 1 IMU_GYRO 0.012695 0.069092 0.047852
18.566 1 ATTITUDE 0.002197 -0.111816 -0.122803
18.571 1 GPS 0 0 0 0 0 0 0 0 0 0 1
18.574 1 IMU_ACCEL 5.764648 -0.042969 7.807617
18.578 1 BAT 362 0 0 0 1 22 22 0
18.601 1 NAVIGATION 0 1 0. 0. 8421.2 0. 0 0
18.667 1 ATTITUDE 0.007568 -0.11377 -0.11377
18.671 1 DESIRED -0. 0.11 4.2 -80. -45. 815. 2.
18.674 1 ESTIMATOR 0. 0.
18.766 1 ATTITUDE 0.014893 -0.11792 -0.102783
18.769 1 WP_MOVED 5 506402.3125 3566363.25 820. 12
18.818 1 GPS 0 0 0 0 0 0 0 0 0 0 1
18.850 1 NAVIGATION 0 1 0. 0. 8421.2 0. 0 0
18.867 1 ATTITUDE 0.019775 -0.12207 -0.102295
18.871 1 DESIRED -0. 0.12 4.2 -80. -45. 815. 2.
18.965 1 ATTITUDE 0.023193 -0.121338 -0.086914
18.969 1 IMU_MAG -1.086914 0.32959 0.178223
19.066 1 ATTITUDE 0.022705 -0.12207 -0.081787
19.071 1 DESIRED -0. 0.12 4.2 -80. -45. 815. 2.
19.077 1 GPS 0 0 0 0 0 0 0 0 0 0 1
19.080 1 IMU_GYRO -0.012695 -0.103027 0.057373
19.083 1 GPS_SOL 0 0 0 0
19.100 1 NAVIGATION 0 1 0. 0. 8421.2 0. 0 0
19.149 1 DOWNLINK_STATUS 20 16486 739 0 825. 37. 2.62
19.166 1 ATTITUDE 0.02124 -0.124268 -0.078125
19.168 1 ESTIMATOR 0. 0.
19.267 1 ATTITUDE 0.019531 -0.124756 -0.068115
19.271 1 DESIRED -0. 0.12 4.2 -80. -45. 815. 2.
19.275 1 WP_MOVED 6 506374.40625 3566337.75 820. 12
19.279 1 NAVIGATION 0 1 0. 0. 8421.2 0. 0 0
19.318 1 GPS 0 0 0 0 0 0 0 0 0 0 1
19.350 1 NAVIGATION 0 1 0. 0. 8421.2 0. 0 0
19.366 1 ATTITUDE 0.022461 -0.128418 -0.064941
19.369 1 IMU_ACCEL 5.457031 -0.311523 7.945312
19.370 1 STATE_FILTER_STATUS 3 0
19.465 1 ATTITUDE 0.02124 -0.130859 -0.060303
19.471 1 DESIRED -0. 0.12 4.2 -80. -45. 815. 2.
19.473 1 DL_VALUE 3 0.
19.565 1 ATTITUDE 0.01709 -0.133301 -0.051758
19.571 1 GPS 0 0 0 0 0 0 0 0 0 0 1
19.600 1 NAVIGATION 0 1 0. 0. 8421.2 0. 0 0
19.638 1 PONG 
19.666 1 ATTITUDE 0.023193 -0.13208 -0.053711
19.672 1 DESIRED -0. 0.12 4.2 -80. -45. 815. 2.
19.674 1 ESTIMATOR 0. 0.
19.677 1 IMU_GYRO -0.04248 -0.019043 0.008301
19.680 1 BAT 362 0 0 0 1 23 23 0
19.766 1 ATTITUDE 0.020508 -0.133057 -0.053955
19.769 1 WP_MOVED 7 506350.5 3566270.75 805. 12
19.818 1 GPS 0 0 0 0 0 0 0 0 0 0 1
19.850 1 NAVIGATION 0 1 0. 0. 8421.2 0. 0 0
19.865 1 ATTITUDE 0.018799 -0.133545 -0.052246
19.872 1 DESIRED -0. 0.12 4.2 -80. -45. 815. 2.
19.970 1 ATTITUDE 0.016357 -0.136475 -0.048096
19.970 1 ENERGY 0. 0. 0 0.
20.070 1 ATTITUDE 0.01123 -0.136475 -0.04126
20.071 1 DESIRED -0. 0.11 4.2 -80. -45. 815. 2.
20.077 1 GPS 0 0 0 0 0 0 0 0 0 0 1
20.101 1 NAVIGATION 0 1 0. 0. 8421.2 0. 0 0
20.150 1 DOWNLINK_STATUS 21 17268 774 0 782. 35. 2.62
20.165 1 ATTITUDE 0.017578 -0.134277 -0.042725
20.176 1 ESTIMATOR 0. 0.
20.176 1 IMU_ACCEL 5.298828 -0.287109 8.1875
20.265 1 ATTITUDE 0.014648 -0.132812 -0.041016
20.271 1 DESIRED -0. 0.11 4.2 -80. -45. 815. 2.
20.275 1 WP_MOVED 8 506254.8125 3566257.5 815. 12
20.278 1 IMU_GYRO 0.089355 0.0979 0.013672
20.283 1 NAVIGATION 0 1 0. 0. 8421.2 0. 0 0
20.284 1 CALIBRATION 0. 0
20.318 1 GPS 0 0 0 0 0 0 0 0 0 0 1
20.349 1 FBW_STATUS 0 46 1 0 0
20.353 1 NAVIGATION 0 1 0. 0. 8421.2 0. 0 0
20.365 1 ATTITUDE 0.010254 -0.134766 -0.038574
20.465 1 ATTITUDE 0.007812 -0.130615 -0.035156
20.471 1 DESIRED -0. 0.11 4.2 -80. -45. 815. 2.
20.565 1 ATTITUDE 0.006348 -0.133057 -0.031738
20.571 1 GPS 0 0 0 0 0 0 0 0 0 0 1
20.601 1 NAVIGATION 0 1 0. 0. 8421.2 0. 0 0
20.665 1 ATTITUDE 0.004883 -0.131592 -0.029053
20.671 1 DESIRED -0. 0.11 4.2 -80. -45. 815. 2.
20.674 1 ESTIMATOR 0. 0.
20.765 1 ATTITUDE 0.008789 -0.132324 -0.032715
20.769 1 WP_MOVED 9 506213.8125 3566287.5 815. 12
20.772 1 BAT 362 0 0 0 1 24 24 0
20.818 1 GPS 0 0 0 0 0 0 0 0 0 0 1
20.850 1 NAVIGATION 0 1 0. 0. 8421.2 0. 0 0
20.865 1 ATTITUDE 0.018311 -0.134277 -0.03418
20.871 1 DESIRED -0. 0.11 4.2 -80. -45. 815. 2.
20.874 1 IMU_GYRO -0.023193 0.008301 0.039307
20.965 1 ATTITUDE 0.014893 -0.137939 -0.028564
20.969 1 IMU_ACCEL 5.086914 -0.234375 8.182617
20.970 1 DL_VALUE 4 0.
21.065 1 ATTITUDE 0.015137 -0.135498 -0.0271
21.071 1 DESIRED -0. 0.11 4.2 -80. -45. 815. 2.
21.077 1 GPS 0 0 0 0 0 0 0 0 0 0 1
21.080 1 GPS_SOL 0 0 0 0
21.100 1 NAVIGATION 0 1 0. 0. 8421.2 0. 0 0
21.151 1 DOWNLINK_STATUS 22 18093 811 0 825. 37. 2.62
21.165 1 ATTITUDE 0.019043 -0.137207 -0.030029
21.168 1 ESTIMATOR 0. 0.
21.265 1 ATTITUDE 0.01709 -0.137451 -0.033691
21.271 1 DESIRED -0. 0.11 4.2 -80. -45. 815. 2.
21.275 1 WP_MOVED 0 506377. 3566344. 757. 12
21.279 1 NAVIGATION 0 1 0. 0. 8421.2 0. 0 0
21.318 1 GPS 0 0 0 0 0 0 0 0 0 0 1
21.350 1 NAVIGATION 0 1 0. 0. 8421.2 0. 0 0
21.365 1 ATTITUDE 0.015137 -0.136475 -0.034424
21.448 1 COMMANDS 362,-118,810,0
21.465 1 ATTITUDE 0.014893 -0.138184 -0.032715
21.471 1 DESIRED -0. 0.11 4.2 -80. -45. 815. 2.
21.474 1 IMU_GYRO -0.023193 0.023193 0.013672
21.548 1 ACTUATORS 1037,1465,1530,1500
21.565 1 ATTITUDE 0.015137 -0.135498 -0.032227
21.571 1 GPS 0 0 0 0 0 0 0 0 0 0 1
21.574 1 IMU_MAG -1.050293 0.32959 0.140625
21.576 1 STATE_FILTER_STATUS 3 0
21.600 1 NAVIGATION 0 1 0. 0. 8421.2 0. 0 0
21.665 1 ATTITUDE 0.012939 -0.134033 -0.030029
21.671 1 DESIRED -0. 0.11 4.2 -80. -45. 815. 2.
21.674 1 ESTIMATOR 0. 0.
21.765 1 ATTITUDE 0.009521 -0.13501 -0.025635
21.769 1 WP_MOVED 1 506335. 3566302. 765. 12
21.772 1 IMU_ACCEL 5.197266 -0.206055 8.154297
21.818 1 GPS 0 0 0 0 0 0 0 0 0 0 1
21.852 1 NAVIGATION 0 1 0. 0. 8421.2 0. 0 0
21.865 1 ATTITUDE 0.009766 -0.132568 -0.023438
21.872 1 DESIRED -0. 0.11 4.2 -80. -45. 815. 2.
21.875 1 BAT 362 0 0 0 1 25 25 0
21.965 1 ATTITUDE 0.008789 -0.131592 -0.019287
22.065 1 ATTITUDE 0.010254 -0.131348 -0.016357
22.071 1 DESIRED -0. 0.11 4.2 -80. -45. 815. 2.
22.077 1 GPS 0 0 0 0 0 0 0 0 0 0 1
22.080 1 IMU_GYRO 0.006348 -0.025391 0.011475
22.100 1 NAVIGATION 0 1 0. 0. 8421.2 0. 0 0
22.152 1 DOWNLINK_STATUS 23 18904 847 0 811. 36. 2.62
22.165 1 ATTITUDE 0.009766 -0.130859 -0.014648
22.168 1 ESTIMATOR 0. 0.
22.265 1 ATTITUDE 0.009766 -0.131592 -0.008057
22.275 1 DESIRED -0. 0.11 4.2 -80. -45. 815. 2.
22.275 1 WP_MOVED 2 506254.8125 3566257.5 815. 12
22.279 1 NAVIGATION 0 1 0. 0. 8421.2 0. 0 0
22.318 1 GPS 0 0 0 0 0 0 0 0 0 0 1
22.350 1 NAVIGATION 0 1 0. 0. 8421.2 0. 0 0
22.354 1 FBW_STATUS 0 46 1 0 0
22.365 1 ATTITUDE 0.005859 -0.132568 -0.000977
22.367 1 CALIBRATION 0. 0
22.465 1 ATTITUDE 0.006348 -0.131592 0.005371
22.471 1 DESIRED -0. 0.11 4.2 -80. -45. 815. 2.
22.473 1 DL_VALUE 5 0.
22.477 1 ENERGY 0. 0. 0 0.
22.565 1 ATTITUDE 0.003906 -0.132568 0.010742
22.571 1 GPS 0 0 0 0 0 0 0 0 0 0 1
22.574 1 IMU_ACCEL 4.72168 -0.071289 8.482422
22.579 1 ALIVE 178,171,147,124,228,68,47,99,50,170,129,134,142,133,39,35
22.602 1 NAVIGATION 0 1 0. 0. 8421.2 0. 0 0
22.665 1 ATTITUDE -0.003174 -0.131104 0.031006
22.671 1 DESIRED -0. 0.11 4.2 -80. -45. 815. 2.
22.674 1 ESTIMATOR 0. 0.
22.677 1 IMU_GYRO 0.272217 0.625732 -0.109375
22.679 1 PPRZ_MODE 1 3 3 0 0 21
22.765 1 ATTITUDE -0.020264 -0.130127 0.062744
22.769 1 WP_MOVED 3 506350.5 3566257. 805. 12
22.818 1 GPS 0 0 0 0 0 0 0 0 0 0 1
22.854 1 NAVIGATION 0 1 0. 0. 8421.2 0. 0 0
22.865 1 ATTITUDE -0.028076 -0.121826 0.084473
22.871 1 DESIRED -0. 0.12 4.2 -80. -45. 815. 2.
22.874 1 IMU_MAG -0.974609 0.277832 0.057129
22.965 1 ATTITUDE -0.042236 -0.106201 0.112061
22.969 1 BAT 362 0 0 0 1 26 26 0
23.065 1 ATTITUDE -0.047607 -0.066895 0.20874
23.071 1 DESIRED -0. 0.13 4.2 -80. -45. 815. 2.
23.077 1 GPS 0 0 0 0 0 0 0 0 0 0 1
23.080 1 GPS_SOL 0 0 0 0
23.100 1 NAVIGATION 0 1 0. 0. 8421.2 0. 0 0
23.153 1 DOWNLINK_STATUS 24 19766 886 0 862. 39. 2.62
23.165 1 ATTITUDE -0.13501 0.018799 0.549561
23.168 1 ESTIMATOR 0. 0.
23.179 1 WIND_INFO 1 42 0. 0. 0.
23.265 1 ATTITUDE -0.193115 -0.005371 0.664062
23.271 1 DESIRED -0. 0.19 4.2 -80. -45. 815. 2.
23.275 1 WP_MOVED 4 506374.40625 3566337.75 805. 12
23.278 1 IMU_GYRO 0.327637 0.395752 -0.089355
23.282 1 NAVIGATION 0 1 0. 0. 8421.2 0. 0 0
23.318 1 GPS 0 0 0 0 0 0 0 0 0 0 1
23.350 1 NAVIGATION 0 1 0. 0. 8421.2 0. 0 0
23.365 1 ATTITUDE -0.218262 -0.020752 0.717773
23.369 1 IMU_ACCEL -2.228516 1.967773 9.588867
23.370 1 DOWNLINK 2 824 1002
23.465 1 ATTITUDE -0.223389 -0.03125 0.729492
23.472 1 DESIRED -0. 0.2 4.2 -80. -45. 815. 2.
23.565 1 ATTITUDE -0.235352 -0.033203 0.775146
23.571 1 GPS 0 0 0 0 0 0 0 0 0 0 1
23.600 1 NAVIGATION 0 1 0. 0. 8421.2 0. 0 0
23.665 1 ATTITUDE -0.239014 -0.043701 0.780273
23.671 1 DESIRED -0. 0.21 4.2 -80. -45. 815. 2.
23.674 1 ESTIMATOR 0. 0.
23.765 1 ATTITUDE -0.24707 -0.054688 0.802246
23.769 1 WP_MOVED 5 506402.3125 3566363.25 820. 12
23.770 1 STATE_FILTER_STATUS 3 0
23.818 1 GPS 0 0 0 0 0 0 0 0 0 0 1
23.850 1 NAVIGATION 0 1 0. 0. 8421.2 0. 0 0
23.865 1 ATTITUDE -0.248779 -0.061768 0.812744
23.871 1 DESIRED -0. 0.22 4.2 -80. -45. 815. 2.
23.874 1 IMU_GYRO 0.057373 0.372314 -0.063721
23.965 1 ATTITUDE -0.253662 -0.067871 0.827148
23.967 1 DL_VALUE 6 100.
24.066 1 ATTITUDE -0.258057 -0.077148 0.839111
24.071 1 DESIRED -0. 0.22 4.2 -80. -45. 815. 2.
24.077 1 GPS 0 0 0 0 0 0 0 0 0 0 1
24.080 1 BAT 362 0 0 0 1 27 27 0
24.100 1 NAVIGATION 0 1 0. 0. 8421.2 0. 0 0
24.154 1 DOWNLINK_STATUS 25 20551 921 0 785. 35. 2.62
24.166 1 ATTITUDE -0.263672 -0.08667 0.854248
24.169 1 ESTIMATOR 0. 0.
24.171 1 IMU_ACCEL -3.199219 1.765625 8.914062
24.174 1 IMU_MAG -0.516602 0.115723 -0.152344
24.265 1 ATTITUDE -0.265137 -0.094727 0.852295
24.271 1 DESIRED -0. 0.22 4.2 -80. -45. 815. 2.
24.275 1 WP_MOVED 6 506374.40625 3566337.75 820. 12
24.279 1 NAVIGATION 0 1 0. 0. 8421.2 0. 0 0
24.318 1 GPS 0 0 0 0 0 0 0 0 0 0 1
24.348 1 FBW_STATUS 0 46 1 0 0
24.352 1 NAVIGATION 0 1 0. 0. 8421.2 0. 0 0
24.365 1 ATTITUDE -0.269287 -0.101562 0.864258
24.465 1 ATTITUDE -0.269287 -0.107422 0.866211
24.472 1 DESIRED -0. 0.22 4.2 -80. -45. 815. 2.
24.479 1 IMU_GYRO 0.00415 0.049805 0.019043
24.479 1 CALIBRATION 0. 0
24.565 1 ATTITUDE -0.270508 -0.116211 0.866455
24.571 1 GPS 0 0 0 0 0 0 0 0 0 0 1
24.600 1 NAVIGATION 0 1 0. 0. 8421.2 0. 0 0
24.639 1 PONG 
24.665 1 ATTITUDE -0.280029 -0.124512 0.894043
24.671 1 DESIRED -0. 0.23 4.2 -80. -45. 815. 2.
24.673 1 ESTIMATOR 0. 0.
24.766 1 ATTITUDE -0.281494 -0.129883 0.895752
24.769 1 WP_MOVED 7 506350.5 3566270.75 805. 12
24.819 1 GPS 0 0 0 0 0 0 0 0 0 0 1
24.850 1 NAVIGATION 0 1 0. 0. 8421.2 0. 0 0
24.865 1 ATTITUDE -0.282715 -0.135254 0.896729
24.871 1 DESIRED -0. 0.23 4.2 -80. -45. 815. 2.
24.965 1 ATTITUDE -0.286865 -0.143066 0.907471
24.968 1 IMU_ACCEL -3.900391 1.645508 8.767578
24.973 1 ENERGY 0. 0. 0 0.
24.974 1 NAVIGATION_REF 506335 3566302 12
25.065 1 ATTITUDE -0.286621 -0.147949 0.906738
25.071 1 DESIRED -0. 0.23 4.2 -80. -45. 815. 2.
25.077 1 GPS 0 0 0 0 0 0 0 0 0 0 1
25.080 1 IMU_GYRO -0.008301 0.00415 0.008301
25.083 1 GPS_SOL 0 0 0 0
25.106 1 NAVIGATION 0 1 0. 0. 8421.2 0. 0 0
25.155 1 DOWNLINK_STATUS 26 21404 960 0 853. 39. 2.8
25.165 1 ATTITUDE -0.287354 -0.1521 0.906738
25.168 1 ESTIMATOR 0. 0.
25.171 1 BAT 362 0 0 0 1 28 28 0
25.265 1 ATTITUDE -0.289307 -0.156738 0.914307
25.271 1 DESIRED -0. 0.23 4.2 -80. -45. 815. 2.
25.274 1 WP_MOVED 8 506254.8125 3566257.5 815. 12
25.279 1 NAVIGATION 0 1 0. 0. 8421.2 0. 0 0
25.318 1 GPS 0 0 0 0 0 0 0 0 0 0 1
25.351 1 NAVIGATION 0 1 0. 0. 8421.2 0. 0 0
25.365 1 ATTITUDE -0.288818 -0.161621 0.913086
25.465 1 ATTITUDE -0.29126 -0.166992 0.91626
25.471 1 DESIRED -0. 0.23 4.2 -80. -45. 815. 2.
25.474 1 IMU_MAG -0.477539 0.104004 -0.146484
25.476 1 DL_VALUE 7 1.
25.565 1 ATTITUDE -0.292725 -0.17041 0.922119
25.571 1 GPS 0 0 0 0 0 0 0 0 0 0 1
25.600 1 NAVIGATION 0 1 0. 0. 8421.2 0. 0 0
25.665 1 ATTITUDE -0.29126 -0.172852 0.919434
25.671 1 DESIRED -0. 0.23 4.2 -80. -45. 815. 2.
25.673 1 ESTIMATOR 0. 0.
25.677 1 IMU_GYRO -0.023193 -0.111572 0.003174
25.765 1 ATTITUDE -0.317627 -0.205566 0.969727
25.769 1 WP_MOVED 9 506213.8125 3566287.5 815. 12
25.772 1 IMU_ACCEL -5.389648 2.672852 8.691406
25.818 1 GPS 0 0 0 0 0 0 0 0 0 0 1
25.850 1 NAVIGATION 0 1 0. 0. 8421.2 0. 0 0
25.865 1 ATTITUDE -0.310059 -0.202637 0.950195
25.872 1 DESIRED -0. 0.24 4.2 -80. -45. 815. 2.
25.965 1 ATTITUDE -0.319824 -0.200928 0.984375
25.967 1 STATE_FILTER_STATUS 3 0
26.066 1 ATTITUDE -0.313232 -0.189941 0.969238
26.071 1 DESIRED -0. 0.24 4.2 -80. -45. 815. 2.
26.077 1 GPS 0 0 0 0 0 0 0 0 0 0 1
26.100 1 NAVIGATION 0 1 0. 0. 8421.2 0. 0 0
26.155 1 DOWNLINK_STATUS 27 22178 994 0 774. 34. 2.8
26.166 1 ATTITUDE -0.317383 -0.186035 0.979004
26.167 1 ESTIMATOR 0. 0.
26.267 1 ATTITUDE -0.327393 -0.185059 0.998291
26.272 1 DESIRED -0. 0.25 4.2 -80. -45. 815. 2.
26.274 1 WP_MOVED 0 506377. 3566344. 757. 12
26.278 1 IMU_GYRO 0.144531 0.520264 -0.236084
26.282 1 NAVIGATION 0 1 0. 0. 8421.2 0. 0 0
26.318 1 GPS 0 0 0 0 0 0 0 0 0 0 1
26.349 1 FBW_STATUS 0 45 1 0 0
26.352 1 NAVIGATION 0 1 0. 0. 8421.2 0. 0 0
26.369 1 ATTITUDE -0.330811 -0.193115 0.986328
27.156 1 DOWNLINK_STATUS 28 22417 1005 0 239. 11. 2.8
28.157 1 DOWNLINK_STATUS 29 22417 1005 0 0. 0. 2.8
29.158 1 DOWNLINK_STATUS 30 22417 1005 0 0. 0. 2.8
30.159 1 DOWNLINK_STATUS 31 22417 1005 0 0. 0. -4998.16
31.161 1 DOWNLINK_STATUS 32 22417 1005 0 0. 0. -4998.16
32.161 1 DOWNLINK_STATUS 33 22417 1005 0 0. 0. -4998.16
33.162 1 DOWNLINK_STATUS 34 22417 1005 0 0. 0. -4998.16
33.179 1 WIND_INFO 1 42 0. 0. 0.
34.163 1 DOWNLINK_STATUS 35 22417 1005 0 0. 0. -4998.16
35.164 1 DOWNLINK_STATUS 36 22417 1005 0 0. 0. -9998.63
36.164 1 DOWNLINK_STATUS 37 22417 1005 0 0. 0. -9998.63
37.165 1 DOWNLINK_STATUS 38 22417 1005 0 0. 0. -9998.63
38.167 1 DOWNLINK_STATUS 39 22417 1005 0 0. 0. -9998.63
39.168 1 DOWNLINK_STATUS 40 22417 1005 0 0. 0. -9998.63
40.169 1 DOWNLINK_STATUS 41 22417 1005 0 0. 0. -14999.39
41.171 1 DOWNLINK_STATUS 42 22417 1005 0 0. 0. -14999.39
42.172 1 DOWNLINK_STATUS 43 22417 1005 0 0. 0. -14999.39
43.173 1 DOWNLINK_STATUS 44 22417 1005 0 0. 0. -14999.39
43.179 1 WIND_INFO 1 42 0. 0. 0.
44.174 1 DOWNLINK_STATUS 45 22417 1005 0 0. 0. -14999.39
45.174 1 DOWNLINK_STATUS 46 22417 1005 0 0. 0. -20000.96
