10.880 1 WIND_INFO 1 42 0. 0. 0.
20.880 1 WIND_INFO 1 42 0. 0. 0.
30.880 1 WIND_INFO 1 42 0. 0. 0.
40.881 1 WIND_INFO 1 42 0. 0. 0.
50.881 1 WIND_INFO 1 42 0. 0. 0.
60.881 1 WIND_INFO 1 42 0. 0. 0.
70.881 1 WIND_INFO 1 42 0. 0. 0.
80.881 1 WIND_INFO 1 42 0. 0. 0.
90.881 1 WIND_INFO 1 42 0. 0. 0.
100.881 1 WIND_INFO 1 42 0. 0. 0.
103.746 1 ESTIMATOR 766.72998 1.09
103.857 1 ATTITUDE -0.349609 3.049072 -0.049072
103.869 1 NAVIGATION 0 4 10.6 -37.2 13495.4 1567.1 0 0
103.951 1 IMU_ACCEL 0.822266 -2.65625 9.521484
104.129 1 DOWNLINK_STATUS 104 1174 62 709 44. 2. -1.3376101024e+12
104.365 1 DOWNLINK_STATUS 196 69509 3156 662 32. 2. -175005.03
104.929 1 FBW_STATUS 0 42 0 121 0
105.130 1 DOWNLINK_STATUS 105 1174 62 709 0. 0. -1.3376101024e+12
105.366 1 DOWNLINK_STATUS 197 69523 3157 664 14. 1. -175005.03
105.953 1 BAT 10 121 0 166 0 229 99 0
106.047 1 ATTITUDE -0.31958 2.8479 0.020996
106.131 1 DOWNLINK_STATUS 106 1174 62 709 0. 0. -1.33761010741e+12
106.152 1 GPS 3 50634952 356627776 4 764554 706 -269 1689 138112250 12 4
106.367 1 DOWNLINK_STATUS 198 69594 3160 672 71. 3. -175005.03
106.444 1 ATTITUDE -0.292725 2.933838 0.026611
107.132 1 DOWNLINK_STATUS 107 1174 62 709 0. 0. -1.33761010741e+12
107.158 1 GPS 3 50634760 356628352 3371 763844 662 -245 1689 138113250 12 8
107.158 1 SVINFO 8 18 13 6 35 23 91
107.368 1 DOWNLINK_STATUS 199 69659 3163 681 65. 3. -175005.03
108.133 1 DOWNLINK_STATUS 108 1174 62 709 0. 0. -1.33761010741e+12
108.369 1 DOWNLINK_STATUS 200 69659 3163 681 0. 0. -175005.03
108.654 1 ATTITUDE -0.219727 -3.135742 0.022949
108.936 1 NAVIGATION 0 4 3.6 -12. 9420.7 156.7 0 0
109.134 1 DOWNLINK_STATUS 109 1174 62 709 0. 0. -1.33761010741e+12
109.149 1 GPS 3 50633792 356629088 2988 763291 708 -195 1689 138115250 12 16
109.370 1 DOWNLINK_STATUS 201 69703 3165 699 44. 2. -180006.05
109.391 1 GPS 3 50633664 356629088 2964 763150 688 -252 1689 138115500 12 17
110.135 1 DOWNLINK_STATUS 110 1240 64 737 66. 2. -1.33761010741e+12
110.371 1 DOWNLINK_STATUS 202 69703 3165 699 0. 0. -180006.05
110.650 1 ATTITUDE -0.196289 -2.947998 -0.033936
110.881 1 WIND_INFO 1 42 0. 0. 0.
111.136 1 DOWNLINK_STATUS 111 1258 65 742 18. 1. -1.33761011241e+12
111.151 1 ATTITUDE -0.177246 -2.913086 -0.017822
111.372 1 DOWNLINK_STATUS 203 69721 3166 713 18. 1. -180006.05
112.137 1 DOWNLINK_STATUS 112 1258 65 742 0. 0. -1.33761011241e+12
112.147 1 ATTITUDE -0.175781 -2.776855 -0.023193
112.373 1 DOWNLINK_STATUS 204 69739 3167 721 18. 1. -180006.05
113.138 1 DOWNLINK_STATUS 113 1258 65 742 0. 0. -1.33761011241e+12
113.266 1 PPRZ_MODE 0 3 3 0 0 17
113.374 1 DOWNLINK_STATUS 205 69751 3168 732 12. 1. -180006.05
114.139 1 DOWNLINK_STATUS 114 1258 65 742 0. 0. -1.33761011241e+12
114.148 1 GPS 3 50630192 356628480 2273 761193 743 73 1689 138120250 12 4
114.375 1 DOWNLINK_STATUS 206 69784 3169 737 33. 1. -185007.1
115.139 1 DOWNLINK_STATUS 115 1258 65 742 0. 0. -1.33761011241e+12
115.352 1 IMU_MAG 0.472656 -1.056152 -0.22998
115.376 1 DOWNLINK_STATUS 207 69802 3170 744 18. 1. -185007.1
115.739 1 ATTITUDE -0.251709 -2.576416 -0.073975
115.743 1 ESTIMATOR 761.060974 -1.5
115.857 1 ATTITUDE -0.250244 -2.537598 -0.052979
115.957 1 ATTITUDE -0.256836 -2.515137 -0.043213
116.140 1 DOWNLINK_STATUS 116 1326 69 780 68. 4. -1.33761011741e+12
116.146 1 ATTITUDE -0.270264 -2.472412 -0.023193
116.377 1 DOWNLINK_STATUS 208 69820 3171 750 18. 1. -185007.1
116.942 1 FBW_STATUS 0 49 0 120 0
117.141 1 DOWNLINK_STATUS 117 1340 70 787 14. 1. -1.33761011741e+12
117.378 1 DOWNLINK_STATUS 209 69820 3171 750 0. 0. -185007.1
117.669 1 GPS_SOL 906 247 155 11
118.142 1 DOWNLINK_STATUS 118 1357 71 793 17. 1. -1.33761011741e+12
118.379 1 DOWNLINK_STATUS 210 69820 3171 750 0. 0. -185007.1
118.454 1 DESIRED -0.02 0.19 0.8 67. 61. 820. 2.
118.930 1 NAVIGATION 0 4 -35. -51.5 23173. 3879.4 0 0
119.143 1 DOWNLINK_STATUS 119 1391 72 802 34. 1. -1.33761011741e+12
119.163 1 BAT 2796 120 0 179 0 242 112 0
119.380 1 DOWNLINK_STATUS 211 69866 3173 769 46. 2. -190008.03
120.144 1 DOWNLINK_STATUS 120 1391 72 802 0. 0. -1.33761011741e+12
120.381 1 DOWNLINK_STATUS 212 69866 3173 769 0. 0. -190008.03
120.881 1 WIND_INFO 1 42 0. 0. 0.
130.881 1 WIND_INFO 1 42 0. 0. 0.
140.882 1 WIND_INFO 1 42 0. 0. 0.
150.881 1 WIND_INFO 1 42 0. 0. 0.
160.882 1 WIND_INFO 1 42 0. 0. 0.
170.882 1 WIND_INFO 1 42 0. 0. 0.
180.882 1 WIND_INFO 1 42 0. 0. 0.
190.882 1 WIND_INFO 1 42 0. 0. 0.
200.882 1 WIND_INFO 1 42 0. 0. 0.
210.882 1 WIND_INFO 1 42 0. 0. 0.
220.882 1 WIND_INFO 1 42 0. 0. 0.
230.882 1 WIND_INFO 1 42 0. 0. 0.
240.882 1 WIND_INFO 1 42 0. 0. 0.
250.893 1 WIND_INFO 1 42 0. 0. 0.
260.885 1 WIND_INFO 1 42 0. 0. 0.
270.885 1 WIND_INFO 1 42 0. 0. 0.
280.885 1 WIND_INFO 1 42 0. 0. 0.
290.885 1 WIND_INFO 1 42 0. 0. 0.
300.885 1 WIND_INFO 1 42 0. 0. 0.
310.885 1 WIND_INFO 1 42 0. 0. 0.
320.886 1 WIND_INFO 1 42 0. 0. 0.
330.886 1 WIND_INFO 1 42 0. 0. 0.
340.888 1 WIND_INFO 1 42 0. 0. 0.
