22.128 1 GPS 0 1130805120 0 0 -17000 0 0 0 41250 12 6
22.152 1 DOWNLINK_STATUS 5 4154 186 0 882. 40. 0.
22.161 1 NAVIGATION 0 2 10801716. -3566302. 1.29394907546e+14 1.29395570246e+14 0 0
22.176 1 ATTITUDE 0.480225 2.28125 -0.546387
22.182 1 DESIRED -0.74 0.31 5. 16. -45. 805. 2.
22.276 1 ATTITUDE 0.480225 2.28125 -0.546387
22.376 1 ATTITUDE 0.480469 2.28125 -0.546143
22.382 1 DESIRED -0.74 0.31 5. 16. -45. 805. 2.
22.387 1 GPS 0 1130805120 0 0 -17000 0 0 0 41500 12 7
22.411 1 NAVIGATION 0 2 10801716. -3566302. 1.29394907546e+14 1.29395570246e+14 0 0
22.476 1 ATTITUDE 0.481445 2.28125 -0.545654
22.478 1 ESTIMATOR -16.999998 -3e-06
22.576 1 ATTITUDE 0.486572 2.278564 -0.546631
22.583 1 DESIRED -0.74 0.31 5. 16. -45. 805. 2.
22.585 1 WP_MOVED 4 506374.40625 3566337.75 805. 12
22.588 1 IMU_GYRO 0. -0.005127 0.00415
22.593 1 NAVIGATION 0 2 10801716. -3566302. 1.29394907546e+14 1.29395570246e+14 0 0
22.628 1 GPS 0 1130805120 0 0 -17000 0 0 0 41750 12 8
22.652 1 PONG 
22.658 1 FBW_STATUS 0 46 1 0 0
22.663 1 NAVIGATION 0 2 10801716. -3566302. 1.29394907546e+14 1.29395570246e+14 0 0
22.676 1 ATTITUDE 0.483154 2.281738 -0.544678
22.679 1 BAT 0 0 0 0 1 42 40 0
22.776 1 ATTITUDE 0.480225 2.282471 -0.544922
22.782 1 DESIRED -0.74 0.31 5. 16. -45. 805. 2.
22.785 1 IMU_MAG 0.234863 -0.358887 2.48291
22.878 1 ATTITUDE 0.481689 2.281982 -0.545166
22.882 1 GPS 0 1130805120 0 0 -17000 0 0 0 42000 12 9
22.885 1 IMU_ACCEL -5.144531 -3.887695 -7.560547
22.911 1 NAVIGATION 0 2 10801716. -3566302. 1.29394907546e+14 1.29395570246e+14 0 0
22.977 1 ATTITUDE 0.482422 2.28125 -0.546143
22.982 1 DESIRED -0.74 0.31 5. 16. -45. 805. 2.
22.984 1 ESTIMATOR -16.999998 -4e-06
22.986 1 DOWNLINK 4 825 1559
23.076 1 ATTITUDE 0.482178 2.28125 -0.546387
23.081 1 WP_MOVED 5 506402.3125 3566363.25 820. 12
23.128 1 GPS 0 1130805120 0 0 -17000 0 0 0 42250 12 10
23.153 1 DOWNLINK_STATUS 6 4939 221 0 785. 35. 3.11
23.161 1 NAVIGATION 0 2 10801716. -3566302. 1.29394907546e+14 1.29395570246e+14 0 0
23.177 1 ATTITUDE 0.483154 2.281494 -0.546631
23.182 1 DESIRED -0.74 0.31 5. 16. -45. 805. 2.
23.185 1 IMU_GYRO -0.001953 0.000977 0.02124
23.276 1 ATTITUDE 0.481934 2.282227 -0.545898
23.278 1 DL_VALUE 4 0.
23.377 1 ATTITUDE 0.483154 2.281738 -0.546143
23.382 1 DESIRED -0.74 0.31 5. 16. -45. 805. 2.
23.387 1 GPS 0 1130805120 0 0 -17000 0 0 0 42500 12 11
23.390 1 GPS_SOL 649519040 3775 9999 0
23.411 1 NAVIGATION 0 2 10801716. -3566302. 1.29394907546e+14 1.29395570246e+14 0 0
23.476 1 ATTITUDE 0.48291 2.281738 -0.546387
23.478 1 ESTIMATOR -17. -4e-06
23.480 1 CALIBRATION -150. 0
23.482 1 STATE_FILTER_STATUS 3 0
23.576 1 ATTITUDE 0.482666 2.281738 -0.545898
23.582 1 DESIRED -0.74 0.31 5. 16. -45. 805. 2.
23.585 1 WP_MOVED 6 506374.40625 3566337.75 820. 12
23.590 1 NAVIGATION 0 2 10801716. -3566302. 1.29394907546e+14 1.29395570246e+14 0 0
23.628 1 GPS 0 1130805120 0 0 -17000 0 0 0 42750 12 12
23.661 1 NAVIGATION 0 2 10801716. -3566302. 1.29394907546e+14 1.29395570246e+14 0 0
23.676 1 ATTITUDE 0.48291 2.281982 -0.546143
23.679 1 IMU_ACCEL -5.144531 -3.920898 -7.546875
23.776 1 ATTITUDE 0.481201 2.283203 -0.544922
23.782 1 DESIRED -0.74 0.31 5. 16. -45. 805. 2.
23.785 1 IMU_GYRO 0.001953 -0.011475 0.015869
23.788 1 BAT 0 0 0 0 1 43 41 0
23.876 1 ATTITUDE 0.481201 2.282959 -0.544922
23.881 1 GPS 0 1130805120 0 0 -17000 0 0 0 43000 12 13
23.911 1 NAVIGATION 0 2 10801716. -3566302. 1.29394907546e+14 1.29395570246e+14 0 0
23.976 1 ATTITUDE 0.480225 2.282227 -0.545166
23.982 1 DESIRED -0.74 0.31 5. 16. -45. 805. 2.
23.984 1 ESTIMATOR -17.000002 -4e-06
24.076 1 ATTITUDE 0.480713 2.281982 -0.544678
24.079 1 WP_MOVED 7 506350.5 3566270.75 805. 12
24.082 1 IMU_MAG 0.227539 -0.347168 2.480469
24.128 1 GPS 0 1130805120 0 0 -17000 0 0 0 43250 12 14
24.154 1 DOWNLINK_STATUS 7 5759 258 0 820. 37. 3.11
24.161 1 NAVIGATION 0 2 10801716. -3566302. 1.29394907546e+14 1.29395570246e+14 0 0
24.176 1 ATTITUDE 0.47998 2.282471 -0.543701
24.182 1 DESIRED -0.74 0.31 5. 16. -45. 805. 2.
24.276 1 ATTITUDE 0.478027 2.283691 -0.542725
24.279 1 ENERGY 0. 0. 0 0.
24.376 1 ATTITUDE 0.472168 2.290527 -0.539062
24.382 1 DESIRED -0.74 0.31 5. 16. -45. 805. 2.
24.387 1 GPS 0 1130805120 0 0 -17000 0 0 0 43500 12 15
24.390 1 IMU_GYRO -0.040283 0.080811 0.060547
24.417 1 NAVIGATION 0 2 10801716. -3566302. 1.29394907546e+14 1.29395570246e+14 0 0
24.476 1 ATTITUDE 0.461182 2.302734 -0.532715
24.478 1 ESTIMATOR -17.000002 -3e-06
24.481 1 IMU_ACCEL -4.750977 -3.901367 -7.166992
24.576 1 ATTITUDE 0.463379 2.30127 -0.534668
24.582 1 DESIRED -0.74 0.3 5. 16. -45. 805. 2.
24.585 1 WP_MOVED 8 506254.8125 3566257.5 815. 12
24.590 1 NAVIGATION 0 2 10801716. -3566302. 1.29394907546e+14 1.29395570246e+14 0 0
24.628 1 GPS 0 1130805120 0 0 -17000 0 0 0 43750 12 16
24.658 1 FBW_STATUS 0 46 1 0 0
24.663 1 NAVIGATION 0 2 10801716. -3566302. 1.29394907546e+14 1.29395570246e+14 0 0
24.676 1 ATTITUDE 0.460938 2.304688 -0.531982
24.776 1 ATTITUDE 0.441895 2.327148 -0.517822
24.782 1 DESIRED -0.74 0.29 5. 16. -45. 805. 2.
24.784 1 DL_VALUE 5 0.
24.876 1 ATTITUDE 0.441162 2.32666 -0.517578
24.881 1 GPS 0 1130805120 0 0 -17000 0 0 0 44000 12 1
24.885 1 BAT 0 0 0 0 1 44 42 0
24.910 1 NAVIGATION 0 2 10801716. -3566302. 1.29394907546e+14 1.29395570246e+14 0 0
24.976 1 ATTITUDE 0.446533 2.318848 -0.521973
24.982 1 DESIRED -0.74 0.29 5. 16. -45. 805. 2.
24.984 1 ESTIMATOR -17.000002 -3e-06
24.987 1 IMU_GYRO -0.010498 -0.006348 0.024414
25.076 1 ATTITUDE 0.443604 2.323486 -0.518066
25.079 1 WP_MOVED 9 506213.8125 3566287.5 815. 12
25.128 1 GPS 0 1130805120 0 0 -17000 0 0 0 44250 12 2
25.154 1 DOWNLINK_STATUS 8 6558 293 0 799. 35. 3.11
25.160 1 NAVIGATION 0 2 10801716. -3566302. 1.29394907546e+14 1.29395570246e+14 0 0
25.176 1 ATTITUDE 0.441406 2.32373 -0.519531
25.182 1 DESIRED -0.74 0.29 5. 16. -45. 805. 2.
25.276 1 ATTITUDE 0.421875 2.336426 -0.514404
25.279 1 IMU_ACCEL -4.520508 -3.599609 -8.135742
25.376 1 ATTITUDE 0.402344 2.352295 -0.501221
25.382 1 DESIRED -0.74 0.28 5. 16. -45. 805. 2.
25.387 1 GPS 0 1130805120 0 0 -17000 0 0 0 44500 12 3
25.390 1 IMU_MAG 0.146484 -0.428223 2.523438
25.393 1 GPS_SOL 649519040 3841 9999 0
25.410 1 NAVIGATION 0 2 10801716. -3566302. 1.29394907546e+14 1.29395570246e+14 0 0
25.476 1 ATTITUDE 0.391602 2.357666 -0.492432
25.478 1 ESTIMATOR -17.000002 -2e-06
25.576 1 ATTITUDE 0.393799 2.349854 -0.496826
25.582 1 DESIRED -0.74 0.27 5. 16. -45. 805. 2.
25.585 1 WP_MOVED 0 506377. 3566344. 757. 12
25.588 1 IMU_GYRO -0.036133 -0.061523 0.011475
25.593 1 NAVIGATION 0 2 10801716. -3566302. 1.29394907546e+14 1.29395570246e+14 0 0
25.595 1 CALIBRATION -150. 0
25.628 1 GPS 0 1130805120 0 0 -17000 0 0 0 44750 12 4
25.660 1 NAVIGATION 0 2 10801716. -3566302. 1.29394907546e+14 1.29395570246e+14 0 0
25.676 1 ATTITUDE 0.391357 2.344482 -0.501465
25.677 1 STATE_FILTER_STATUS 3 0
25.758 1 COMMANDS 0,-7489,4264,-28
25.776 1 ATTITUDE 0.400146 2.334961 -0.511719
25.782 1 DESIRED -0.74 0.27 5. 16. -45. 805. 2.
25.858 1 ACTUATORS 1000,1137,1504,1499
25.876 1 ATTITUDE 0.416504 2.322998 -0.52124
25.881 1 GPS 0 1130805120 0 0 -17000 0 0 0 45000 12 5
25.910 1 NAVIGATION 0 2 10801716. -3566302. 1.29394907546e+14 1.29395570246e+14 0 0
25.976 1 ATTITUDE 0.426025 2.319336 -0.5271
25.982 1 DESIRED -0.74 0.29 5. 16. -45. 805. 2.
25.984 1 ESTIMATOR -17.000002 -1e-06
25.987 1 BAT 0 0 0 0 1 45 43 0
26.076 1 ATTITUDE 0.419434 2.331543 -0.520752
26.079 1 WP_MOVED 1 506335. 3566302. 765. 12
26.082 1 IMU_ACCEL -4.943359 -3.326172 -7.522461
26.128 1 GPS 0 1130805120 0 0 -17000 0 0 0 45250 12 6
26.155 1 DOWNLINK_STATUS 9 7397 331 0 839. 38. 3.11
26.160 1 NAVIGATION 0 2 10801716. -3566302. 1.29394907546e+14 1.29395570246e+14 0 0
26.176 1 ATTITUDE 0.412598 2.3396 -0.513184
26.182 1 DESIRED -0.74 0.28 5. 16. -45. 805. 2.
26.185 1 IMU_GYRO 0.031738 -0.052979 0.001953
26.276 1 ATTITUDE 0.415771 2.337158 -0.512939
26.277 1 DL_VALUE 6 100.
26.376 1 ATTITUDE 0.438965 2.315186 -0.52832
26.382 1 DESIRED -0.74 0.29 5. 16. -45. 805. 2.
26.387 1 GPS 0 1130805120 0 0 -17000 0 0 0 45500 12 7
26.410 1 NAVIGATION 0 2 10801716. -3566302. 1.29394907546e+14 1.29395570246e+14 0 0
26.476 1 ATTITUDE 0.457275 2.306641 -0.529785
26.478 1 ESTIMATOR -17.000002 -1e-06
26.576 1 ATTITUDE 0.455811 2.316406 -0.509766
26.581 1 DESIRED -0.74 0.3 5. 16. -45. 805. 2.
26.585 1 WP_MOVED 2 506254.8125 3566257.5 815. 12
26.589 1 NAVIGATION 0 2 10801716. -3566302. 1.29394907546e+14 1.29395570246e+14 0 0
26.628 1 GPS 0 1130805120 0 0 -17000 0 0 0 45750 12 8
26.658 1 FBW_STATUS 0 46 1 0 0
26.663 1 NAVIGATION 0 2 10801716. -3566302. 1.29394907546e+14 1.29395570246e+14 0 0
26.676 1 ATTITUDE 0.460449 2.317627 -0.48999
26.679 1 IMU_MAG 0.148926 -0.364258 2.566406
26.776 1 ATTITUDE 0.466309 2.314453 -0.466553
26.781 1 DESIRED -0.74 0.3 5. 16. -45. 805. 2.
26.785 1 IMU_GYRO 0.070068 0.27124 -0.060547
26.788 1 ENERGY 0. 0. 0 0.
26.876 1 ATTITUDE 0.479492 2.308105 -0.442383
26.881 1 GPS 0 1130805120 0 0 -17000 0 0 0 46000 12 9
26.884 1 IMU_ACCEL -4.150391 -4.00293 -7.689453
26.888 1 ALIVE 112,66,248,248,162,132,62,76,192,50,22,74,8,129,117,74
26.910 1 NAVIGATION 0 2 10801716. -3566302. 1.29394907546e+14 1.29395570246e+14 0 0
26.976 1 ATTITUDE 0.487061 2.299316 -0.41626
26.981 1 DESIRED -0.74 0.31 5. 16. -45. 805. 2.
26.984 1 ESTIMATOR -17.000002 -0.
26.986 1 PPRZ_MODE 2 3 3 0 0 21
27.076 1 ATTITUDE 0.440186 2.3479 -0.386963
27.079 1 WP_MOVED 3 506350.5 3566257. 805. 12
27.082 1 BAT 0 0 0 0 1 46 44 0
27.128 1 GPS 0 1130805120 0 0 -17000 0 0 0 46250 12 10
27.156 1 DOWNLINK_STATUS 10 8249 369 0 852. 38. 3.11
27.160 1 NAVIGATION 0 2 10801716. -3566302. 1.29394907546e+14 1.29395570246e+14 0 0
27.176 1 ATTITUDE 0.379883 2.415283 -0.369873
27.181 1 DESIRED -0.74 0.27 5. 16. -45. 805. 2.
27.276 1 ATTITUDE 0.353271 2.423584 -0.369385
27.278 1 NAVIGATION_REF 506335 3566302 12
27.376 1 ATTITUDE 0.362549 2.381836 -0.400391
27.381 1 DESIRED -0.74 0.26 5. 16. -45. 805. 2.
27.387 1 GPS 0 1130805120 0 0 -17000 0 0 0 46500 12 11
27.390 1 IMU_GYRO 0.131836 -0.427734 -0.218018
27.393 1 GPS_SOL 649519040 3905 9999 0
27.410 1 NAVIGATION 0 2 10801716. -3566302. 1.29394907546e+14 1.29395570246e+14 0 0
27.476 1 ATTITUDE 0.394043 2.331299 -0.421387
27.478 1 ESTIMATOR -17.000002 1e-06
27.576 1 ATTITUDE 0.391113 2.332764 -0.417969
27.581 1 DESIRED -0.74 0.27 5. 16. -45. 805. 2.
27.585 1 WP_MOVED 4 506374.40625 3566337.75 805. 12
27.589 1 NAVIGATION 0 2 10801716. -3566302. 1.29394907546e+14 1.29395570246e+14 0 0
27.628 1 GPS 0 1130805120 0 0 -17000 0 0 0 46750 12 12
27.652 1 PONG 
27.660 1 NAVIGATION 0 2 10801716. -3566302. 1.29394907546e+14 1.29395570246e+14 0 0
27.675 1 ATTITUDE 0.383789 2.344727 -0.395508
27.679 1 IMU_ACCEL -3.732422 -3.258789 -8.553711
27.681 1 CALIBRATION -150. 0
27.776 1 ATTITUDE 0.340088 2.388184 -0.331299
27.781 1 DESIRED -0.74 0.25 5. 16. -45. 805. 2.
27.783 1 DL_VALUE 7 2.
27.875 1 ATTITUDE 0.195068 2.516846 -0.345947
27.881 1 GPS 0 1130805120 0 0 -17000 0 0 0 47000 12 13
27.883 1 STATE_FILTER_STATUS 3 0
27.910 1 NAVIGATION 0 2 10801716. -3566302. 1.29394907546e+14 1.29395570246e+14 0 0
27.976 1 ATTITUDE 0.006348 2.562012 -0.314209
27.981 1 DESIRED -0.74 0.1 5. 16. -45. 805. 2.
27.984 1 ESTIMATOR -17.000002 1e-06
27.987 1 IMU_GYRO -1.587646 0.369141 -0.197754
27.990 1 IMU_MAG -0.119629 -1.07373 2.578125
28.075 1 ATTITUDE -0.085938 2.525391 -0.30127
28.079 1 WP_MOVED 5 506402.3125 3566363.25 820. 12
28.081 1 DOWNLINK 4 819 1748
28.128 1 GPS 0 1130805120 0 0 -17000 0 0 0 47250 12 14
28.156 1 DOWNLINK_STATUS 11 9081 408 0 832. 39. 2.84
28.160 1 NAVIGATION 0 2 10801716. -3566302. 1.29394907546e+14 1.29395570246e+14 0 0
28.175 1 ATTITUDE -0.237305 2.537354 -0.285156
28.181 1 DESIRED -0.74 0.2 5. 16. -45. 805. 2.
28.185 1 BAT 0 0 0 0 1 47 45 0
28.275 1 ATTITUDE -0.293701 2.546143 -0.278809
28.375 1 ATTITUDE -0.192627 2.532959 -0.312988
28.381 1 DESIRED -0.74 0.18 5. 16. -45. 805. 2.
28.387 1 GPS 0 1130805120 0 0 -17000 0 0 0 47500 12 15
28.410 1 NAVIGATION 0 2 10801716. -3566302. 1.29394907546e+14 1.29395570246e+14 0 0
28.475 1 ATTITUDE -0.203125 2.557861 -0.301025
28.478 1 ESTIMATOR -17.000002 2e-06
28.481 1 IMU_ACCEL -2.670898 2.22168 -8.401367
28.575 1 ATTITUDE -0.216797 2.603516 -0.296387
28.581 1 DESIRED -0.74 0.19 5. 16. -45. 805. 2.
28.585 1 WP_MOVED 6 506374.40625 3566337.75 820. 12
28.588 1 IMU_GYRO -1.347168 0.17334 0.313721
28.592 1 NAVIGATION 0 2 10801716. -3566302. 1.29394907546e+14 1.29395570246e+14 0 0
28.628 1 GPS 0 1130805120 0 0 -17000 0 0 0 47750 12 16
28.630 1 SVINFO 0 9 16 3 9 -91 0
28.658 1 FBW_STATUS 0 45 1 0 0
28.663 1 NAVIGATION 0 2 10801716. -3566302. 1.29394907546e+14 1.29395570246e+14 0 0
28.675 1 ATTITUDE -0.225586 2.562256 -0.295898
28.775 1 ATTITUDE -0.264648 2.637207 -0.292969
28.781 1 DESIRED -0.74 0.22 5. 16. -45. 805. 2.
28.875 1 ATTITUDE -0.203369 2.572021 -0.298096
28.881 1 GPS 0 1130805120 0 0 -17000 0 0 0 48000 12 1
28.884 1 SVINFO 1 12 16 3 20 -91 0
28.910 1 NAVIGATION 0 2 10801716. -3566302. 1.29394907546e+14 1.29395570246e+14 0 0
28.975 1 ATTITUDE -0.231689 2.607666 -0.283936
28.981 1 DESIRED -0.74 0.2 5. 16. -45. 805. 2.
28.984 1 ESTIMATOR -17.000002 2e-06
29.075 1 ATTITUDE -0.271729 2.551514 -0.276855
29.079 1 WP_MOVED 7 506350.5 3566270.75 805. 12
29.130 1 GPS 0 1130805120 0 0 -17000 0 0 0 48250 12 2
29.157 1 DOWNLINK_STATUS 12 9859 442 0 778. 34. 2.84
29.160 1 NAVIGATION 0 2 10801716. -3566302. 1.29394907546e+14 1.29395570246e+14 0 0
29.175 1 ATTITUDE -0.206299 2.53125 -0.285156
29.181 1 DESIRED -0.74 0.19 5. 16. -45. 805. 2.
29.184 1 IMU_GYRO 0.380859 -0.026367 0.159424
29.275 1 ATTITUDE -0.111816 2.527588 -0.292969
29.279 1 IMU_ACCEL -2.713867 0.359375 -9.665039
29.282 1 BAT 0 0 0 0 1 48 46 0
29.285 1 IMU_MAG -0.095215 -1.177734 2.506348
29.287 1 DL_VALUE 8 0.
29.291 1 ENERGY 0. 0. 0 0.
29.375 1 ATTITUDE -0.017822 2.463135 -0.260742
29.381 1 DESIRED -0.74 0.11 5. 16. -45. 805. 2.
29.387 1 GPS 0 1130805120 0 0 -17000 0 0 0 48500 12 3
29.390 1 GPS_SOL 649519040 3969 9999 0
29.410 1 NAVIGATION 0 2 10801716. -3566302. 1.29394907546e+14 1.29395570246e+14 0 0
29.475 1 ATTITUDE -0.067627 2.304932 -0.118164
29.478 1 ESTIMATOR -17.000002 3e-06
29.575 1 ATTITUDE -0.24707 2.332764 -0.033447
29.581 1 DESIRED -0.74 0.21 5. 16. -45. 805. 2.
29.585 1 WP_MOVED 8 506254.8125 3566257.5 815. 12
29.589 1 NAVIGATION 0 2 10801716. -3566302. 1.29394907546e+14 1.29395570246e+14 0 0
29.628 1 GPS 0 1130805120 0 0 -17000 0 0 0 48750 12 4
29.660 1 NAVIGATION 0 2 10801716. -3566302. 1.29394907546e+14 1.29395570246e+14 0 0
29.675 1 ATTITUDE -0.290039 2.301025 -0.025391
29.775 1 ATTITUDE -0.266846 2.3479 -0.002686
29.781 1 DESIRED -0.74 0.22 5. 16. -45. 805. 2.
29.784 1 IMU_GYRO 0.557617 -0.065918 0.816162
29.786 1 CALIBRATION -150. 0
29.875 1 ATTITUDE -0.20459 2.416748 0.017334
29.881 1 GPS 0 1130805120 0 0 -17000 0 0 0 49000 12 5
29.910 1 NAVIGATION 0 2 10801716. -3566302. 1.29394907546e+14 1.29395570246e+14 0 0
29.975 1 ATTITUDE -0.194336 2.459717 0.037354
29.981 1 DESIRED -0.74 0.18 5. 16. -45. 805. 2.
29.984 1 ESTIMATOR -17.000002 3e-06
30.075 1 ATTITUDE -0.119629 2.483887 0.017578
30.079 1 WP_MOVED 9 506213.8125 3566287.5 815. 12
30.082 1 IMU_ACCEL 0.326172 0.950195 -10.154297
30.084 1 STATE_FILTER_STATUS 3 0
30.128 1 GPS 0 1130805120 0 0 -17000 0 0 0 49250 12 6
30.157 1 DOWNLINK_STATUS 13 10717 481 0 858. 39. 2.84
30.160 1 NAVIGATION 0 2 10801716. -3566302. 1.29394907546e+14 1.29395570246e+14 0 0
30.175 1 ATTITUDE -0.035889 2.502686 -0.003174
30.181 1 DESIRED -0.74 0.12 5. 16. -45. 805. 2.
30.275 1 ATTITUDE -0.025879 2.476562 -0.003174
30.375 1 ATTITUDE -0.007568 2.415527 -0.007812
30.381 1 DESIRED -0.74 0.1 5. 16. -45. 805. 2.
30.387 1 GPS 0 1130805120 0 0 -17000 0 0 0 49500 12 7
30.390 1 IMU_GYRO 0.293701 -0.131836 -0.464844
30.394 1 BAT 0 0 0 0 1 49 47 0
30.410 1 NAVIGATION 0 2 10801716. -3566302. 1.29394907546e+14 1.29395570246e+14 0 0
30.475 1 ATTITUDE -0.010986 2.4021 -0.022949
30.478 1 ESTIMATOR -17.000002 4e-06
30.575 1 ATTITUDE 0.037354 2.375977 -0.039307
30.581 1 DESIRED -0.74 0.11 5. 16. -45. 805. 2.
30.585 1 WP_MOVED 0 506377. 3566344. 757. 12
30.589 1 NAVIGATION 0 2 10801716. -3566302. 1.29394907546e+14 1.29395570246e+14 0 0
30.592 1 IMU_MAG -0.511719 -0.922852 2.68457
30.628 1 GPS 0 1130805120 0 0 -17000 0 0 0 49750 12 8
30.658 1 FBW_STATUS 0 45 1 0 0
30.662 1 NAVIGATION 0 2 10801716. -3566302. 1.29394907546e+14 1.29395570246e+14 0 0
30.675 1 ATTITUDE -0.008545 2.35791 -0.022461
30.758 1 COMMANDS 0,-4961,716,-28
30.775 1 ATTITUDE 0.031494 2.293945 -0.029541
30.781 1 DESIRED -0.74 0.11 5. 16. -45. 805. 2.
30.783 1 DL_VALUE 9 1.
30.858 1 ACTUATORS 1000,1341,1417,1499
30.875 1 ATTITUDE 0.067383 2.29126 -0.050781
30.881 1 GPS 0 1130805120 0 0 -17000 0 0 0 50000 12 9
30.884 1 IMU_ACCEL -0.398438 0.339844 -9.303711
30.910 1 NAVIGATION 0 2 10801716. -3566302. 1.29394907546e+14 1.29395570246e+14 0 0
30.975 1 ATTITUDE 0.212402 2.297363 -0.090088
30.981 1 DESIRED -0.74 0.18 5. 16. -45. 805. 2.
30.984 1 ESTIMATOR -17. 4e-06
30.987 1 IMU_GYRO 1.485596 -0.855469 0.434082
31.075 1 ATTITUDE 0.286865 2.311035 -0.176514
31.079 1 WP_MOVED 1 506335. 3566302. 765. 12
31.130 1 GPS 0 1130805120 0 0 -17000 0 0 0 50250 12 10
31.157 1 DOWNLINK_STATUS 14 11544 518 0 827. 37. 2.84
31.160 1 NAVIGATION 0 2 10801716. -3566302. 1.29394907546e+14 1.29395570246e+14 0 0
31.175 1 ATTITUDE 0.287842 2.322998 -0.201904
31.181 1 DESIRED -0.74 0.23 5. 16. -45. 805. 2.
31.275 1 ATTITUDE 0.303955 2.340576 -0.258789
31.375 1 ATTITUDE 0.291748 2.343262 -0.248535
31.381 1 DESIRED -0.74 0.23 5. 16. -45. 805. 2.
31.387 1 GPS 0 1130805120 0 0 -17000 0 0 0 50500 12 11
31.390 1 GPS_SOL 649519040 4031 9999 0
31.410 1 NAVIGATION 0 2 10801716. -3566302. 1.29394907546e+14 1.29395570246e+14 0 0
31.475 1 ATTITUDE 0.239014 2.340576 -0.21582
31.478 1 ESTIMATOR -16.999998 3e-06
31.481 1 BAT 0 0 0 0 1 50 48 0
31.575 1 ATTITUDE 0.32251 2.333252 -0.277344
31.581 1 DESIRED -0.74 0.24 5. 16. -45. 805. 2.
31.585 1 WP_MOVED 2 506254.8125 3566257.5 815. 12
31.588 1 IMU_GYRO 0.321289 -0.218018 -0.025391
31.592 1 NAVIGATION 0 2 10801716. -3566302. 1.29394907546e+14 1.29395570246e+14 0 0
31.629 1 GPS 0 1130805120 0 0 -17000 0 0 0 50750 12 12
31.660 1 NAVIGATION 0 2 10801716. -3566302. 1.29394907546e+14 1.29395570246e+14 0 0
31.675 1 ATTITUDE 0.365234 2.307617 -0.30835
31.678 1 IMU_ACCEL -3.03125 -3.541992 -9.698242
31.775 1 ATTITUDE 0.36792 2.306641 -0.301758
31.781 1 DESIRED -0.74 0.26 5. 16. -45. 805. 2.
31.785 1 ENERGY 0. 0. 0 0.
31.875 1 ATTITUDE 0.305176 2.35498 -0.281738
31.881 1 GPS 0 1130805120 0 0 -17000 0 0 0 51000 12 13
31.884 1 IMU_MAG -0.193359 -0.541016 2.67041
31.886 1 CALIBRATION -150. 0
31.890 1 ALIVE 112,66,248,248,162,132,62,76,192,50,22,74,8,129,117,74
31.910 1 NAVIGATION 0 2 10801716. -3566302. 1.29394907546e+14 1.29395570246e+14 0 0
31.975 1 ATTITUDE 0.157227 2.466553 -0.295166
31.981 1 DESIRED -0.74 0.17 5. 16. -45. 805. 2.
31.984 1 ESTIMATOR -16.999998 3e-06
31.986 1 PPRZ_MODE 2 3 3 0 0 21
32.075 1 ATTITUDE 0.114258 2.43042 -0.258301
32.079 1 WP_MOVED 3 506350.5 3566257. 805. 12
32.128 1 GPS 0 1130805120 0 0 -17000 0 0 0 51250 12 14
32.158 1 DOWNLINK_STATUS 15 12381 555 0 837. 37. 2.84
32.160 1 NAVIGATION 0 2 10801716. -3566302. 1.29394907546e+14 1.29395570246e+14 0 0
32.175 1 ATTITUDE 0.16333 2.388428 -0.245605
32.181 1 DESIRED -0.74 0.17 5. 16. -45. 805. 2.
32.184 1 IMU_GYRO 1.140625 -0.033936 -0.943848
32.275 1 ATTITUDE 0.195068 2.34375 -0.230957
32.277 1 DL_VALUE 10 0.
32.279 1 STATE_FILTER_STATUS 3 0
32.375 1 ATTITUDE 0.16626 2.368652 -0.229248
32.381 1 DESIRED -0.74 0.17 5. 16. -45. 805. 2.
32.387 1 GPS 0 1130805120 0 0 -17000 0 0 0 51500 12 15
32.410 1 NAVIGATION 0 2 10801716. -3566302. 1.29394907546e+14 1.29395570246e+14 0 0
32.475 1 ATTITUDE 0.148193 2.393555 -0.228027
32.478 1 ESTIMATOR -16.999998 2e-06
32.481 1 IMU_ACCEL -1.907227 -1.444336 -9.698242
32.575 1 ATTITUDE 0.094727 2.416748 -0.218262
32.581 1 DESIRED -0.74 0.14 5. 16. -45. 805. 2.
32.585 1 WP_MOVED 4 506374.40625 3566337.75 805. 12
32.589 1 NAVIGATION 0 2 10801716. -3566302. 1.29394907546e+14 1.29395570246e+14 0 0
32.593 1 BAT 0 0 0 0 1 51 49 0
32.630 1 GPS 0 1130805120 0 0 -17000 0 0 0 51750 12 16
32.630 1 SVINFO 0 9 16 3 14 -91 0
32.653 1 PONG 
32.658 1 FBW_STATUS 0 45 1 0 0
32.662 1 NAVIGATION 0 2 10801716. -3566302. 1.29394907546e+14 1.29395570246e+14 0 0
32.675 1 ATTITUDE 0.07251 2.419189 -0.215576
32.775 1 ATTITUDE 0.092285 2.419678 -0.232178
32.781 1 DESIRED -0.74 0.14 5. 16. -45. 805. 2.
32.784 1 IMU_GYRO 0.270264 -0.13501 -0.404297
32.875 1 ATTITUDE 0.127197 2.375244 -0.242676
32.881 1 GPS 0 1130805120 0 0 -17000 0 0 0 52000 12 1
32.883 1 SVINFO 1 12 16 3 18 -91 0
32.910 1 NAVIGATION 0 2 10801716. -3566302. 1.29394907546e+14 1.29395570246e+14 0 0
32.975 1 ATTITUDE 0.240723 2.276123 -0.236084
32.981 1 DESIRED -0.74 0.21 5. 16. -45. 805. 2.
32.984 1 ESTIMATOR -16.999998 2e-06
33.075 1 ATTITUDE 0.201904 2.282227 -0.216553
33.079 1 WP_MOVED 5 506402.3125 3566363.25 820. 12
33.130 1 GPS 0 1130805120 0 0 -17000 0 0 0 52250 12 2
33.145 1 WIND_INFO 1 42 0. 0. 0.
33.158 1 DOWNLINK_STATUS 16 13203 593 0 822. 38. 2.86
33.160 1 NAVIGATION 0 2 10801716. -3566302. 1.29394907546e+14 1.29395570246e+14 0 0
33.175 1 ATTITUDE 0.19873 2.324463 -0.227783
33.181 1 DESIRED -0.74 0.19 5. 16. -45. 805. 2.
33.184 1 IMU_MAG -0.251953 -0.682617 2.661621
33.186 1 DOWNLINK 4 835 1939
33.275 1 ATTITUDE 0.143799 2.357422 -0.228271
33.278 1 IMU_ACCEL -2.012695 -1.37207 -9.384766
33.375 1 ATTITUDE 0.138428 2.344238 -0.225098
33.381 1 DESIRED -0.74 0.16 5. 16. -45. 805. 2.
33.387 1 GPS 0 1130805120 0 0 -17000 0 0 0 52500 12 3
33.390 1 IMU_GYRO 0.621338 -0.272217 1.006592
33.393 1 GPS_SOL 649519104 4093 9999 0
33.410 1 NAVIGATION 0 2 10801716. -3566302. 1.29394907546e+14 1.29395570246e+14 0 0
33.475 1 ATTITUDE 0.170166 2.441162 -0.281738
33.478 1 ESTIMATOR -16.999998 1e-06
33.575 1 ATTITUDE 0.19043 2.419922 -0.288818
33.581 1 DESIRED -0.74 0.18 5. 16. -45. 805. 2.
33.585 1 WP_MOVED 6 506374.40625 3566337.75 820. 12
33.589 1 NAVIGATION 0 2 10801716. -3566302. 1.29394907546e+14 1.29395570246e+14 0 0
33.628 1 GPS 0 1130805120 0 0 -17000 0 0 0 52750 12 4
33.660 1 NAVIGATION 0 2 10801716. -3566302. 1.29394907546e+14 1.29395570246e+14 0 0
33.675 1 ATTITUDE 0.160889 2.431396 -0.283203
33.679 1 BAT 0 0 0 0 1 53 51 0
33.775 1 ATTITUDE 0.142334 2.424072 -0.273926
33.781 1 DESIRED -0.74 0.17 5. 16. -45. 805. 2.
33.783 1 DL_VALUE 11 1.
33.875 1 ATTITUDE 0.107178 2.4375 -0.267334
33.881 1 GPS 0 1130805120 0 0 -17000 0 0 0 53000 12 5
33.910 1 NAVIGATION 0 2 10801716. -3566302. 1.29394907546e+14 1.29395570246e+14 0 0
33.975 1 ATTITUDE 0.113037 2.462158 -0.286377
33.981 1 DESIRED -0.74 0.15 5. 16. -45. 805. 2.
33.983 1 ESTIMATOR -16.999998 1e-06
33.987 1 IMU_GYRO 0.229736 -0.223389 0.193604
33.988 1 CALIBRATION -150. 0
34.075 1 ATTITUDE 0.143555 2.455322 -0.308594
34.079 1 WP_MOVED 7 506350.5 3566270.75 805. 12
34.082 1 IMU_ACCEL -2.867188 -1.386719 -9.033203
34.129 1 GPS 0 1130805120 0 0 -17000 0 0 0 53250 12 6
34.158 1 DOWNLINK_STATUS 17 14043 631 0 840. 38. 2.86
34.160 1 NAVIGATION 0 2 10801716. -3566302. 1.29394907546e+14 1.29395570246e+14 0 0
34.175 1 ATTITUDE 0.165039 2.441406 -0.321289
34.181 1 DESIRED -0.74 0.17 5. 16. -45. 805. 2.
34.275 1 ATTITUDE 0.164551 2.434326 -0.321777
34.279 1 ENERGY 0. 0. 0 0.
34.375 1 ATTITUDE 0.167236 2.427734 -0.325928
34.381 1 DESIRED -0.74 0.17 5. 16. -45. 805. 2.
34.387 1 GPS 0 1130805120 0 0 -17000 0 0 0 53500 12 7
34.410 1 NAVIGATION 0 2 10801716. -3566302. 1.29394907546e+14 1.29395570246e+14 0 0
34.475 1 ATTITUDE 0.170654 2.422119 -0.334717
34.477 1 ESTIMATOR -16.999998 -0.
34.481 1 IMU_MAG -0.156738 -0.812988 2.664551
34.482 1 STATE_FILTER_STATUS 3 0
34.575 1 ATTITUDE 0.168457 2.420166 -0.346191
34.581 1 DESIRED -0.74 0.17 5. 16. -45. 805. 2.
34.584 1 WP_MOVED 8 506254.8125 3566257.5 815. 12
34.588 1 IMU_GYRO 0.027588 -0.244629 0.066895
34.592 1 NAVIGATION 0 2 10801716. -3566302. 1.29394907546e+14 1.29395570246e+14 0 0
34.628 1 GPS 0 1130805120 0 0 -17000 0 0 0 53750 12 8
34.658 1 FBW_STATUS 0 45 1 0 0
34.662 1 NAVIGATION 0 2 10801716. -3566302. 1.29394907546e+14 1.29395570246e+14 0 0
34.675 1 ATTITUDE 0.172363 2.420166 -0.369629
34.775 1 ATTITUDE 0.177734 2.420166 -0.394287
34.781 1 DESIRED -0.74 0.18 5. 16. -45. 805. 2.
34.784 1 BAT 0 0 0 0 1 54 52 0
34.875 1 ATTITUDE 0.18042 2.423584 -0.432617
34.881 1 GPS 0 1130805120 0 0 -17000 0 0 0 54000 12 9
34.884 1 IMU_ACCEL -4.467773 -2.106445 -9.251953
34.910 1 NAVIGATION 0 2 10801716. -3566302. 1.29394907546e+14 1.29395570246e+14 0 0
34.975 1 ATTITUDE 0.166992 2.439453 -0.470459
34.981 1 DESIRED -0.74 0.17 5. 16. -45. 805. 2.
34.983 1 ESTIMATOR -16.999998 -1e-06
35.075 1 ATTITUDE 0.159668 2.452148 -0.519775
35.078 1 WP_MOVED 9 506213.8125 3566287.5 815. 12
35.129 1 GPS 0 1130805120 0 0 -17000 0 0 0 54250 12 10
35.159 1 DOWNLINK_STATUS 18 14840 666 0 797. 35. 2.86
35.160 1 NAVIGATION 0 2 10801716. -3566302. 1.29394907546e+14 1.29395570246e+14 0 0
35.175 1 ATTITUDE 0.159424 2.449463 -0.557861
35.181 1 DESIRED -0.74 0.17 5. 16. -45. 805. 2.
35.184 1 IMU_GYRO 0.02124 -0.276611 0.197754
35.275 1 ATTITUDE 0.149658 2.463623 -0.574219
35.277 1 DL_VALUE 0 0.
35.375 1 ATTITUDE 0.1521 2.46582 -0.582031
35.381 1 DESIRED -0.74 0.17 5. 16. -45. 805. 2.
35.387 1 GPS 0 1130805120 0 0 -17000 0 0 0 54500 12 11
35.390 1 GPS_SOL 649519104 4153 9999 0
35.410 1 NAVIGATION 0 2 10801716. -3566302. 1.29394907546e+14 1.29395570246e+14 0 0
35.475 1 ATTITUDE 0.164062 2.461182 -0.574951
35.477 1 ESTIMATOR -16.999998 -1e-06
35.575 1 ATTITUDE 0.188721 2.45459 -0.554199
35.581 1 DESIRED -0.74 0.18 5. 16. -45. 805. 2.
35.584 1 WP_MOVED 0 506377. 3566344. 757. 12
35.589 1 NAVIGATION 0 2 10801716. -3566302. 1.29394907546e+14 1.29395570246e+14 0 0
35.628 1 GPS 0 1130805120 0 0 -17000 0 0 0 54750 12 12
35.660 1 NAVIGATION 0 2 10801716. -3566302. 1.29394907546e+14 1.29395570246e+14 0 0
35.675 1 ATTITUDE 0.215332 2.449463 -0.516357
35.678 1 IMU_ACCEL -4.789062 -1.679688 -8.729492
35.758 1 COMMANDS 0,-6433,3701,-28
35.775 1 ATTITUDE 0.233643 2.433594 -0.467041
35.781 1 DESIRED -0.74 0.2 5. 16. -45. 805. 2.
35.784 1 IMU_GYRO 0.080811 0.354248 -0.25415
35.787 1 IMU_MAG -0.007324 -0.766602 2.612793
35.858 1 ACTUATORS 1000,1199,1496,1499
35.875 1 ATTITUDE 0.250732 2.4104 -0.431885
35.881 1 GPS 0 1130805120 0 0 -17000 0 0 0 55000 12 13
35.884 1 BAT 0 0 0 0 1 55 53 0
35.910 1 NAVIGATION 0 2 10801716. -3566302. 1.29394907546e+14 1.29395570246e+14 0 0
35.975 1 ATTITUDE 0.252686 2.4021 -0.397217
35.981 1 DESIRED -0.74 0.21 5. 16. -45. 805. 2.
35.983 1 ESTIMATOR -16.999998 -2e-06
36.075 1 ATTITUDE 0.25293 2.399658 -0.366455
36.078 1 WP_MOVED 1 506335. 3566302. 765. 12
36.080 1 CALIBRATION -150. 0
36.128 1 GPS 0 1130805120 0 0 -17000 0 0 0 55250 12 14
36.159 1 DOWNLINK_STATUS 19 15681 704 0 841. 38. 2.86
36.160 1 NAVIGATION 0 2 10801716. -3566302. 1.29394907546e+14 1.29395570246e+14 0 0
36.175 1 ATTITUDE 0.250977 2.396484 -0.342285
36.181 1 DESIRED -0.74 0.21 5. 16. -45. 805. 2.
36.275 1 ATTITUDE 0.241943 2.398438 -0.317627
36.278 1 NAVIGATION_REF 506335 3566302 12
36.375 1 ATTITUDE 0.233643 2.39502 -0.299561
36.381 1 DESIRED -0.74 0.2 5. 16. -45. 805. 2.
36.387 1 GPS 0 1130805120 0 0 -17000 0 0 0 55500 12 15
36.390 1 IMU_GYRO 0.016846 0.146729 -0.132812
36.410 1 NAVIGATION 0 2 10801716. -3566302. 1.29394907546e+14 1.29395570246e+14 0 0
36.475 1 ATTITUDE 0.257568 2.380615 -0.302979
36.477 1 ESTIMATOR -16.999998 -3e-06
36.480 1 IMU_ACCEL -3.083984 -2.629883 -10.401367
36.575 1 ATTITUDE 0.268555 2.369629 -0.303223
36.581 1 DESIRED -0.74 0.22 5. 16. -45. 805. 2.
36.584 1 WP_MOVED 2 506254.8125 3566257.5 815. 12
36.589 1 NAVIGATION 0 2 10801716. -3566302. 1.29394907546e+14 1.29395570246e+14 0 0
36.627 1 GPS 0 1130805120 0 0 -17000 0 0 0 55750 12 16
36.630 1 SVINFO 0 12 16 3 8 -91 0
36.658 1 FBW_STATUS 0 45 1 0 0
36.662 1 NAVIGATION 0 2 10801716. -3566302. 1.29394907546e+14 1.29395570246e+14 0 0
36.675 1 ATTITUDE 0.258789 2.35083 -0.293701
36.676 1 STATE_FILTER_STATUS 3 0
36.775 1 ATTITUDE 0.252197 2.317871 -0.280029
36.781 1 DESIRED -0.74 0.21 5. 16. -45. 805. 2.
36.783 1 DL_VALUE 1 0.
36.786 1 ENERGY 0. 0. 0 0.
36.875 1 ATTITUDE 0.257568 2.282227 -0.269531
36.881 1 GPS 0 1130805120 0 0 -17000 0 0 0 56000 12 1
36.885 1 ALIVE 112,66,248,248,162,132,62,76,192,50,22,74,8,129,117,74
36.910 1 NAVIGATION 0 2 10801716. -3566302. 1.29394907546e+14 1.29395570246e+14 0 0
36.975 1 ATTITUDE 0.253906 2.263428 -0.251709
36.981 1 DESIRED -0.74 0.21 5. 16. -45. 805. 2.
36.983 1 ESTIMATOR -16.999998 -3e-06
36.986 1 IMU_GYRO -0.006348 0.067871 -0.184082
36.990 1 BAT 0 0 0 0 1 56 54 0
36.992 1 PPRZ_MODE 2 3 3 0 0 21
37.075 1 ATTITUDE 0.239746 2.245117 -0.196289
37.078 1 WP_MOVED 3 506350.5 3566257. 805. 12
37.081 1 IMU_MAG -0.242188 -0.599121 2.819824
37.127 1 GPS 0 1130805120 0 0 -17000 0 0 0 56250 12 2
37.160 1 NAVIGATION 0 2 10801716. -3566302. 1.29394907546e+14 1.29395570246e+14 0 0
37.160 1 DOWNLINK_STATUS 20 16597 746 0 916. 42. 2.86
37.175 1 ATTITUDE 0.275146 2.170654 -0.172852
37.181 1 DESIRED -0.74 0.21 5. 16. -45. 805. 2.
37.275 1 ATTITUDE 0.309326 2.263916 -0.226562
37.278 1 IMU_ACCEL -1.911133 -3.268555 -9.973633
37.375 1 ATTITUDE 0.273926 2.35498 -0.241211
37.381 1 DESIRED -0.74 0.22 5. 16. -45. 805. 2.
37.387 1 GPS 0 1130805120 0 0 -17000 0 0 0 56500 12 3
37.389 1 GPS_SOL 649519104 4213 9999 0
37.410 1 NAVIGATION 0 2 10801716. -3566302. 1.29394907546e+14 1.29395570246e+14 0 0
37.475 1 ATTITUDE 0.246826 2.415771 -0.28833
37.477 1 ESTIMATOR -16.999998 -4e-06
37.575 1 ATTITUDE 0.211914 2.4375 -0.307617
37.581 1 DESIRED -0.74 0.19 5. 16. -45. 805. 2.
37.584 1 WP_MOVED 4 506374.40625 3566337.75 805. 12
37.587 1 IMU_GYRO -0.661865 -0.11377 0.174316
37.592 1 NAVIGATION 0 2 10801716. -3566302. 1.29394907546e+14 1.29395570246e+14 0 0
37.627 1 GPS 0 1130805120 0 0 -17000 0 0 0 56750 12 4
37.653 1 PONG 
37.660 1 NAVIGATION 0 2 10801716. -3566302. 1.29394907546e+14 1.29395570246e+14 0 0
37.675 1 ATTITUDE 0.174561 2.442383 -0.319092
37.775 1 ATTITUDE 0.203857 2.444824 -0.328369
37.781 1 DESIRED -0.74 0.19 5. 16. -45. 805. 2.
37.875 1 ATTITUDE 0.205078 2.434814 -0.329346
37.881 1 GPS 0 1130805120 0 0 -17000 0 0 0 57000 12 5
37.910 1 NAVIGATION 0 2 10801716. -3566302. 1.29394907546e+14 1.29395570246e+14 0 0
37.975 1 ATTITUDE 0.183105 2.425049 -0.320557
37.981 1 DESIRED -0.74 0.18 5. 16. -45. 805. 2.
37.983 1 ESTIMATOR -16.999998 -4e-06
38.075 1 ATTITUDE 0.154785 2.440674 -0.27417
38.078 1 WP_MOVED 5 506402.3125 3566363.25 820. 12
38.081 1 IMU_ACCEL -2.689453 -1.439453 -8.957031
38.085 1 BAT 0 0 0 0 1 57 55 0
38.127 1 GPS 0 1130805120 0 0 -17000 0 0 0 57250 12 6
38.160 1 NAVIGATION 0 2 10801716. -3566302. 1.29394907546e+14 1.29395570246e+14 0 0
38.160 1 DOWNLINK_STATUS 21 17374 780 0 777. 34. 2.58
38.175 1 ATTITUDE 0.159424 2.449951 -0.257812
38.181 1 DESIRED -0.74 0.17 5. 16. -45. 805. 2.
38.184 1 IMU_GYRO -0.083008 0.217041 -0.065918
38.186 1 CALIBRATION -150. 0
38.275 1 ATTITUDE 0.171143 2.428467 -0.238037
38.277 1 DL_VALUE 2 805.
38.279 1 DOWNLINK 4 820 2128
38.375 1 ATTITUDE 0.210693 2.390625 -0.216064
38.381 1 DESIRED -0.74 0.19 5. 16. -45. 805. 2.
38.386 1 GPS 0 1130805120 0 0 -17000 0 0 0 57500 12 7
38.390 1 IMU_MAG -0.37207 -0.760742 2.782227
38.410 1 NAVIGATION 0 2 10801716. -3566302. 1.29394907546e+14 1.29395570246e+14 0 0
38.475 1 ATTITUDE 0.214355 2.324707 -0.149658
38.477 1 ESTIMATOR -17.000002 -4e-06
38.575 1 ATTITUDE 0.010254 2.1875 0.005371
38.581 1 DESIRED -0.74 0.1 5. 16. -45. 805. 2.
38.584 1 WP_MOVED 6 506374.40625 3566337.75 820. 12
38.589 1 NAVIGATION 0 2 10801716. -3566302. 1.29394907546e+14 1.29395570246e+14 0 0
38.627 1 GPS 0 1130805120 0 0 -17000 0 0 0 57750 12 8
38.657 1 FBW_STATUS 0 46 1 0 0
38.662 1 NAVIGATION 0 2 10801716. -3566302. 1.29394907546e+14 1.29395570246e+14 0 0
38.675 1 ATTITUDE -0.38623 2.227295 0.098877
38.775 1 ATTITUDE -0.533691 2.229492 0.169922
38.781 1 DESIRED -0.74 0.33 5. 16. -45. 805. 2.
38.784 1 IMU_GYRO 0.442627 0.235107 -0.044678
38.875 1 ATTITUDE -0.442139 2.324463 0.151123
38.881 1 GPS 0 1130805120 0 0 -17000 0 0 0 58000 12 9
38.884 1 IMU_ACCEL 1.993164 3.647461 -8.106445
38.885 1 STATE_FILTER_STATUS 3 0
38.910 1 NAVIGATION 0 2 10801716. -3566302. 1.29394907546e+14 1.29395570246e+14 0 0
38.975 1 ATTITUDE -0.232178 2.370361 0.053711
38.981 1 DESIRED -0.74 0.2 5. 16. -45. 805. 2.
38.983 1 ESTIMATOR -17.000002 -3e-06
39.075 1 ATTITUDE 0.036133 2.378662 -0.102051
39.078 1 WP_MOVED 7 506350.5 3566270.75 805. 12
39.127 1 GPS 0 1130805120 0 0 -17000 0 0 0 58250 12 10
39.160 1 NAVIGATION 0 2 10801716. -3566302. 1.29394907546e+14 1.29395570246e+14 0 0
39.160 1 DOWNLINK_STATUS 22 18182 817 0 808. 37. 2.58
39.175 1 ATTITUDE -0.113037 2.577637 -0.204102
39.181 1 DESIRED -0.74 0.15 5. 16. -45. 805. 2.
39.184 1 BAT 0 0 0 0 1 58 56 0
39.275 1 ATTITUDE -0.049316 2.502197 -0.159668
39.278 1 ENERGY 0. 0. 0 0.
39.375 1 ATTITUDE -0.030762 2.066406 0.075195
39.381 1 DESIRED -0.74 0.11 5. 16. -45. 805. 2.
39.386 1 GPS 0 1130805120 0 0 -17000 0 0 0 58500 12 11
39.390 1 IMU_GYRO -3.283936 0.368164 -0.445801
39.392 1 GPS_SOL 649519104 4272 9999 0
39.410 1 NAVIGATION 0 2 10801716. -3566302. 1.29394907546e+14 1.29395570246e+14 0 0
39.475 1 ATTITUDE -0.270752 2.356201 0.066895
39.477 1 ESTIMATOR -17.000002 -2e-06
39.575 1 ATTITUDE 0.025879 2.370605 -0.054932
39.581 1 DESIRED -0.74 0.11 5. 16. -45. 805. 2.
39.584 1 WP_MOVED 8 506254.8125 3566257.5 815. 12
39.589 1 NAVIGATION 0 2 10801716. -3566302. 1.29394907546e+14 1.29395570246e+14 0 0
39.634 1 GPS 0 1130805120 0 0 -17000 0 0 0 58750 12 12
39.660 1 NAVIGATION 0 2 10801716. -3566302. 1.29394907546e+14 1.29395570246e+14 0 0
39.675 1 ATTITUDE 0.089844 2.394775 -0.05957
39.678 1 IMU_ACCEL 2.478516 -1.823242 -12.624023
39.681 1 IMU_MAG -0.589844 -0.943359 2.69873
39.775 1 ATTITUDE -0.298828 2.201172 0.074219
39.781 1 DESIRED -0.74 0.23 5. 16. -45. 805. 2.
39.783 1 DL_VALUE 3 0.
39.875 1 ATTITUDE -0.030762 2.403809 -0.025879
39.880 1 GPS 0 1130805120 0 0 -17000 0 0 0 59000 12 13
39.910 1 NAVIGATION 0 2 10801716. -3566302. 1.29394907546e+14 1.29395570246e+14 0 0
39.975 1 ATTITUDE 0.124023 2.290039 0.01001
39.981 1 DESIRED -0.74 0.15 5. 16. -45. 805. 2.
39.983 1 ESTIMATOR -17.000002 -2e-06
39.986 1 IMU_GYRO -4.501465 1.320557 -1.278076
40.075 1 ATTITUDE -0.344971 2.263184 0.085693
40.078 1 WP_MOVED 9 506213.8125 3566287.5 815. 12
40.127 1 GPS 0 1130805120 0 0 -17000 0 0 0 59250 12 14
40.160 1 NAVIGATION 0 2 10801716. -3566302. 1.29394907546e+14 1.29395570246e+14 0 0
40.160 1 DOWNLINK_STATUS 23 19002 853 0 820. 36. 2.58
40.175 1 ATTITUDE 0.014404 2.417725 -0.057617
40.181 1 DESIRED -0.74 0.11 5. 16. -45. 805. 2.
40.275 1 ATTITUDE 0.225342 2.360352 -0.063232
40.278 1 BAT 0 0 0 0 1 59 57 0
40.280 1 CALIBRATION -150. 0
40.375 1 ATTITUDE -0.2854 2.25 0.076904
40.381 1 DESIRED -0.74 0.19 5. 16. -45. 805. 2.
40.386 1 GPS 0 1130805120 0 0 -17000 0 0 0 59500 12 15
40.410 1 NAVIGATION 0 2 10801716. -3566302. 1.29394907546e+14 1.29395570246e+14 0 0
40.475 1 ATTITUDE -0.091064 2.421875 -0.012207
40.477 1 ESTIMATOR -17.000002 -1e-06
40.480 1 IMU_ACCEL 4.477539 -3.330078 -14.661133
40.575 1 ATTITUDE 0.172119 2.303955 0.002197
40.581 1 DESIRED -0.74 0.18 5. 16. -45. 805. 2.
40.584 1 WP_MOVED 0 506377. 3566344. 757. 12
40.587 1 IMU_GYRO -4.822754 1.709961 -0.942871
40.592 1 NAVIGATION 0 2 10801716. -3566302. 1.29394907546e+14 1.29395570246e+14 0 0
40.627 1 GPS 0 1130805120 0 0 -17000 0 0 0 59750 12 16
40.659 1 FBW_STATUS 0 46 1 0 0
40.662 1 NAVIGATION 0 2 10801716. -3566302. 1.29394907546e+14 1.29395570246e+14 0 0
40.675 1 ATTITUDE -0.453125 2.241699 0.121094
40.757 1 COMMANDS 0,-2038,1284,-28
40.775 1 ATTITUDE -0.196533 2.439941 -0.009277
40.781 1 DESIRED -0.74 0.19 5. 16. -45. 805. 2.
40.858 1 ACTUATORS 1000,1275,1420,1499
40.875 1 ATTITUDE 0.229004 2.407715 -0.087891
40.880 1 GPS 0 1130805120 0 0 -17000 0 0 0 60000 12 1
40.909 1 NAVIGATION 0 2 10801716. -3566302. 1.29394907546e+14 1.29395570246e+14 0 0
40.975 1 ATTITUDE -0.303223 2.325195 0.095459
40.981 1 DESIRED -0.74 0.23 5. 16. -45. 805. 2.
40.983 1 ESTIMATOR -17.000002 -1e-06
40.986 1 IMU_MAG -0.763672 -1.56543 2.287598
41.075 1 ATTITUDE -0.333984 2.374023 0.057129
41.078 1 WP_MOVED 1 506335. 3566302. 765. 12
41.080 1 STATE_FILTER_STATUS 3 0
41.128 1 GPS 0 1130805120 0 0 -17000 0 0 0 60250 12 2
41.159 1 NAVIGATION 0 2 10801716. -3566302. 1.29394907546e+14 1.29395570246e+14 0 0
41.161 1 DOWNLINK_STATUS 24 19820 890 0 818. 37. 2.58
41.175 1 ATTITUDE 0.270508 2.429443 -0.17041
41.181 1 DESIRED -0.74 0.22 5. 16. -45. 805. 2.
41.184 1 IMU_GYRO -0.874756 1.05249 -0.005127
41.275 1 ATTITUDE -0.113037 2.35376 0.055908
41.278 1 IMU_ACCEL -0.628906 0.561523 -10.121094
41.280 1 DL_VALUE 4 0.
41.375 1 ATTITUDE -0.575684 2.245605 0.125
41.381 1 DESIRED -0.74 0.35 5. 16. -45. 805. 2.
41.386 1 GPS 0 1130805120 0 0 -17000 0 0 0 60500 12 3
41.390 1 BAT 0 0 0 0 1 60 58 0
41.393 1 GPS_SOL 649519104 4330 9999 0
41.409 1 NAVIGATION 0 2 10801716. -3566302. 1.29394907546e+14 1.29395570246e+14 0 0
41.475 1 ATTITUDE -0.07666 2.399902 -0.011475
41.477 1 ESTIMATOR -17.000002 -0.
41.575 1 ATTITUDE 0.242676 2.406494 -0.141846
41.580 1 DESIRED -0.74 0.21 5. 16. -45. 805. 2.
41.584 1 WP_MOVED 2 506254.8125 3566257.5 815. 12
41.588 1 NAVIGATION 0 2 10801716. -3566302. 1.29394907546e+14 1.29395570246e+14 0 0
41.629 1 GPS 0 1130805120 0 0 -17000 0 0 0 60750 12 4
41.630 1 SVINFO 4 18 16 2 28 -91 0
41.659 1 NAVIGATION 0 2 10801716. -3566302. 1.29394907546e+14 1.29395570246e+14 0 0
41.675 1 ATTITUDE -0.246094 2.209717 0.112061
41.775 1 ATTITUDE -0.697266 2.19873 0.124023
41.781 1 DESIRED -0.74 0.4 5. 16. -45. 805. 2.
41.784 1 IMU_GYRO 2.956299 -1.418457 1.482422
41.787 1 ENERGY 0. 0. 0 0.
41.875 1 ATTITUDE -0.212646 2.335938 0.025635
41.880 1 GPS 0 1130805120 0 0 -17000 0 0 0 61000 12 5
41.884 1 ALIVE 112,66,248,248,162,132,62,76,192,50,22,74,8,129,117,74
41.909 1 NAVIGATION 0 2 10801716. -3566302. 1.29394907546e+14 1.29395570246e+14 0 0
41.975 1 ATTITUDE 0.219482 2.394043 -0.061523
41.980 1 DESIRED -0.74 0.2 5. 16. -45. 805. 2.
41.983 1 ESTIMATOR -17.000002 0.
41.985 1 PPRZ_MODE 2 3 3 0 0 21
42.075 1 ATTITUDE 0.045654 2.352783 0.034668
42.078 1 WP_MOVED 3 506350.5 3566257. 805. 12
42.081 1 IMU_ACCEL 1.369141 -1.592773 -13.569336
42.129 1 GPS 0 1130805120 0 0 -17000 0 0 0 61250 12 6
42.159 1 NAVIGATION 0 2 10801716. -3566302. 1.29394907546e+14 1.29395570246e+14 0 0
42.162 1 DOWNLINK_STATUS 25 20689 929 0 869. 39. 2.58
42.175 1 ATTITUDE -0.600342 2.124023 0.134277
42.180 1 DESIRED -0.74 0.36 5. 16. -45. 805. 2.
42.275 1 ATTITUDE -0.599365 2.21167 0.118652
42.278 1 IMU_MAG -0.736816 -1.695801 2.085938
42.375 1 ATTITUDE -0.116211 2.339844 0.052979
42.380 1 DESIRED -0.74 0.18 5. 16. -45. 805. 2.
42.386 1 GPS 0 1130805120 0 0 -17000 0 0 0 61500 12 7
42.389 1 IMU_GYRO 3.748047 -1.249268 1.57373
42.391 1 CALIBRATION -150. 0
42.409 1 NAVIGATION 0 2 10801716. -3566302. 1.29394907546e+14 1.29395570246e+14 0 0
42.475 1 ATTITUDE 0.151123 2.451416 -0.03125
42.477 1 ESTIMATOR -17.000002 1e-06
42.480 1 BAT 0 0 0 0 1 61 59 0
42.574 1 ATTITUDE -0.129395 2.270996 0.12085
42.580 1 DESIRED -0.74 0.12 5. 16. -45. 805. 2.
42.584 1 WP_MOVED 4 506374.40625 3566337.75 805. 12
42.588 1 NAVIGATION 0 2 10801716. -3566302. 1.29394907546e+14 1.29395570246e+14 0 0
42.629 1 GPS 0 1130805120 0 0 -17000 0 0 0 61750 12 8
42.654 1 PONG 
42.657 1 FBW_STATUS 0 46 1 0 0
42.662 1 NAVIGATION 0 2 10801716. -3566302. 1.29394907546e+14 1.29395570246e+14 0 0
42.674 1 ATTITUDE -0.697021 2.237305 0.157715
42.775 1 ATTITUDE -0.354492 2.355713 0.106445
42.780 1 DESIRED -0.74 0.25 5. 16. -45. 805. 2.
42.782 1 DL_VALUE 5 0.
42.874 1 ATTITUDE 0.130127 2.498779 -0.040283
42.880 1 GPS 0 1130805120 0 0 -17000 0 0 0 62000 12 9
42.883 1 IMU_ACCEL -0.186523 -1.765625 -12.277344
42.909 1 NAVIGATION 0 2 10801716. -3566302. 1.29394907546e+14 1.29395570246e+14 0 0
42.975 1 ATTITUDE 0.210938 2.525391 -0.151367
42.980 1 DESIRED -0.74 0.19 5. 16. -45. 805. 2.
42.983 1 ESTIMATOR -17.000002 1e-06
42.986 1 IMU_GYRO -0.487305 -0.290527 0.67041
43.075 1 ATTITUDE 0.178955 2.559082 -0.176025
43.078 1 WP_MOVED 5 506402.3125 3566363.25 820. 12
43.129 1 GPS 0 1130805120 0 0 -17000 0 0 0 62250 12 10
43.149 1 WIND_INFO 1 42 0. 0. 0.
43.159 1 NAVIGATION 0 2 10801716. -3566302. 1.29394907546e+14 1.29395570246e+14 0 0
43.163 1 DOWNLINK_STATUS 26 21503 966 0 814. 37. 2.62
43.174 1 ATTITUDE 0.202393 2.520752 -0.20166
43.180 1 DESIRED -0.74 0.19 5. 16. -45. 805. 2.
43.275 1 ATTITUDE 0.19751 2.495605 -0.198975
43.276 1 STATE_FILTER_STATUS 3 0
43.375 1 ATTITUDE 0.205322 2.466553 -0.217041
43.380 1 DESIRED -0.74 0.19 5. 16. -45. 805. 2.
43.386 1 GPS 0 1130805120 0 0 -17000 0 0 0 62500 12 11
43.389 1 GPS_SOL 649519104 4387 9999 0
43.391 1 DOWNLINK 4 823 2316
43.409 1 NAVIGATION 0 2 10801716. -3566302. 1.29394907546e+14 1.29395570246e+14 0 0
43.474 1 ATTITUDE 0.246094 2.406738 -0.240967
43.477 1 ESTIMATOR -17.000002 2e-06
43.574 1 ATTITUDE 0.293701 2.30542 -0.202881
43.580 1 DESIRED -0.74 0.23 5. 16. -45. 805. 2.
43.584 1 WP_MOVED 6 506374.40625 3566337.75 820. 12
43.587 1 IMU_GYRO 0.159424 -0.075439 -0.265869
43.591 1 NAVIGATION 0 2 10801716. -3566302. 1.29394907546e+14 1.29395570246e+14 0 0
43.630 1 GPS 0 1130805120 0 0 -17000 0 0 0 62750 12 12
43.659 1 NAVIGATION 0 2 10801716. -3566302. 1.29394907546e+14 1.29395570246e+14 0 0
43.674 1 ATTITUDE 0.297363 2.312744 -0.204834
43.678 1 IMU_ACCEL -1.791016 -2.821289 -9.522461
43.774 1 ATTITUDE 0.296631 2.314453 -0.206055
43.780 1 DESIRED -0.74 0.23 5. 16. -45. 805. 2.
43.874 1 ATTITUDE 0.299072 2.322021 -0.212646
43.880 1 GPS 0 1130805120 0 0 -17000 0 0 0 63000 12 13
43.909 1 NAVIGATION 0 2 10801716. -3566302. 1.29394907546e+14 1.29395570246e+14 0 0
43.974 1 ATTITUDE 0.303223 2.32373 -0.21875
43.980 1 DESIRED -0.74 0.23 5. 16. -45. 805. 2.
43.983 1 ESTIMATOR -17.000002 3e-06
44.074 1 ATTITUDE 0.307861 2.323242 -0.224365
44.078 1 WP_MOVED 7 506350.5 3566270.75 805. 12
44.130 1 GPS 0 1130805120 0 0 -17000 0 0 0 63250 12 14
44.159 1 NAVIGATION 0 2 10801716. -3566302. 1.29394907546e+14 1.29395570246e+14 0 0
44.164 1 DOWNLINK_STATUS 27 22256 999 0 753. 33. 2.62
44.174 1 ATTITUDE 0.309326 2.324463 -0.225342
44.180 1 DESIRED -0.74 0.23 5. 16. -45. 805. 2.
44.183 1 IMU_GYRO 0.025391 -0.088135 -0.009521
44.274 1 ATTITUDE 0.320312 2.314209 -0.242188
44.276 1 DL_VALUE 6 100.
44.280 1 ENERGY 0. 0. 0 0.
44.374 1 ATTITUDE 0.348389 2.290039 -0.285889
44.380 1 DESIRED -0.74 0.25 5. 16. -45. 805. 2.
44.386 1 GPS 0 1130805120 0 0 -17000 0 0 0 63500 12 15
44.409 1 NAVIGATION 0 2 10801716. -3566302. 1.29394907546e+14 1.29395570246e+14 0 0
44.474 1 ATTITUDE 0.350586 2.29541 -0.287354
44.477 1 ESTIMATOR -17.000002 3e-06
44.480 1 IMU_ACCEL -2.488281 -3.171875 -9.811523
44.482 1 CALIBRATION -150. 0
44.574 1 ATTITUDE 0.345703 2.304688 -0.279541
44.580 1 DESIRED -0.74 0.25 5. 16. -45. 805. 2.
44.584 1 WP_MOVED 8 506254.8125 3566257.5 815. 12
44.588 1 NAVIGATION 0 2 10801716. -3566302. 1.29394907546e+14 1.29395570246e+14 0 0
44.631 1 GPS 0 1130805120 0 0 -17000 0 0 0 63750 12 16
44.657 1 FBW_STATUS 0 46 1 0 0
44.662 1 NAVIGATION 0 2 10801716. -3566302. 1.29394907546e+14 1.29395570246e+14 0 0
44.674 1 ATTITUDE 0.339844 2.313477 -0.269531
44.678 1 BAT 0 0 0 0 1 64 62 0
44.774 1 ATTITUDE 0.337646 2.317871 -0.265137
44.780 1 DESIRED -0.74 0.25 5. 16. -45. 805. 2.
44.783 1 IMU_GYRO -0.038086 0.034912 0.009521
44.874 1 ATTITUDE 0.34375 2.311035 -0.275635
44.880 1 GPS 0 1130805120 0 0 -17000 0 0 0 64000 12 1
44.883 1 IMU_MAG -0.256836 -0.494629 2.773926
44.909 1 NAVIGATION 0 2 10801716. -3566302. 1.29394907546e+14 1.29395570246e+14 0 0
44.974 1 ATTITUDE 0.344482 2.311035 -0.277832
44.980 1 DESIRED -0.74 0.25 5. 16. -45. 805. 2.
44.983 1 ESTIMATOR -17.000002 4e-06
45.074 1 ATTITUDE 0.340332 2.316162 -0.272461
45.078 1 WP_MOVED 9 506213.8125 3566287.5 815. 12
45.131 1 GPS 0 1130805120 0 0 -17000 0 0 0 64250 12 2
45.159 1 NAVIGATION 0 2 10801716. -3566302. 1.29394907546e+14 1.29395570246e+14 0 0
45.165 1 DOWNLINK_STATUS 28 23084 1036 0 828. 37. 2.62
45.174 1 ATTITUDE 0.333008 2.324707 -0.260742
45.180 1 DESIRED -0.74 0.25 5. 16. -45. 805. 2.
45.274 1 ATTITUDE 0.335449 2.32373 -0.263916
45.278 1 IMU_ACCEL -2.478516 -3.061523 -9.308594
45.280 1 NAVIGATION_REF 506335 3566302 12
45.374 1 ATTITUDE 0.337891 2.32251 -0.265381
45.380 1 DESIRED -0.74 0.25 5. 16. -45. 805. 2.
45.386 1 GPS 0 1130805120 0 0 -17000 0 0 0 64500 12 3
45.389 1 IMU_GYRO 0.02124 -0.043457 0.02002
45.392 1 GPS_SOL 649519104 4444 9999 0
45.409 1 NAVIGATION 0 2 10801716. -3566302. 1.29394907546e+14 1.29395570246e+14 0 0
45.474 1 ATTITUDE 0.349121 2.312744 -0.279785
45.477 1 ESTIMATOR -16.999998 4e-06
45.478 1 STATE_FILTER_STATUS 3 0
45.574 1 ATTITUDE 0.349609 2.31543 -0.278809
45.580 1 DESIRED -0.74 0.25 5. 16. -45. 805. 2.
45.584 1 WP_MOVED 0 506377. 3566344. 757. 12
45.588 1 NAVIGATION 0 2 10801716. -3566302. 1.29394907546e+14 1.29395570246e+14 0 0
45.632 1 GPS 0 1130805120 0 0 -17000 0 0 0 64750 12 4
45.659 1 NAVIGATION 0 2 10801716. -3566302. 1.29394907546e+14 1.29395570246e+14 0 0
45.674 1 ATTITUDE 0.351074 2.316406 -0.280029
45.757 1 COMMANDS 0,-7225,2936,-28
45.774 1 ATTITUDE 0.352539 2.314453 -0.282715
45.780 1 DESIRED -0.74 0.25 5. 16. -45. 805. 2.
45.784 1 BAT 0 0 0 0 1 65 63 0
45.786 1 DL_VALUE 7 2.
45.857 1 ACTUATORS 1000,1209,1453,1499
45.874 1 ATTITUDE 0.349854 2.315918 -0.280762
45.880 1 GPS 0 1130805120 0 0 -17000 0 0 0 65000 12 5
45.909 1 NAVIGATION 0 2 10801716. -3566302. 1.29394907546e+14 1.29395570246e+14 0 0
45.974 1 ATTITUDE 0.348877 2.316895 -0.279785
45.980 1 DESIRED -0.74 0.25 5. 16. -45. 805. 2.
45.983 1 ESTIMATOR -16.999998 3e-06
45.986 1 IMU_GYRO 0. 0. 0.012695
46.074 1 ATTITUDE 0.350342 2.315918 -0.281006
46.078 1 WP_MOVED 1 506335. 3566302. 765. 12
46.081 1 IMU_ACCEL -2.631836 -3.196289 -9.061523
46.132 1 GPS 0 1130805120 0 0 -17000 0 0 0 65250 12 6
46.159 1 NAVIGATION 0 2 10801716. -3566302. 1.29394907546e+14 1.29395570246e+14 0 0
46.166 1 DOWNLINK_STATUS 29 23938 1075 0 854. 39. 2.62
46.174 1 ATTITUDE 0.35083 2.314453 -0.280029
46.180 1 DESIRED -0.74 0.25 5. 16. -45. 805. 2.
46.183 1 IMU_MAG -0.242188 -0.500488 2.770996
46.274 1 ATTITUDE 0.349854 2.312744 -0.279053
46.374 1 ATTITUDE 0.35498 2.305176 -0.286133
46.380 1 DESIRED -0.74 0.25 5. 16. -45. 805. 2.
46.386 1 GPS 0 1130805120 0 0 -17000 0 0 0 65500 12 7
46.409 1 NAVIGATION 0 2 10801716. -3566302. 1.29394907546e+14 1.29395570246e+14 0 0
46.474 1 ATTITUDE 0.365234 2.291992 -0.301025
46.477 1 ESTIMATOR -16.999998 3e-06
46.574 1 ATTITUDE 0.380615 2.274902 -0.322021
46.580 1 DESIRED -0.74 0.27 5. 16. -45. 805. 2.
46.584 1 WP_MOVED 2 506254.8125 3566257.5 815. 12
46.587 1 IMU_GYRO -0.051025 0.026367 -0.006348
46.591 1 NAVIGATION 0 2 10801716. -3566302. 1.29394907546e+14 1.29395570246e+14 0 0
46.593 1 CALIBRATION -150. 0
46.633 1 GPS 0 1130805120 0 0 -17000 0 0 0 65750 12 8
46.657 1 FBW_STATUS 0 46 1 0 0
46.661 1 NAVIGATION 0 2 10801716. -3566302. 1.29394907546e+14 1.29395570246e+14 0 0
46.674 1 ATTITUDE 0.369873 2.285889 -0.310791
46.774 1 ATTITUDE 0.356201 2.30542 -0.294189
46.780 1 DESIRED -0.74 0.26 5. 16. -45. 805. 2.
46.784 1 ENERGY 0. 0. 0 0.
46.874 1 ATTITUDE 0.351074 2.315674 -0.291992
46.880 1 GPS 0 1130805120 0 0 -17000 0 0 0 66000 12 9
46.883 1 IMU_ACCEL -2.416016 -2.850586 -8.591797
46.887 1 BAT 0 0 0 0 1 66 64 0
46.891 1 ALIVE 112,66,248,248,162,132,62,76,192,50,22,74,8,129,117,74
46.909 1 NAVIGATION 0 2 10801716. -3566302. 1.29394907546e+14 1.29395570246e+14 0 0
46.974 1 ATTITUDE 0.360107 2.311035 -0.296875
46.980 1 DESIRED -0.74 0.26 5. 16. -45. 805. 2.
46.983 1 ESTIMATOR -16.999998 2e-06
46.985 1 PPRZ_MODE 2 3 3 0 0 21
47.074 1 ATTITUDE 0.359619 2.309814 -0.286865
47.078 1 WP_MOVED 3 506350.5 3566257. 805. 12
47.127 1 GPS 0 1130805120 0 0 -17000 0 0 0 66250 12 10
47.159 1 NAVIGATION 0 2 10801716. -3566302. 1.29394907546e+14 1.29395570246e+14 0 0
47.167 1 DOWNLINK_STATUS 30 24772 1112 0 834. 37. 2.62
47.174 1 ATTITUDE 0.362793 2.304199 -0.292236
47.180 1 DESIRED -0.74 0.26 5. 16. -45. 805. 2.
47.183 1 IMU_GYRO 0.025391 -0.167969 -0.007324
47.274 1 ATTITUDE 0.370117 2.296631 -0.307861
47.276 1 DL_VALUE 8 0.
47.374 1 ATTITUDE 0.368164 2.299316 -0.310547
47.380 1 DESIRED -0.74 0.26 5. 16. -45. 805. 2.
47.386 1 GPS 0 1130805120 0 0 -17000 0 0 0 66500 12 11
47.389 1 GPS_SOL 649519104 4500 9999 0
47.409 1 NAVIGATION 0 2 10801716. -3566302. 1.29394907546e+14 1.29395570246e+14 0 0
47.474 1 ATTITUDE 0.368408 2.299072 -0.304688
47.477 1 ESTIMATOR -16.999998 1e-06
47.480 1 IMU_MAG -0.183594 -0.47168 2.768066
47.574 1 ATTITUDE 0.367432 2.297363 -0.296143
47.580 1 DESIRED -0.74 0.26 5. 16. -45. 805. 2.
47.584 1 WP_MOVED 4 506374.40625 3566337.75 805. 12
47.588 1 NAVIGATION 0 2 10801716. -3566302. 1.29394907546e+14 1.29395570246e+14 0 0
47.627 1 GPS 0 1130805120 0 0 -17000 0 0 0 66750 12 12
47.655 1 PONG 
47.660 1 NAVIGATION 0 2 10801716. -3566302. 1.29394907546e+14 1.29395570246e+14 0 0
47.674 1 ATTITUDE 0.365234 2.297607 -0.297607
47.677 1 IMU_ACCEL -2.833984 -3.387695 -9.180664
47.679 1 STATE_FILTER_STATUS 3 0
47.774 1 ATTITUDE 0.373291 2.294678 -0.311279
47.780 1 DESIRED -0.74 0.26 5. 16. -45. 805. 2.
47.783 1 IMU_GYRO 0.008301 0. 0.052979
47.874 1 ATTITUDE 0.37915 2.29248 -0.317139
47.880 1 GPS 0 1130805120 0 0 -17000 0 0 0 67000 12 13
47.909 1 NAVIGATION 0 2 10801716. -3566302. 1.29394907546e+14 1.29395570246e+14 0 0
47.974 1 ATTITUDE 0.380615 2.289795 -0.31958
47.980 1 DESIRED -0.74 0.27 5. 16. -45. 805. 2.
47.983 1 ESTIMATOR -16.999998 1e-06
47.986 1 BAT 0 0 0 0 1 67 65 0
48.074 1 ATTITUDE 0.40332 2.272705 -0.345947
48.078 1 WP_MOVED 5 506402.3125 3566363.25 820. 12
48.127 1 GPS 0 1130805120 0 0 -17000 0 0 0 67250 12 14
48.159 1 NAVIGATION 0 2 10801716. -3566302. 1.29394907546e+14 1.29395570246e+14 0 0
48.168 1 DOWNLINK_STATUS 31 25587 1149 0 815. 37. 2.61
48.174 1 ATTITUDE 0.448242 2.24707 -0.398682
48.180 1 DESIRED -0.74 0.3 5. 16. -45. 805. 2.
48.274 1 ATTITUDE 0.518555 2.186279 -0.431396
48.374 1 ATTITUDE 0.604248 2.09668 -0.427979
48.380 1 DESIRED -0.74 0.36 5. 16. -45. 805. 2.
48.386 1 GPS 0 1130805120 0 0 -17000 0 0 0 67500 12 15
48.389 1 IMU_GYRO -0.135986 0.041504 -0.225586
48.409 1 NAVIGATION 0 2 10801716. -3566302. 1.29394907546e+14 1.29395570246e+14 0 0
48.474 1 ATTITUDE 0.594238 2.113037 -0.415283
48.477 1 ESTIMATOR -16.999998 0.
48.480 1 IMU_ACCEL -3.482422 -5.043945 -7.261719
48.482 1 DOWNLINK 6 814 2502
48.574 1 ATTITUDE 0.564697 2.155518 -0.380371
48.580 1 DESIRED -0.74 0.35 5. 16. -45. 805. 2.
48.584 1 WP_MOVED 6 506374.40625 3566337.75 820. 12
48.588 1 NAVIGATION 0 2 10801716. -3566302. 1.29394907546e+14 1.29395570246e+14 0 0
48.627 1 GPS 0 1130805120 0 0 -17000 0 0 0 67750 12 16
48.657 1 FBW_STATUS 0 45 1 0 0
48.661 1 NAVIGATION 0 2 10801716. -3566302. 1.29394907546e+14 1.29395570246e+14 0 0
48.674 1 ATTITUDE 0.520752 2.21582 -0.341309
48.676 1 CALIBRATION -150. 0
48.774 1 ATTITUDE 0.496338 2.24292 -0.319336
48.780 1 DESIRED -0.74 0.32 5. 16. -45. 805. 2.
48.783 1 IMU_MAG -0.126953 -0.257324 2.759277
48.785 1 DL_VALUE 9 1.
48.874 1 ATTITUDE 0.459717 2.286865 -0.280518
48.880 1 GPS 0 1130805120 0 0 -17000 0 0 0 68000 12 1
48.909 1 NAVIGATION 0 2 10801716. -3566302. 1.29394907546e+14 1.29395570246e+14 0 0
48.974 1 ATTITUDE 0.39624 2.359375 -0.198486
48.980 1 DESIRED -0.74 0.27 5. 16. -45. 805. 2.
48.982 1 ESTIMATOR -16.999998 -0.
48.986 1 IMU_GYRO -0.135986 0.28833 0.245605
49.074 1 ATTITUDE 0.404541 2.336182 -0.20874
49.078 1 WP_MOVED 7 506350.5 3566270.75 805. 12
49.081 1 BAT 0 0 0 0 1 68 66 0
49.127 1 GPS 0 1130805120 0 0 -17000 0 0 0 68250 12 2
49.159 1 NAVIGATION 0 2 10801716. -3566302. 1.29394907546e+14 1.29395570246e+14 0 0
49.169 1 DOWNLINK_STATUS 32 26406 1186 0 819. 37. 2.61
49.174 1 ATTITUDE 0.405273 2.321533 -0.211426
49.180 1 DESIRED -0.74 0.28 5. 16. -45. 805. 2.
49.274 1 ATTITUDE 0.40625 2.315918 -0.21167
49.277 1 IMU_ACCEL -2.060547 -3.738281 -10.006836
49.281 1 ENERGY 0. 0. 0 0.
49.374 1 ATTITUDE 0.39502 2.331299 -0.192139
49.380 1 DESIRED -0.74 0.27 5. 16. -45. 805. 2.
49.386 1 GPS 0 1130805120 0 0 -17000 0 0 0 68500 12 3
49.389 1 GPS_SOL 649519104 4555 9999 0
49.409 1 NAVIGATION 0 2 10801716. -3566302. 1.29394907546e+14 1.29395570246e+14 0 0
49.474 1 ATTITUDE 0.40332 2.317139 -0.20459
49.477 1 ESTIMATOR -16.999998 -1e-06
49.574 1 ATTITUDE 0.4104 2.306396 -0.212158
49.580 1 DESIRED -0.74 0.28 5. 16. -45. 805. 2.
49.583 1 WP_MOVED 8 506254.8125 3566257.5 815. 12
49.587 1 IMU_GYRO 0.182861 -0.427734 -0.090332
49.591 1 NAVIGATION 0 2 10801716. -3566302. 1.29394907546e+14 1.29395570246e+14 0 0
49.627 1 GPS 0 1130805120 0 0 -17000 0 0 0 68750 12 4
49.659 1 NAVIGATION 0 2 10801716. -3566302. 1.29394907546e+14 1.29395570246e+14 0 0
49.674 1 ATTITUDE 0.427734 2.287354 -0.231445
49.774 1 ATTITUDE 0.424805 2.289795 -0.223633
49.780 1 DESIRED -0.74 0.29 5. 16. -45. 805. 2.
49.874 1 ATTITUDE 0.429199 2.282959 -0.228271
49.880 1 GPS 0 1130805120 0 0 -17000 0 0 0 69000 12 5
49.881 1 STATE_FILTER_STATUS 3 0
49.909 1 NAVIGATION 0 2 10801716. -3566302. 1.29394907546e+14 1.29395570246e+14 0 0
49.974 1 ATTITUDE 0.431641 2.278076 -0.232178
49.980 1 DESIRED -0.74 0.29 5. 16. -45. 805. 2.
49.982 1 ESTIMATOR -16.999998 -1e-06
50.074 1 ATTITUDE 0.433838 2.272217 -0.238281
50.078 1 WP_MOVED 9 506213.8125 3566287.5 815. 12
50.081 1 IMU_ACCEL -2.295898 -3.930664 -8.804688
50.084 1 IMU_MAG -0.283691 -0.33252 2.808105
50.127 1 GPS 0 1130805120 0 0 -17000 0 0 0 69250 12 6
50.159 1 NAVIGATION 0 2 10801716. -3566302. 1.29394907546e+14 1.29395570246e+14 0 0
50.170 1 DOWNLINK_STATUS 33 27204 1221 0 798. 35. 2.61
50.174 1 ATTITUDE 0.434082 2.269775 -0.240723
50.180 1 DESIRED -0.74 0.29 5. 16. -45. 805. 2.
50.183 1 IMU_GYRO -0.008301 -0.047852 -0.000977
50.187 1 BAT 0 0 0 0 1 69 67 0
50.274 1 ATTITUDE 0.435791 2.26416 -0.24585
50.276 1 DL_VALUE 10 0.
50.374 1 ATTITUDE 0.443115 2.251221 -0.258301
50.380 1 DESIRED -0.74 0.29 5. 16. -45. 805. 2.
50.386 1 GPS 0 1130805120 0 0 -17000 0 0 0 69500 12 7
50.409 1 NAVIGATION 0 2 10801716. -3566302. 1.29394907546e+14 1.29395570246e+14 0 0
50.474 1 ATTITUDE 0.44873 2.244385 -0.267822
50.476 1 ESTIMATOR -16.999998 -2e-06
50.574 1 ATTITUDE 0.450684 2.242676 -0.272949
50.580 1 DESIRED -0.74 0.3 5. 16. -45. 805. 2.
50.583 1 WP_MOVED 0 506377. 3566344. 757. 12
50.588 1 NAVIGATION 0 2 10801716. -3566302. 1.29394907546e+14 1.29395570246e+14 0 0
50.627 1 GPS 0 1130805120 0 0 -17000 0 0 0 69750 12 8
50.657 1 FBW_STATUS 0 45 1 0 0
50.661 1 NAVIGATION 0 2 10801716. -3566302. 1.29394907546e+14 1.29395570246e+14 0 0
50.674 1 ATTITUDE 0.459961 2.232666 -0.2854
50.757 1 COMMANDS 0,-7974,3260,-28
50.774 1 ATTITUDE 0.466553 2.230713 -0.291016
50.780 1 DESIRED -0.74 0.3 5. 16. -45. 805. 2.
50.783 1 IMU_GYRO 0.046631 -0.105225 -0.025391
50.785 1 CALIBRATION -150. 0
50.857 1 ACTUATORS 1000,1173,1451,1499
50.874 1 ATTITUDE 0.479736 2.2229 -0.302246
50.880 1 GPS 0 1130805120 0 0 -17000 0 0 0 70000 12 9
50.883 1 IMU_ACCEL -2.90625 -4.357422 -8.411133
50.909 1 NAVIGATION 0 2 10801716. -3566302. 1.29394907546e+14 1.29395570246e+14 0 0
50.974 1 ATTITUDE 0.497803 2.213135 -0.316895
50.980 1 DESIRED -0.74 0.32 5. 16. -45. 805. 2.
50.982 1 ESTIMATOR -16.999998 -2e-06
51.074 1 ATTITUDE 0.505859 2.206543 -0.326172
51.077 1 WP_MOVED 1 506335. 3566302. 765. 12
51.127 1 GPS 0 1130805120 0 0 -17000 0 0 0 70250 12 10
51.161 1 NAVIGATION 0 2 10801716. -3566302. 1.29394907546e+14 1.29395570246e+14 0 0
51.172 1 DOWNLINK_STATUS 34 28024 1258 0 820. 37. 2.61
51.174 1 ATTITUDE 0.5271 2.191162 -0.343262
51.180 1 DESIRED -0.74 0.33 5. 16. -45. 805. 2.
51.274 1 ATTITUDE 0.564941 2.181885 -0.37793
51.277 1 BAT 0 0 0 0 1 70 68 0
51.374 1 ATTITUDE 0.601562 2.158936 -0.413086
51.380 1 DESIRED -0.74 0.36 5. 16. -45. 805. 2.
51.386 1 GPS 0 1130805120 0 0 -17000 0 0 0 70500 12 11
51.389 1 IMU_GYRO -0.135986 0.389404 0.249023
51.392 1 IMU_MAG 0.073242 -0.15625 2.722168
51.409 1 NAVIGATION 0 2 10801716. -3566302. 1.29394907546e+14 1.29395570246e+14 0 0
51.474 1 ATTITUDE 0.62207 2.147461 -0.430176
51.476 1 ESTIMATOR -16.999998 -3e-06
51.574 1 ATTITUDE 0.668213 2.116455 -0.459473
51.580 1 DESIRED -0.74 0.39 5. 16. -45. 805. 2.
51.583 1 WP_MOVED 2 506254.8125 3566257.5 815. 12
51.588 1 NAVIGATION 0 2 10801716. -3566302. 1.29394907546e+14 1.29395570246e+14 0 0
51.627 1 GPS 0 1130805120 0 0 -17000 0 0 0 70750 12 12
51.659 1 NAVIGATION 0 2 10801716. -3566302. 1.29394907546e+14 1.29395570246e+14 0 0
51.674 1 ATTITUDE 0.696045 2.099121 -0.473145
51.677 1 IMU_ACCEL -4.390625 -5.639648 -6.791016
51.774 1 ATTITUDE 0.702148 2.097168 -0.473389
51.780 1 DESIRED -0.74 0.41 5. 16. -45. 805. 2.
51.782 1 DL_VALUE 11 1.
51.785 1 ENERGY 0. 0. 0 0.
51.874 1 ATTITUDE 0.725586 2.07666 -0.481934
51.880 1 GPS 0 1130805120 0 0 -17000 0 0 0 71000 12 13
51.884 1 ALIVE 112,66,248,248,162,132,62,76,192,50,22,74,8,129,117,74
51.909 1 NAVIGATION 0 2 10801716. -3566302. 1.29394907546e+14 1.29395570246e+14 0 0
51.974 1 ATTITUDE 0.75 2.05127 -0.484131
51.980 1 DESIRED -0.74 0.43 5. 16. -45. 805. 2.
51.982 1 ESTIMATOR -16.999998 -4e-06
51.985 1 IMU_GYRO -0.093506 0.036133 -0.160645
51.987 1 PPRZ_MODE 2 3 3 0 0 21
52.074 1 ATTITUDE 0.766357 2.033203 -0.475586
52.077 1 WP_MOVED 3 506350.5 3566257. 805. 12
52.079 1 STATE_FILTER_STATUS 3 0
52.126 1 GPS 0 1130805120 0 0 -17000 0 0 0 71250 12 14
52.159 1 NAVIGATION 0 2 10801716. -3566302. 1.29394907546e+14 1.29395570246e+14 0 0
52.173 1 DOWNLINK_STATUS 35 28871 1296 0 847. 38. 2.61
52.174 1 ATTITUDE 0.780518 2.018066 -0.465332
52.180 1 DESIRED -0.74 0.44 5. 16. -45. 805. 2.
52.274 1 ATTITUDE 0.800537 1.999756 -0.462646
52.374 1 ATTITUDE 0.833252 1.977539 -0.471191
52.380 1 DESIRED -0.74 0.46 5. 16. -45. 805. 2.
52.385 1 GPS 0 1130805120 0 0 -17000 0 0 0 71500 12 15
52.389 1 BAT 0 0 0 0 1 71 69 0
52.409 1 NAVIGATION 0 2 10801716. -3566302. 1.29394907546e+14 1.29395570246e+14 0 0
52.474 1 ATTITUDE 0.848389 1.969971 -0.469727
52.476 1 ESTIMATOR -17. -4e-06
52.479 1 IMU_ACCEL -4.467773 -6.748047 -5.798828
52.574 1 ATTITUDE 0.850342 1.983887 -0.476318
52.580 1 DESIRED -0.74 0.47 5. 16. -45. 805. 2.
52.583 1 WP_MOVED 4 506374.40625 3566337.75 805. 12
52.586 1 IMU_GYRO 0.008301 -0.02124 0.030762
52.591 1 NAVIGATION 0 2 10801716. -3566302. 1.29394907546e+14 1.29395570246e+14 0 0
52.626 1 GPS 0 1130805120 0 0 -17000 0 0 0 71750 12 16
52.657 1 FBW_STATUS 0 45 1 0 0
52.661 1 NAVIGATION 0 2 10801716. -3566302. 1.29394907546e+14 1.29395570246e+14 0 0
52.663 1 PONG 
52.674 1 ATTITUDE 0.850586 1.992188 -0.477539
52.677 1 IMU_MAG 0.335449 0.17627 2.48877
52.774 1 ATTITUDE 0.852539 1.998779 -0.476562
52.780 1 DESIRED -0.74 0.47 5. 16. -45. 805. 2.
52.874 1 ATTITUDE 0.85376 2.00293 -0.475586
52.880 1 GPS 0 1130805120 0 0 -17000 0 0 0 72000 12 1
52.881 1 CALIBRATION -150. 0
52.909 1 NAVIGATION 0 2 10801716. -3566302. 1.29394907546e+14 1.29395570246e+14 0 0
52.974 1 ATTITUDE 0.854004 2.008545 -0.477295
52.980 1 DESIRED -0.74 0.47 5. 16. -45. 805. 2.
52.982 1 ESTIMATOR -17.000002 -4e-06
53.074 1 ATTITUDE 0.854004 2.013428 -0.47876
53.077 1 WP_MOVED 5 506402.3125 3566363.25 820. 12
53.126 1 GPS 0 1130805120 0 0 -17000 0 0 0 72250 12 2
53.129 1 SVINFO 2 20 16 3 21 -91 0
53.153 1 WIND_INFO 1 42 0. 0. 0.
53.159 1 NAVIGATION 0 2 10801716. -3566302. 1.29394907546e+14 1.29395570246e+14 0 0
53.173 1 DOWNLINK_STATUS 36 29670 1332 0 799. 36. 9.86
53.175 1 ATTITUDE 0.855225 2.016602 -0.478271
53.180 1 DESIRED -0.74 0.47 5. 16. -45. 805. 2.
53.182 1 IMU_GYRO 0.010498 0.005127 0.012695
53.274 1 ATTITUDE 0.854736 2.022217 -0.468994
53.277 1 IMU_ACCEL -4.458008 -6.75293 -5.941406
53.279 1 DL_VALUE 0 0.
53.374 1 ATTITUDE 0.855713 2.026611 -0.460693
53.380 1 DESIRED -0.74 0.47 5. 16. -45. 805. 2.
53.385 1 GPS 0 1130805120 0 0 -17000 0 0 0 72500 12 3
53.388 1 GPS_SOL 649519104 4664 9999 0
53.409 1 NAVIGATION 0 2 10801716. -3566302. 1.29394907546e+14 1.29395570246e+14 0 0
53.474 1 ATTITUDE 0.856201 2.0271 -0.465332
53.476 1 ESTIMATOR -17.000002 -3e-06
53.480 1 BAT 0 0 0 0 1 72 70 0
53.574 1 ATTITUDE 0.853027 2.028076 -0.461914
53.580 1 DESIRED -0.74 0.47 5. 16. -45. 805. 2.
53.583 1 WP_MOVED 6 506374.40625 3566337.75 820. 12
53.588 1 NAVIGATION 0 2 10801716. -3566302. 1.29394907546e+14 1.29395570246e+14 0 0
53.590 1 DOWNLINK 7 829 2692
53.626 1 GPS 0 1130805120 0 0 -17000 0 0 0 72750 12 4
53.659 1 NAVIGATION 0 2 10801716. -3566302. 1.29394907546e+14 1.29395570246e+14 0 0
53.674 1 ATTITUDE 0.851074 2.029297 -0.452637
53.774 1 ATTITUDE 0.849854 2.031006 -0.450928
53.780 1 DESIRED -0.74 0.47 5. 16. -45. 805. 2.
53.782 1 IMU_GYRO 0.008301 0.000977 0.008301
53.874 1 ATTITUDE 0.850342 2.031494 -0.445801
53.880 1 GPS 0 1130805120 0 0 -17000 0 0 0 73000 12 5
53.909 1 NAVIGATION 0 2 10801716. -3566302. 1.29394907546e+14 1.29395570246e+14 0 0
53.974 1 ATTITUDE 0.852295 2.030029 -0.446777
53.980 1 DESIRED -0.74 0.47 5. 16. -45. 805. 2.
53.982 1 ESTIMATOR -17.000002 -3e-06
53.985 1 IMU_MAG 0.293457 0.193848 2.520508
54.074 1 ATTITUDE 0.852539 2.033691 -0.448242
54.077 1 WP_MOVED 7 506350.5 3566270.75 805. 12
54.080 1 IMU_ACCEL -4.385742 -6.863281 -6.088867
54.126 1 GPS 0 1130805120 0 0 -17000 0 0 0 73250 12 6
54.159 1 NAVIGATION 0 2 10801716. -3566302. 1.29394907546e+14 1.29395570246e+14 0 0
54.174 1 DOWNLINK_STATUS 37 30499 1369 0 829. 37. 9.86
54.174 1 ATTITUDE 0.856201 2.033691 -0.448242
54.180 1 DESIRED -0.74 0.47 5. 16. -45. 805. 2.
54.274 1 ATTITUDE 0.853516 2.0354 -0.450928
54.275 1 STATE_FILTER_STATUS 3 0
54.279 1 ENERGY 0. 0. 0 0.
54.281 1 NAVIGATION_REF 506335 3566302 12
54.374 1 ATTITUDE 0.859863 2.035645 -0.44458
54.380 1 DESIRED -0.74 0.48 5. 16. -45. 805. 2.
54.385 1 GPS 0 1130805120 0 0 -17000 0 0 0 73500 12 7
54.389 1 IMU_GYRO 0.327637 -0.336182 -0.11377
54.409 1 NAVIGATION 0 2 10801716. -3566302. 1.29394907546e+14 1.29395570246e+14 0 0
54.474 1 ATTITUDE 0.880615 2.01001 -0.430664
54.476 1 ESTIMATOR -17.000002 -2e-06
54.574 1 ATTITUDE 0.891357 1.991455 -0.416748
54.580 1 DESIRED -0.74 0.49 5. 16. -45. 805. 2.
54.583 1 WP_MOVED 8 506254.8125 3566257.5 815. 12
54.588 1 NAVIGATION 0 2 10801716. -3566302. 1.29394907546e+14 1.29395570246e+14 0 0
54.591 1 BAT 0 0 0 0 1 73 71 0
54.626 1 GPS 0 1130805120 0 0 -17000 0 0 0 73750 12 8
54.659 1 NAVIGATION 0 2 10801716. -3566302. 1.29394907546e+14 1.29395570246e+14 0 0
54.660 1 FBW_STATUS 0 45 1 0 0
54.674 1 ATTITUDE 0.898926 1.989258 -0.417236
54.774 1 ATTITUDE 0.906738 1.984863 -0.404541
54.780 1 DESIRED -0.74 0.5 5. 16. -45. 805. 2.
54.782 1 DL_VALUE 1 0.
54.874 1 ATTITUDE 0.914795 1.980225 -0.390625
54.879 1 GPS 0 1130805120 0 0 -17000 0 0 0 74000 12 9
54.883 1 IMU_ACCEL -3.943359 -7.391602 -5.286133
54.909 1 NAVIGATION 0 2 10801716. -3566302. 1.29394907546e+14 1.29395570246e+14 0 0
54.974 1 ATTITUDE 0.921387 1.979004 -0.398193
54.980 1 DESIRED -0.74 0.5 5. 16. -45. 805. 2.
54.982 1 ESTIMATOR -17.000002 -1e-06
54.985 1 IMU_GYRO -0.014893 0.003174 0.012695
54.987 1 CALIBRATION -150. 0
55.074 1 ATTITUDE 0.920654 1.98291 -0.398193
55.077 1 WP_MOVED 9 506213.8125 3566287.5 815. 12
55.126 1 GPS 0 1130805120 0 0 -17000 0 0 0 74250 12 10
55.159 1 NAVIGATION 0 2 10801716. -3566302. 1.29394907546e+14 1.29395570246e+14 0 0
55.174 1 ATTITUDE 0.919434 1.986572 -0.397705
55.174 1 DOWNLINK_STATUS 38 31351 1408 0 852. 39. 9.86
55.180 1 DESIRED -0.74 0.5 5. 16. -45. 805. 2.
55.274 1 ATTITUDE 0.918213 1.989502 -0.397461
55.277 1 IMU_MAG 0.251953 0.33252 2.500488
55.374 1 ATTITUDE 0.919189 1.991455 -0.397705
55.380 1 DESIRED -0.74 0.5 5. 16. -45. 805. 2.
55.385 1 GPS 0 1130805120 0 0 -17000 0 0 0 74500 12 11
55.388 1 GPS_SOL 649519104 4717 9999 0
55.409 1 NAVIGATION 0 2 10801716. -3566302. 1.29394907546e+14 1.29395570246e+14 0 0
55.474 1 ATTITUDE 0.922852 1.991699 -0.398438
55.476 1 ESTIMATOR -17.000002 -1e-06
55.574 1 ATTITUDE 0.924072 1.990967 -0.398682
55.580 1 DESIRED -0.74 0.5 5. 16. -45. 805. 2.
55.583 1 WP_MOVED 0 506377. 3566344. 757. 12
55.586 1 IMU_GYRO -0.006348 -0.018066 0.000977
55.591 1 NAVIGATION 0 2 10801716. -3566302. 1.29394907546e+14 1.29395570246e+14 0 0
55.626 1 GPS 0 1130805120 0 0 -17000 0 0 0 74750 12 12
55.659 1 NAVIGATION 0 2 10801716. -3566302. 1.29394907546e+14 1.29395570246e+14 0 0
55.674 1 ATTITUDE 0.924072 1.991211 -0.398926
55.677 1 IMU_ACCEL -3.876953 -7.161133 -5.556641
55.681 1 BAT 0 0 0 0 1 75 73 0
55.756 1 COMMANDS 0,-9600,4959,-28
55.774 1 ATTITUDE 0.924072 1.990967 -0.398438
55.780 1 DESIRED -0.74 0.5 5. 16. -45. 805. 2.
55.857 1 ACTUATORS 1000,1068,1483,1499
55.874 1 ATTITUDE 0.924072 1.993164 -0.405273
55.879 1 GPS 0 1130805120 0 0 -17000 0 0 0 75000 12 13
55.908 1 NAVIGATION 0 2 10801716. -3566302. 1.29394907546e+14 1.29395570246e+14 0 0
55.974 1 ATTITUDE 0.928223 1.994141 -0.417725
55.980 1 DESIRED -0.74 0.51 5. 16. -45. 805. 2.
55.982 1 ESTIMATOR -17.000002 -0.
56.074 1 ATTITUDE 0.929688 1.996094 -0.425293
56.077 1 WP_MOVED 1 506335. 3566302. 765. 12
56.126 1 GPS 0 1130805120 0 0 -17000 0 0 0 75250 12 14
56.161 1 NAVIGATION 0 2 10801716. -3566302. 1.29394907546e+14 1.29395570246e+14 0 0
56.174 1 ATTITUDE 0.928711 1.995605 -0.421875
56.174 1 DOWNLINK_STATUS 39 32152 1443 0 801. 35. 9.86
56.180 1 DESIRED -0.74 0.51 5. 16. -45. 805. 2.
56.183 1 IMU_GYRO -0.012695 0.000977 -0.038086
56.274 1 ATTITUDE 0.928467 1.992432 -0.418945
56.276 1 DL_VALUE 2 805.
56.374 1 ATTITUDE 0.928223 1.990967 -0.42041
56.380 1 DESIRED -0.74 0.51 5. 16. -45. 805. 2.
56.385 1 GPS 0 1130805120 0 0 -17000 0 0 0 75500 12 15
56.408 1 NAVIGATION 0 2 10801716. -3566302. 1.29394907546e+14 1.29395570246e+14 0 0
56.474 1 ATTITUDE 0.929688 1.99292 -0.420166
56.476 1 ESTIMATOR -17.000002 1e-06
56.479 1 IMU_ACCEL -3.977539 -7.166016 -5.508789
56.481 1 STATE_FILTER_STATUS 3 0
56.574 1 ATTITUDE 0.93042 1.992676 -0.419434
56.580 1 DESIRED -0.74 0.51 5. 16. -45. 805. 2.
56.583 1 WP_MOVED 2 506254.8125 3566257.5 815. 12
56.588 1 NAVIGATION 0 2 10801716. -3566302. 1.29394907546e+14 1.29395570246e+14 0 0
56.591 1 IMU_MAG 0.283691 0.297852 2.46582
56.626 1 GPS 0 1130805120 0 0 -17000 0 0 0 75750 12 16
56.656 1 FBW_STATUS 0 45 1 0 0
56.662 1 NAVIGATION 0 2 10801716. -3566302. 1.29394907546e+14 1.29395570246e+14 0 0
56.674 1 ATTITUDE 0.93042 1.992188 -0.419678
56.774 1 ATTITUDE 0.930176 1.992676 -0.419189
56.780 1 DESIRED -0.74 0.51 5. 16. -45. 805. 2.
56.783 1 IMU_GYRO 0. -0.011475 0.011475
56.786 1 BAT 0 0 0 0 1 76 74 0
56.790 1 ENERGY 0. 0. 0 0.
56.874 1 ATTITUDE 0.930664 1.992188 -0.418457
56.879 1 GPS 0 1130805120 0 0 -17000 0 0 0 76000 12 1
56.883 1 ALIVE 112,66,248,248,162,132,62,76,192,50,22,74,8,129,117,74
56.908 1 NAVIGATION 0 2 10801716. -3566302. 1.29394907546e+14 1.29395570246e+14 0 0
56.974 1 ATTITUDE 0.930176 1.992676 -0.41748
56.980 1 DESIRED -0.74 0.51 5. 16. -45. 805. 2.
56.982 1 ESTIMATOR -17.000002 1e-06
56.984 1 PPRZ_MODE 2 3 3 0 0 21
57.074 1 ATTITUDE 0.927246 1.995117 -0.414307
57.077 1 WP_MOVED 3 506350.5 3566257. 805. 12
57.079 1 CALIBRATION -150. 0
57.126 1 GPS 0 1130805120 0 0 -17000 0 0 0 76250 12 2
57.158 1 NAVIGATION 0 2 10801716. -3566302. 1.29394907546e+14 1.29395570246e+14 0 0
57.174 1 ATTITUDE 0.927979 1.995117 -0.415283
57.174 1 DOWNLINK_STATUS 40 33024 1483 0 872. 40. 9.86
57.180 1 DESIRED -0.74 0.5 5. 16. -45. 805. 2.
57.274 1 ATTITUDE 0.928467 1.995361 -0.415527
57.277 1 IMU_ACCEL -3.982422 -7.174805 -5.414062
57.374 1 ATTITUDE 0.92749 1.996338 -0.414795
57.379 1 DESIRED -0.74 0.5 5. 16. -45. 805. 2.
57.385 1 GPS 0 1130805120 0 0 -17000 0 0 0 76500 12 3
57.388 1 SVINFO 3 20 16 3 13 -91 0
57.391 1 IMU_GYRO -0.00415 0.011475 0.018066
57.408 1 NAVIGATION 0 2 10801716. -3566302. 1.29394907546e+14 1.29395570246e+14 0 0
57.474 1 ATTITUDE 0.927979 1.996094 -0.415039
57.476 1 ESTIMATOR -17.000002 2e-06
57.574 1 ATTITUDE 0.928955 1.996582 -0.415771
57.579 1 DESIRED -0.74 0.51 5. 16. -45. 805. 2.
57.583 1 WP_MOVED 4 506374.40625 3566337.75 805. 12
57.587 1 NAVIGATION 0 2 10801716. -3566302. 1.29394907546e+14 1.29395570246e+14 0 0
57.626 1 GPS 0 1130805120 0 0 -17000 0 0 0 76750 12 4
57.658 1 NAVIGATION 0 2 10801716. -3566302. 1.29394907546e+14 1.29395570246e+14 0 0
57.658 1 PONG 
57.674 1 ATTITUDE 0.928711 1.996582 -0.415771
57.774 1 ATTITUDE 0.928467 1.99585 -0.415039
57.779 1 DESIRED -0.74 0.51 5. 16. -45. 805. 2.
57.781 1 DL_VALUE 3 0.
57.874 1 ATTITUDE 0.928467 1.99585 -0.416016
57.879 1 GPS 0 1130805120 0 0 -17000 0 0 0 77000 12 5
57.883 1 BAT 0 0 0 0 1 77 75 0
57.886 1 IMU_MAG 0.276367 0.300781 2.462891
57.908 1 NAVIGATION 0 2 10801716. -3566302. 1.29394907546e+14 1.29395570246e+14 0 0
57.974 1 ATTITUDE 0.928955 1.995361 -0.415771
57.979 1 DESIRED -0.74 0.51 5. 16. -45. 805. 2.
57.982 1 ESTIMATOR -17.000002 2e-06
57.985 1 IMU_GYRO -0.014893 0.006348 0.009521
58.074 1 ATTITUDE 0.928467 1.995117 -0.415039
58.077 1 WP_MOVED 5 506402.3125 3566363.25 820. 12
58.080 1 IMU_ACCEL -3.972656 -7.21875 -5.423828
58.126 1 GPS 0 1130805120 0 0 -17000 0 0 0 77250 12 6
58.158 1 NAVIGATION 0 2 10801716. -3566302. 1.29394907546e+14 1.29395570246e+14 0 0
58.174 1 ATTITUDE 0.927246 1.996094 -0.414062
58.174 1 DOWNLINK_STATUS 41 33845 1520 0 821. 37. 3.91
58.179 1 DESIRED -0.74 0.5 5. 16. -45. 805. 2.
58.274 1 ATTITUDE 0.925781 1.996338 -0.413086
58.374 1 ATTITUDE 0.92627 1.996826 -0.41333
58.379 1 DESIRED -0.74 0.5 5. 16. -45. 805. 2.
58.385 1 GPS 0 1130805120 0 0 -17000 0 0 0 77500 12 7
58.408 1 NAVIGATION 0 2 10801716. -3566302. 1.29394907546e+14 1.29395570246e+14 0 0
58.473 1 ATTITUDE 0.924316 1.997314 -0.411133
58.476 1 ESTIMATOR -17.000002 3e-06
58.574 1 ATTITUDE 0.923584 1.996582 -0.411377
58.579 1 DESIRED -0.74 0.5 5. 16. -45. 805. 2.
58.583 1 WP_MOVED 6 506374.40625 3566337.75 820. 12
58.586 1 IMU_GYRO 0.016846 -0.018066 0.027588
58.591 1 NAVIGATION 0 2 10801716. -3566302. 1.29394907546e+14 1.29395570246e+14 0 0
58.626 1 GPS 0 1130805120 0 0 -17000 0 0 0 77750 12 8
58.656 1 FBW_STATUS 0 45 1 0 0
58.665 1 NAVIGATION 0 2 10801716. -3566302. 1.29394907546e+14 1.29395570246e+14 0 0
58.673 1 ATTITUDE 0.927002 1.993652 -0.414307
58.675 1 STATE_FILTER_STATUS 3 0
58.676 1 DOWNLINK 8 821 2880
58.773 1 ATTITUDE 0.928711 1.992432 -0.413574
58.779 1 DESIRED -0.74 0.51 5. 16. -45. 805. 2.
58.873 1 ATTITUDE 0.932373 1.988281 -0.403076
58.879 1 GPS 0 1130805120 0 0 -17000 0 0 0 78000 12 9
58.882 1 IMU_ACCEL -3.679688 -7.386719 -5.243164
58.908 1 NAVIGATION 0 2 10801716. -3566302. 1.29394907546e+14 1.29395570246e+14 0 0
58.973 1 ATTITUDE 0.941162 1.981445 -0.40332
58.979 1 DESIRED -0.74 0.51 5. 16. -45. 805. 2.
58.982 1 ESTIMATOR -17.000002 3e-06
58.985 1 BAT 0 0 0 0 1 78 76 0
59.073 1 ATTITUDE 0.940674 1.981689 -0.394531
59.077 1 WP_MOVED 7 506350.5 3566270.75 805. 12
59.126 1 GPS 0 1130805120 0 0 -17000 0 0 0 78250 12 10
59.158 1 NAVIGATION 0 2 10801716. -3566302. 1.29394907546e+14 1.29395570246e+14 0 0
59.173 1 ATTITUDE 0.943848 1.977295 -0.39624
59.175 1 DOWNLINK_STATUS 42 34615 1554 0 770. 34. 3.91
59.181 1 DESIRED -0.74 0.51 5. 16. -45. 805. 2.
59.182 1 IMU_GYRO 0.468018 -0.55542 0.036133
59.185 1 IMU_MAG 0.254395 0.344238 2.46582
59.187 1 CALIBRATION -150. 0
59.273 1 ATTITUDE 0.955811 1.971191 -0.39917
59.274 1 DL_VALUE 4 0.
59.278 1 ENERGY 0. 0. 0 0.
59.373 1 ATTITUDE 0.957275 1.969482 -0.398926
59.379 1 DESIRED -0.74 0.52 5. 16. -45. 805. 2.
59.385 1 GPS 0 1130805120 0 0 -17000 0 0 0 78500 12 11
59.388 1 GPS_SOL 649519168 4822 9999 0
59.408 1 NAVIGATION 0 2 10801716. -3566302. 1.29394907546e+14 1.29395570246e+14 0 0
59.473 1 ATTITUDE 0.958008 1.970703 -0.399658
59.476 1 ESTIMATOR -17.000002 4e-06
59.573 1 ATTITUDE 0.958252 1.972656 -0.398926
59.579 1 DESIRED -0.74 0.52 5. 16. -45. 805. 2.
59.583 1 WP_MOVED 8 506254.8125 3566257.5 815. 12
59.587 1 NAVIGATION 0 2 10801716. -3566302. 1.29394907546e+14 1.29395570246e+14 0 0
59.626 1 GPS 0 1130805120 0 0 -17000 0 0 0 78750 12 12
59.663 1 NAVIGATION 0 2 10801716. -3566302. 1.29394907546e+14 1.29395570246e+14 0 0
59.675 1 ATTITUDE 0.958984 1.974121 -0.399902
59.677 1 IMU_ACCEL -3.910156 -7.492188 -5.404297
59.773 1 ATTITUDE 0.958252 1.976074 -0.398926
59.779 1 DESIRED -0.74 0.52 5. 16. -45. 805. 2.
59.782 1 IMU_GYRO -0.091309 0.114746 0.047852
59.873 1 ATTITUDE 0.957031 1.977539 -0.398926
59.879 1 GPS 0 1130805120 0 0 -17000 0 0 0 79000 12 13
59.908 1 NAVIGATION 0 2 10801716. -3566302. 1.29394907546e+14 1.29395570246e+14 0 0
59.973 1 ATTITUDE 0.957031 1.978027 -0.398438
59.979 1 DESIRED -0.74 0.52 5. 16. -45. 805. 2.
59.982 1 ESTIMATOR -17. 4e-06
60.073 1 ATTITUDE 0.955811 1.979492 -0.399902
60.077 1 WP_MOVED 9 506213.8125 3566287.5 815. 12
60.080 1 BAT 0 0 0 0 1 79 77 0
60.126 1 GPS 0 1130805120 0 0 -17000 0 0 0 79250 12 14
60.158 1 NAVIGATION 0 2 10801716. -3566302. 1.29394907546e+14 1.29395570246e+14 0 0
60.173 1 ATTITUDE 0.960449 1.975342 -0.4021
60.174 1 DOWNLINK_STATUS 43 35446 1591 0 831. 37. 3.91
60.181 1 DESIRED -0.74 0.52 5. 16. -45. 805. 2.
60.273 1 ATTITUDE 0.966309 1.970459 -0.405762
60.373 1 ATTITUDE 0.963867 1.970703 -0.406006
60.379 1 DESIRED -0.74 0.52 5. 16. -45. 805. 2.
60.385 1 GPS 0 1130805120 0 0 -17000 0 0 0 79500 12 15
60.388 1 IMU_GYRO -0.055176 0.061523 0.104248
60.408 1 NAVIGATION 0 2 10801716. -3566302. 1.29394907546e+14 1.29395570246e+14 0 0
60.473 1 ATTITUDE 0.965576 1.96875 -0.407227
60.476 1 ESTIMATOR -16.999998 3e-06
60.479 1 IMU_ACCEL -4.515625 -7.458008 -4.563477
60.482 1 IMU_MAG 0.283691 0.355957 2.425781
60.573 1 ATTITUDE 0.964111 1.971191 -0.407471
60.579 1 DESIRED -0.74 0.52 5. 16. -45. 805. 2.
60.583 1 WP_MOVED 0 506377. 3566344. 757. 12
60.587 1 NAVIGATION 0 2 10801716. -3566302. 1.29394907546e+14 1.29395570246e+14 0 0
61.176 1 DOWNLINK_STATUS 44 35793 1606 0 347. 15. 3.91
62.176 1 DOWNLINK_STATUS 45 35793 1606 0 0. 0. 3.91
63.152 1 WIND_INFO 1 42 0. 0. 0.
63.177 1 DOWNLINK_STATUS 46 35793 1606 0 0. 0. -4997.63
64.177 1 DOWNLINK_STATUS 47 35793 1606 0 0. 0. -4997.63
65.178 1 DOWNLINK_STATUS 48 35793 1606 0 0. 0. -4997.63
66.180 1 DOWNLINK_STATUS 49 35793 1606 0 0. 0. -4997.63
67.182 1 DOWNLINK_STATUS 50 35793 1606 0 0. 0. -4997.63
68.181 1 DOWNLINK_STATUS 51 35793 1606 0 0. 0. -9998.94
69.182 1 DOWNLINK_STATUS 52 35793 1606 0 0. 0. -9998.94
70.184 1 DOWNLINK_STATUS 53 35793 1606 0 0. 0. -9998.94
71.185 1 DOWNLINK_STATUS 54 35793 1606 0 0. 0. -9998.94
72.186 1 DOWNLINK_STATUS 55 35793 1606 0 0. 0. -9998.94
73.152 1 WIND_INFO 1 42 0. 0. 0.
73.187 1 DOWNLINK_STATUS 56 35793 1606 0 0. 0. -15000.37
74.188 1 DOWNLINK_STATUS 57 35793 1606 0 0. 0. -15000.37
75.189 1 DOWNLINK_STATUS 58 35793 1606 0 0. 0. -15000.37
76.190 1 DOWNLINK_STATUS 59 35793 1606 0 0. 0. -15000.37
77.191 1 DOWNLINK_STATUS 60 35793 1606 0 0. 0. -15000.37
78.192 1 DOWNLINK_STATUS 61 35793 1606 0 0. 0. -20001.29
79.193 1 DOWNLINK_STATUS 62 35793 1606 0 0. 0. -20001.29
80.194 1 DOWNLINK_STATUS 63 35793 1606 0 0. 0. -20001.29
81.195 1 DOWNLINK_STATUS 64 35793 1606 0 0. 0. -20001.29
82.196 1 DOWNLINK_STATUS 65 35793 1606 0 0. 0. -20001.29
