3.398 1 NAVIGATION 0 2 10801716. -3566302. 1.29394907546e+14 1.29395570246e+14 0 0
3.413 1 ATTITUDE -0.007324 2.322754 -0.438232
3.419 1 DESIRED -0.74 0.1 5. 16. -45. 805. 2.
3.422 1 IMU_MAG 0.347656 -0.94043 2.126465
3.513 1 ATTITUDE -0.00708 2.322021 -0.438232
3.516 1 BAT 0 0 0 0 1 26 24 0
3.613 1 ATTITUDE -0.007324 2.322754 -0.438721
3.619 1 DESIRED -0.74 0.1 5. 16. -45. 805. 2.
3.625 1 GPS 0 1130805120 0 0 -17000 0 0 0 26500 12 11
3.628 1 GPS_SOL 649519040 3202 9999 0
3.648 1 NAVIGATION 0 2 10801716. -3566302. 1.29394907546e+14 1.29395570246e+14 0 0
3.713 1 ATTITUDE -0.00708 2.32373 -0.438721
3.715 1 ESTIMATOR -16.999977 -1.8e-05
3.800 1 PONG 
3.813 1 ATTITUDE -0.00708 2.324707 -0.438965
3.819 1 DESIRED -0.74 0.1 5. 16. -45. 805. 2.
3.823 1 WP_MOVED 4 506374.40625 3566337.75 805. 12
3.825 1 IMU_GYRO -0.010498 -0.00415 0.015869
3.831 1 NAVIGATION 0 2 10801716. -3566302. 1.29394907546e+14 1.29395570246e+14 0 0
3.869 1 GPS 0 1130805120 0 0 -17000 0 0 0 26750 12 12
3.898 1 NAVIGATION 0 2 10801716. -3566302. 1.29394907546e+14 1.29395570246e+14 0 0
3.913 1 ATTITUDE -0.00708 2.324951 -0.438965
3.916 1 IMU_ACCEL -4.232422 0.110352 -8.923828
3.918 1 DOWNLINK 2 827 1000
4.013 1 ATTITUDE -0.00708 2.325439 -0.439209
4.019 1 DESIRED -0.74 0.1 5. 16. -45. 805. 2.
4.114 1 ATTITUDE -0.00708 2.325928 -0.439453
4.119 1 GPS 0 1130805120 0 0 -17000 0 0 0 27000 12 13
4.149 1 NAVIGATION 0 2 10801716. -3566302. 1.29394907546e+14 1.29395570246e+14 0 0
4.213 1 ATTITUDE -0.00708 2.327637 -0.439697
4.219 1 DESIRED -0.74 0.1 5. 16. -45. 805. 2.
4.221 1 ESTIMATOR -16.999987 -2.1e-05
4.301 1 DOWNLINK_STATUS 6 4893 219 0 788. 35. 2.71
4.313 1 ATTITUDE -0.007324 2.328857 -0.439697
4.316 1 WP_MOVED 5 506402.3125 3566363.25 820. 12
4.318 1 STATE_FILTER_STATUS 3 0
4.365 1 GPS 0 1130805120 0 0 -17000 0 0 0 27250 12 14
4.399 1 NAVIGATION 0 2 10801716. -3566302. 1.29394907546e+14 1.29395570246e+14 0 0
4.413 1 ATTITUDE -0.007324 2.330078 -0.439697
4.420 1 DESIRED -0.74 0.1 5. 16. -45. 805. 2.
4.422 1 IMU_GYRO -0.012695 -0.006348 0.016846
4.514 1 ATTITUDE -0.007324 2.331055 -0.439941
4.515 1 DL_VALUE 6 100.
4.614 1 ATTITUDE -0.007568 2.332031 -0.440186
4.620 1 DESIRED -0.74 0.1 5. 16. -45. 805. 2.
4.625 1 GPS 0 1130805120 0 0 -17000 0 0 0 27500 12 15
4.628 1 BAT 0 0 0 0 1 27 25 0
4.649 1 NAVIGATION 0 2 10801716. -3566302. 1.29394907546e+14 1.29395570246e+14 0 0
4.713 1 ATTITUDE -0.007812 2.332764 -0.44043
4.715 1 ESTIMATOR -17.000004 -2.1e-05
4.718 1 IMU_ACCEL -4.246094 0.076172 -8.933594
4.722 1 IMU_MAG 0.330566 -0.9375 2.120605
4.813 1 ATTITUDE -0.008057 2.333008 -0.439941
4.819 1 DESIRED -0.74 0.1 5. 16. -45. 805. 2.
4.822 1 WP_MOVED 6 506374.40625 3566337.75 820. 12
4.827 1 NAVIGATION 0 2 10801716. -3566302. 1.29394907546e+14 1.29395570246e+14 0 0
4.866 1 GPS 0 1130805120 0 0 -17000 0 0 0 27750 12 16
4.895 1 FBW_STATUS 0 45 1 0 0
4.900 1 NAVIGATION 0 2 10801716. -3566302. 1.29394907546e+14 1.29395570246e+14 0 0
4.913 1 ATTITUDE -0.008545 2.332764 -0.441895
5.013 1 ATTITUDE -0.008545 2.331299 -0.442383
5.020 1 DESIRED -0.74 0.1 5. 16. -45. 805. 2.
5.022 1 IMU_GYRO -0.010498 -0.008301 0.015869
5.024 1 CALIBRATION -150. 0
5.113 1 ATTITUDE -0.008545 2.329346 -0.442871
5.119 1 GPS 0 1130805120 0 0 -17000 0 0 0 28000 12 1
5.148 1 NAVIGATION 0 2 10801716. -3566302. 1.29394907546e+14 1.29395570246e+14 0 0
5.213 1 ATTITUDE -0.009033 2.324951 -0.443115
5.219 1 DESIRED -0.74 0.1 5. 16. -45. 805. 2.
5.221 1 ESTIMATOR -17.000008 -2e-05
5.302 1 DOWNLINK_STATUS 7 5710 256 0 817. 37. 2.71
5.313 1 ATTITUDE -0.009277 2.320312 -0.443604
5.316 1 WP_MOVED 7 506350.5 3566270.75 805. 12
5.365 1 GPS 0 1130805120 0 0 -17000 0 0 0 28250 12 2
5.399 1 NAVIGATION 0 2 10801716. -3566302. 1.29394907546e+14 1.29395570246e+14 0 0
5.413 1 ATTITUDE -0.009277 2.315674 -0.443115
5.420 1 DESIRED -0.74 0.1 5. 16. -45. 805. 2.
5.513 1 ATTITUDE -0.009277 2.310791 -0.443115
5.516 1 IMU_ACCEL -4.280273 0.100586 -8.923828
5.519 1 ENERGY 0. 0. 0 0.
5.522 1 NAVIGATION_REF 506335 3566302 12
5.613 1 ATTITUDE -0.009277 2.306152 -0.443359
5.619 1 DESIRED -0.74 0.1 5. 16. -45. 805. 2.
5.624 1 GPS 0 1130805120 0 0 -17000 0 0 0 28500 12 3
5.628 1 IMU_GYRO -0.008301 -0.001953 0.016846
5.631 1 GPS_SOL 649519040 3279 9999 0
5.649 1 NAVIGATION 0 2 10801716. -3566302. 1.29394907546e+14 1.29395570246e+14 0 0
5.713 1 ATTITUDE -0.009277 2.302246 -0.443115
5.715 1 ESTIMATOR -17.00001 -1.4e-05
5.719 1 BAT 0 0 0 0 1 28 26 0
5.813 1 ATTITUDE -0.009277 2.298096 -0.443604
5.820 1 DESIRED -0.74 0.1 5. 16. -45. 805. 2.
5.822 1 WP_MOVED 8 506254.8125 3566257.5 815. 12
5.828 1 NAVIGATION 0 2 10801716. -3566302. 1.29394907546e+14 1.29395570246e+14 0 0
5.865 1 GPS 0 1130805120 0 0 -17000 0 0 0 28750 12 4
5.898 1 NAVIGATION 0 2 10801716. -3566302. 1.29394907546e+14 1.29395570246e+14 0 0
5.913 1 ATTITUDE -0.009277 2.295166 -0.443604
6.013 1 ATTITUDE -0.01001 2.292236 -0.444092
6.020 1 DESIRED -0.74 0.1 5. 16. -45. 805. 2.
6.022 1 IMU_MAG 0.40625 -0.989746 2.074707
6.024 1 DL_VALUE 7 2.
6.113 1 ATTITUDE -0.009033 2.286377 -0.443359
6.119 1 GPS 0 1130805120 0 0 -17000 0 0 0 29000 12 5
6.148 1 NAVIGATION 0 2 10801716. -3566302. 1.29394907546e+14 1.29395570246e+14 0 0
6.213 1 ATTITUDE -0.009766 2.281738 -0.438965
6.220 1 DESIRED -0.74 0.1 5. 16. -45. 805. 2.
6.221 1 ESTIMATOR -17.00001 -1.2e-05
6.224 1 IMU_GYRO 0.008301 0.039307 0.
6.303 1 DOWNLINK_STATUS 8 6545 293 0 835. 37. 2.71
6.314 1 ATTITUDE -0.009033 2.275879 -0.438965
6.316 1 WP_MOVED 9 506213.8125 3566287.5 815. 12
6.319 1 IMU_ACCEL -4.160156 0.15332 -8.961914
6.366 1 GPS 0 1130805120 0 0 -17000 0 0 0 29250 12 6
6.398 1 NAVIGATION 0 2 10801716. -3566302. 1.29394907546e+14 1.29395570246e+14 0 0
6.413 1 ATTITUDE -0.009033 2.27124 -0.438721
6.420 1 DESIRED -0.74 0.1 5. 16. -45. 805. 2.
6.513 1 ATTITUDE -0.009033 2.266602 -0.4375
6.514 1 STATE_FILTER_STATUS 3 0
6.613 1 ATTITUDE -0.008789 2.262695 -0.4375
6.619 1 DESIRED -0.74 0.1 5. 16. -45. 805. 2.
6.624 1 GPS 0 1130805120 0 0 -17000 0 0 0 29500 12 7
6.648 1 NAVIGATION 0 2 10801716. -3566302. 1.29394907546e+14 1.29395570246e+14 0 0
6.713 1 ATTITUDE -0.009277 2.259521 -0.438721
6.715 1 ESTIMATOR -17.000008 -6e-06
6.813 1 ATTITUDE -0.009033 2.256348 -0.439453
6.819 1 DESIRED -0.74 0.1 5. 16. -45. 805. 2.
6.822 1 WP_MOVED 0 506377. 3566344. 757. 12
6.825 1 IMU_GYRO -0.016846 -0.031738 0.025391
6.831 1 NAVIGATION 0 2 10801716. -3566302. 1.29394907546e+14 1.29395570246e+14 0 0
6.865 1 GPS 0 1130805120 0 0 -17000 0 0 0 29750 12 8
6.898 1 FBW_STATUS 0 45 1 0 0
6.900 1 NAVIGATION 0 2 10801716. -3566302. 1.29394907546e+14 1.29395570246e+14 0 0
6.913 1 ATTITUDE -0.009033 2.253906 -0.439453
6.996 1 COMMANDS 0,-4846,2989,0
7.013 1 ATTITUDE -0.009277 2.251953 -0.439453
7.020 1 DESIRED -0.74 0.1 5. 16. -45. 805. 2.
7.096 1 ACTUATORS 1000,1262,1511,1500
7.113 1 ATTITUDE -0.009766 2.250488 -0.439941
7.118 1 GPS 0 1130805120 0 0 -17000 0 0 0 30000 12 9
7.122 1 IMU_ACCEL -4.275391 0.148438 -8.900391
7.123 1 CALIBRATION -150. 0
7.148 1 NAVIGATION 0 2 10801716. -3566302. 1.29394907546e+14 1.29395570246e+14 0 0
7.213 1 ATTITUDE -0.009521 2.248291 -0.44043
7.219 1 DESIRED -0.74 0.1 5. 16. -45. 805. 2.
7.221 1 ESTIMATOR -17.000008 -5e-06
7.304 1 DOWNLINK_STATUS 9 7343 329 0 798. 36. 2.71
7.313 1 ATTITUDE -0.009521 2.24707 -0.44043
7.316 1 WP_MOVED 1 506335. 3566302. 765. 12
7.319 1 IMU_MAG 0.408691 -0.998535 2.05127
7.365 1 GPS 0 1130805120 0 0 -17000 0 0 0 30250 12 10
7.398 1 NAVIGATION 0 2 10801716. -3566302. 1.29394907546e+14 1.29395570246e+14 0 0
7.413 1 ATTITUDE -0.01001 2.246338 -0.440674
7.419 1 DESIRED -0.74 0.1 5. 16. -45. 805. 2.
7.422 1 IMU_GYRO -0.010498 0.00415 0.016846
7.513 1 ATTITUDE -0.01001 2.24585 -0.440918
7.515 1 DL_VALUE 8 0.
7.613 1 ATTITUDE -0.01001 2.245361 -0.44165
7.619 1 DESIRED -0.74 0.1 5. 16. -45. 805. 2.
7.624 1 GPS 0 1130805120 0 0 -17000 0 0 0 30500 12 11
7.627 1 GPS_SOL 649519040 3354 9999 0
7.648 1 NAVIGATION 0 2 10801716. -3566302. 1.29394907546e+14 1.29395570246e+14 0 0
7.713 1 ATTITUDE -0.01001 2.244873 -0.441895
7.716 1 ESTIMATOR -17.000004 -1e-06
7.813 1 ATTITUDE -0.010254 2.244629 -0.442627
7.819 1 DESIRED -0.74 0.1 5. 16. -45. 805. 2.
7.822 1 WP_MOVED 2 506254.8125 3566257.5 815. 12
7.827 1 NAVIGATION 0 2 10801716. -3566302. 1.29394907546e+14 1.29395570246e+14 0 0
7.865 1 GPS 0 1130805120 0 0 -17000 0 0 0 30750 12 12
7.898 1 NAVIGATION 0 2 10801716. -3566302. 1.29394907546e+14 1.29395570246e+14 0 0
7.913 1 ATTITUDE -0.010254 2.244385 -0.443115
7.916 1 IMU_ACCEL -4.265625 0.119141 -8.895508
7.919 1 BAT 0 0 0 0 1 31 29 0
8.013 1 ATTITUDE -0.010254 2.244385 -0.443359
8.019 1 DESIRED -0.74 0.1 5. 16. -45. 805. 2.
8.022 1 IMU_GYRO -0.008301 0. 0.016846
8.025 1 ENERGY 0. 0. 0 0.
8.113 1 ATTITUDE -0.010254 2.244141 -0.443604
8.118 1 GPS 0 1130805120 0 0 -17000 0 0 0 31000 12 13
8.123 1 ALIVE 112,66,248,248,162,132,62,76,192,50,22,74,8,129,117,74
8.147 1 NAVIGATION 0 2 10801716. -3566302. 1.29394907546e+14 1.29395570246e+14 0 0
8.213 1 ATTITUDE -0.010254 2.244385 -0.443848
8.219 1 DESIRED -0.74 0.1 5. 16. -45. 805. 2.
8.221 1 ESTIMATOR -17.000002 -1e-06
8.223 1 PPRZ_MODE 2 3 3 0 0 21
8.305 1 DOWNLINK_STATUS 10 8198 367 0 855. 38. 2.71
8.313 1 ATTITUDE -0.010254 2.244385 -0.443848
8.316 1 WP_MOVED 3 506350.5 3566257. 805. 12
8.365 1 GPS 0 1130805120 0 0 -17000 0 0 0 31250 12 14
8.399 1 NAVIGATION 0 2 10801716. -3566302. 1.29394907546e+14 1.29395570246e+14 0 0
8.413 1 ATTITUDE -0.010254 2.244385 -0.443848
8.419 1 DESIRED -0.74 0.1 5. 16. -45. 805. 2.
8.513 1 ATTITUDE -0.010254 2.244141 -0.443848
8.613 1 ATTITUDE -0.010254 2.244141 -0.443848
8.619 1 DESIRED -0.74 0.1 5. 16. -45. 805. 2.
8.624 1 GPS 0 1130805120 0 0 -17000 0 0 0 31500 12 15
8.627 1 IMU_GYRO -0.008301 0.000977 0.016846
8.631 1 IMU_MAG 0.413574 -0.995605 2.065918
8.647 1 NAVIGATION 0 2 10801716. -3566302. 1.29394907546e+14 1.29395570246e+14 0 0
8.713 1 ATTITUDE -0.010254 2.244141 -0.443848
8.715 1 ESTIMATOR -17.000002 -0.
8.718 1 IMU_ACCEL -4.270508 0.095703 -8.90918
8.720 1 STATE_FILTER_STATUS 3 0
8.801 1 PONG 
8.813 1 ATTITUDE -0.010498 2.244385 -0.443848
8.819 1 DESIRED -0.74 0.1 5. 16. -45. 805. 2.
8.822 1 WP_MOVED 4 506374.40625 3566337.75 805. 12
8.827 1 NAVIGATION 0 2 10801716. -3566302. 1.29394907546e+14 1.29395570246e+14 0 0
8.865 1 GPS 0 1130805120 0 0 -17000 0 0 0 31750 12 16
8.895 1 FBW_STATUS 0 45 1 0 0
8.900 1 NAVIGATION 0 2 10801716. -3566302. 1.29394907546e+14 1.29395570246e+14 0 0
8.913 1 ATTITUDE -0.010254 2.244385 -0.443848
9.013 1 ATTITUDE -0.010498 2.244873 -0.444092
9.020 1 DESIRED -0.74 0.1 5. 16. -45. 805. 2.
9.022 1 BAT 0 0 0 0 1 32 30 0
9.024 1 DL_VALUE 9 1.
9.026 1 DOWNLINK 3 816 1187
9.113 1 ATTITUDE -0.010498 2.245605 -0.444092
9.118 1 GPS 0 1130805120 0 0 -17000 0 0 0 32000 12 1
9.147 1 NAVIGATION 0 2 10801716. -3566302. 1.29394907546e+14 1.29395570246e+14 0 0
9.213 1 ATTITUDE -0.010254 2.24585 -0.444336
9.219 1 DESIRED -0.74 0.1 5. 16. -45. 805. 2.
9.221 1 ESTIMATOR -17.000002 0.
9.224 1 IMU_GYRO -0.008301 0. 0.016846
9.226 1 CALIBRATION -150. 0
9.306 1 DOWNLINK_STATUS 11 9032 406 0 834. 39. 2.95
9.313 1 ATTITUDE -0.010254 2.246094 -0.444336
9.316 1 WP_MOVED 5 506402.3125 3566363.25 820. 12
9.365 1 GPS 0 1130805120 0 0 -17000 0 0 0 32250 12 2
9.397 1 NAVIGATION 0 2 10801716. -3566302. 1.29394907546e+14 1.29395570246e+14 0 0
9.413 1 ATTITUDE -0.010254 2.246338 -0.444092
9.418 1 DESIRED -0.74 0.1 5. 16. -45. 805. 2.
9.513 1 ATTITUDE -0.010254 2.246338 -0.444336
9.516 1 IMU_ACCEL -4.250977 0.148438 -8.933594
9.613 1 ATTITUDE -0.010498 2.246582 -0.444336
9.619 1 DESIRED -0.74 0.1 5. 16. -45. 805. 2.
9.624 1 GPS 0 1130805120 0 0 -17000 0 0 0 32500 12 3
9.627 1 GPS_SOL 649519040 3428 9999 0
9.648 1 NAVIGATION 0 2 10801716. -3566302. 1.29394907546e+14 1.29395570246e+14 0 0
9.713 1 ATTITUDE -0.01001 2.246582 -0.444336
9.715 1 ESTIMATOR -17.000002 1e-06
9.813 1 ATTITUDE -0.010254 2.246826 -0.443848
9.819 1 DESIRED -0.74 0.1 5. 16. -45. 805. 2.
9.822 1 WP_MOVED 6 506374.40625 3566337.75 820. 12
9.825 1 IMU_GYRO -0.010498 -0.000977 0.018066
9.830 1 NAVIGATION 0 2 10801716. -3566302. 1.29394907546e+14 1.29395570246e+14 0 0
9.865 1 GPS 0 1130805120 0 0 -17000 0 0 0 32750 12 4
9.897 1 NAVIGATION 0 2 10801716. -3566302. 1.29394907546e+14 1.29395570246e+14 0 0
9.913 1 ATTITUDE -0.010254 2.246582 -0.444336
9.916 1 IMU_MAG 0.411133 -0.995605 2.068848
10.013 1 ATTITUDE -0.010254 2.245605 -0.444336
10.019 1 DESIRED -0.74 0.1 5. 16. -45. 805. 2.
10.113 1 ATTITUDE -0.010742 2.245605 -0.44458
10.118 1 GPS 0 1130805120 0 0 -17000 0 0 0 33000 12 5
10.122 1 BAT 0 0 0 0 1 33 31 0
10.147 1 NAVIGATION 0 2 10801716. -3566302. 1.29394907546e+14 1.29395570246e+14 0 0
10.213 1 ATTITUDE -0.010742 2.24585 -0.444336
10.219 1 DESIRED -0.74 0.1 5. 16. -45. 805. 2.
10.221 1 ESTIMATOR -17.000002 1e-06
10.307 1 DOWNLINK_STATUS 12 9803 439 0 771. 33. 2.95
10.313 1 ATTITUDE -0.010498 2.24585 -0.444336
10.316 1 WP_MOVED 7 506350.5 3566270.75 805. 12
10.319 1 IMU_ACCEL -4.255859 0.110352 -8.918945
10.365 1 GPS 0 1130805120 0 0 -17000 0 0 0 33250 12 6
10.397 1 NAVIGATION 0 2 10801716. -3566302. 1.29394907546e+14 1.29395570246e+14 0 0
10.413 1 ATTITUDE -0.010742 2.24585 -0.444336
10.418 1 DESIRED -0.74 0.1 5. 16. -45. 805. 2.
10.422 1 IMU_GYRO -0.008301 0. 0.015869
10.513 1 ATTITUDE -0.010742 2.24585 -0.444336
10.514 1 DL_VALUE 10 0.
10.518 1 ENERGY 0. 0. 0 0.
10.613 1 ATTITUDE -0.010742 2.24585 -0.44458
10.619 1 DESIRED -0.74 0.1 5. 16. -45. 805. 2.
10.624 1 GPS 0 1130805120 0 0 -17000 0 0 0 33500 12 7
10.648 1 NAVIGATION 0 2 10801716. -3566302. 1.29394907546e+14 1.29395570246e+14 0 0
10.712 1 ATTITUDE -0.010498 2.245605 -0.44458
10.715 1 ESTIMATOR -17.000002 2e-06
10.812 1 ATTITUDE -0.010254 2.245117 -0.444092
10.819 1 DESIRED -0.74 0.1 5. 16. -45. 805. 2.
10.822 1 WP_MOVED 8 506254.8125 3566257.5 815. 12
10.826 1 NAVIGATION 0 2 10801716. -3566302. 1.29394907546e+14 1.29395570246e+14 0 0
10.865 1 GPS 0 1130805120 0 0 -17000 0 0 0 33750 12 8
10.895 1 FBW_STATUS 0 45 1 0 0
10.900 1 NAVIGATION 0 2 10801716. -3566302. 1.29394907546e+14 1.29395570246e+14 0 0
10.912 1 ATTITUDE -0.010498 2.245361 -0.44458
10.914 1 STATE_FILTER_STATUS 3 0
11.013 1 ATTITUDE -0.010498 2.251221 -0.444092
11.019 1 DESIRED -0.74 0.1 5. 16. -45. 805. 2.
11.022 1 IMU_GYRO -0.008301 0.009521 0.014893
11.113 1 ATTITUDE -0.010498 2.251221 -0.444092
11.122 1 GPS 0 1130805120 0 0 -17000 0 0 0 34000 12 9
11.122 1 IMU_ACCEL -4.308594 0.114258 -8.947266
11.148 1 NAVIGATION 0 2 10801716. -3566302. 1.29394907546e+14 1.29395570246e+14 0 0
11.212 1 ATTITUDE -0.010498 2.250977 -0.444092
11.219 1 DESIRED -0.74 0.1 5. 16. -45. 805. 2.
11.222 1 ESTIMATOR -17.000002 3e-06
11.224 1 BAT 0 0 0 0 1 34 32 0
11.227 1 IMU_MAG 0.408691 -1.000977 2.077637
11.308 1 DOWNLINK_STATUS 13 10647 477 0 844. 38. 2.95
11.312 1 ATTITUDE -0.010498 2.250977 -0.444092
11.316 1 WP_MOVED 9 506213.8125 3566287.5 815. 12
11.318 1 CALIBRATION -150. 0
11.367 1 GPS 0 1130805120 0 0 -17000 0 0 0 34250 12 10
11.397 1 NAVIGATION 0 2 10801716. -3566302. 1.29394907546e+14 1.29395570246e+14 0 0
11.412 1 ATTITUDE -0.010498 2.251221 -0.444336
11.419 1 DESIRED -0.74 0.1 5. 16. -45. 805. 2.
11.512 1 ATTITUDE -0.010498 2.251221 -0.444824
11.612 1 ATTITUDE -0.010742 2.250977 -0.445068
11.618 1 DESIRED -0.74 0.1 5. 16. -45. 805. 2.
11.624 1 GPS 0 1130805120 0 0 -17000 0 0 0 34500 12 11
11.627 1 IMU_GYRO -0.008301 0. 0.016846
11.631 1 GPS_SOL 649519040 3500 9999 0
11.648 1 NAVIGATION 0 2 10801716. -3566302. 1.29394907546e+14 1.29395570246e+14 0 0
11.712 1 ATTITUDE -0.010742 2.250977 -0.445068
11.716 1 ESTIMATOR -17.000002 3e-06
11.812 1 ATTITUDE -0.010498 2.250244 -0.44458
11.820 1 DESIRED -0.74 0.1 5. 16. -45. 805. 2.
11.822 1 WP_MOVED 0 506377. 3566344. 757. 12
11.827 1 NAVIGATION 0 2 10801716. -3566302. 1.29394907546e+14 1.29395570246e+14 0 0
11.866 1 GPS 0 1130805120 0 0 -17000 0 0 0 34750 12 12
11.897 1 NAVIGATION 0 2 10801716. -3566302. 1.29394907546e+14 1.29395570246e+14 0 0
11.912 1 ATTITUDE -0.010498 2.249512 -0.444824
11.916 1 IMU_ACCEL -4.290039 0.105469 -8.885742
11.995 1 COMMANDS 0,-4838,3023,0
12.012 1 ATTITUDE -0.010498 2.249268 -0.445068
12.019 1 DESIRED -0.74 0.1 5. 16. -45. 805. 2.
12.020 1 DL_VALUE 11 1.
12.095 1 ACTUATORS 1000,1261,1512,1500
12.112 1 ATTITUDE -0.010498 2.249023 -0.44458
12.118 1 GPS 0 1130805120 0 0 -17000 0 0 0 35000 12 13
12.147 1 NAVIGATION 0 2 10801716. -3566302. 1.29394907546e+14 1.29395570246e+14 0 0
12.212 1 ATTITUDE -0.010498 2.248047 -0.445068
12.219 1 DESIRED -0.74 0.1 5. 16. -45. 805. 2.
12.221 1 ESTIMATOR -17.000002 4e-06
12.224 1 IMU_GYRO -0.010498 -0.009521 0.022217
12.309 1 DOWNLINK_STATUS 14 11450 513 0 803. 36. 2.95
12.312 1 ATTITUDE -0.010742 2.248047 -0.445557
12.316 1 WP_MOVED 1 506335. 3566302. 765. 12
12.319 1 BAT 0 0 0 0 1 35 33 0
12.365 1 GPS 0 1130805120 0 0 -17000 0 0 0 35250 12 14
12.401 1 NAVIGATION 0 2 10801716. -3566302. 1.29394907546e+14 1.29395570246e+14 0 0
12.412 1 ATTITUDE -0.010986 2.247803 -0.445801
12.418 1 DESIRED -0.74 0.1 5. 16. -45. 805. 2.
12.512 1 ATTITUDE -0.010742 2.247559 -0.445557
12.515 1 IMU_MAG 0.411133 -0.995605 2.083008
12.612 1 ATTITUDE -0.010742 2.247559 -0.445557
12.619 1 DESIRED -0.74 0.1 5. 16. -45. 805. 2.
12.624 1 GPS 0 1130805120 0 0 -17000 0 0 0 35500 12 15
12.647 1 NAVIGATION 0 2 10801716. -3566302. 1.29394907546e+14 1.29395570246e+14 0 0
12.715 1 ATTITUDE -0.010742 2.247559 -0.446289
12.720 1 ESTIMATOR -16.999998 4e-06
12.720 1 IMU_ACCEL -4.290039 0.085938 -8.918945
12.812 1 ATTITUDE -0.010742 2.247803 -0.445557
12.819 1 DESIRED -0.74 0.1 5. 16. -45. 805. 2.
12.822 1 WP_MOVED 2 506254.8125 3566257.5 815. 12
12.825 1 IMU_GYRO -0.008301 -0.014893 0.014893
12.829 1 NAVIGATION 0 2 10801716. -3566302. 1.29394907546e+14 1.29395570246e+14 0 0
12.865 1 GPS 0 1130805120 0 0 -17000 0 0 0 35750 12 16
12.895 1 FBW_STATUS 0 45 1 0 0
12.899 1 NAVIGATION 0 2 10801716. -3566302. 1.29394907546e+14 1.29395570246e+14 0 0
12.912 1 ATTITUDE -0.010498 2.24707 -0.445557
13.012 1 ATTITUDE -0.010742 2.247559 -0.446289
13.018 1 DESIRED -0.74 0.1 5. 16. -45. 805. 2.
13.022 1 ENERGY 0. 0. 0 0.
13.112 1 ATTITUDE -0.010742 2.248047 -0.446045
13.118 1 GPS 0 1130805120 0 0 -17000 0 0 0 36000 12 1
13.120 1 STATE_FILTER_STATUS 3 0
13.124 1 ALIVE 112,66,248,248,162,132,62,76,192,50,22,74,8,129,117,74
13.147 1 NAVIGATION 0 2 10801716. -3566302. 1.29394907546e+14 1.29395570246e+14 0 0
13.212 1 ATTITUDE -0.010498 2.248047 -0.445557
13.218 1 DESIRED -0.74 0.1 5. 16. -45. 805. 2.
13.221 1 ESTIMATOR -16.999998 3e-06
13.223 1 PPRZ_MODE 2 3 3 0 0 21
13.309 1 DOWNLINK_STATUS 15 12282 550 0 832. 37. 2.95
13.312 1 ATTITUDE -0.010742 2.248535 -0.445801
13.316 1 WP_MOVED 3 506350.5 3566257. 805. 12
13.365 1 GPS 0 1130805120 0 0 -17000 0 0 0 36250 12 2
13.397 1 NAVIGATION 0 2 10801716. -3566302. 1.29394907546e+14 1.29395570246e+14 0 0
13.412 1 ATTITUDE -0.010498 2.248535 -0.445801
13.418 1 DESIRED -0.74 0.1 5. 16. -45. 805. 2.
13.421 1 IMU_GYRO -0.008301 -0.001953 0.016846
13.425 1 BAT 0 0 0 0 1 36 34 0
13.427 1 CALIBRATION -150. 0
13.512 1 ATTITUDE -0.010498 2.249023 -0.445801
13.515 1 IMU_ACCEL -4.423828 0.047852 -8.952148
13.517 1 DL_VALUE 0 0.
13.612 1 ATTITUDE -0.010986 2.250244 -0.446045
13.618 1 DESIRED -0.74 0.1 5. 16. -45. 805. 2.
13.624 1 GPS 0 1130805120 0 0 -17000 0 0 0 36500 12 3
13.627 1 GPS_SOL 649519040 3571 9999 0
13.647 1 NAVIGATION 0 2 10801716. -3566302. 1.29394907546e+14 1.29395570246e+14 0 0
13.712 1 ATTITUDE -0.010986 2.250488 -0.445801
13.715 1 ESTIMATOR -16.999998 3e-06
13.732 1 WIND_INFO 1 42 0. 0. 0.
13.802 1 PONG 
13.812 1 ATTITUDE -0.010986 2.250244 -0.446045
13.818 1 DESIRED -0.74 0.1 5. 16. -45. 805. 2.
13.822 1 WP_MOVED 4 506374.40625 3566337.75 805. 12
13.826 1 NAVIGATION 0 2 10801716. -3566302. 1.29394907546e+14 1.29395570246e+14 0 0
13.829 1 IMU_MAG 0.416016 -0.989746 2.054199
13.865 1 GPS 0 1130805120 0 0 -17000 0 0 0 36750 12 4
13.898 1 NAVIGATION 0 2 10801716. -3566302. 1.29394907546e+14 1.29395570246e+14 0 0
13.912 1 ATTITUDE -0.010986 2.249756 -0.446045
14.012 1 ATTITUDE -0.010986 2.249268 -0.445801
14.019 1 DESIRED -0.74 0.1 5. 16. -45. 805. 2.
14.021 1 IMU_GYRO -0.008301 0.011475 0.015869
14.112 1 ATTITUDE -0.010986 2.249023 -0.445557
14.118 1 GPS 0 1130805120 0 0 -17000 0 0 0 37000 12 5
14.120 1 DOWNLINK 3 815 1373
14.147 1 NAVIGATION 0 2 10801716. -3566302. 1.29394907546e+14 1.29395570246e+14 0 0
14.212 1 ATTITUDE -0.010742 2.249512 -0.445068
14.218 1 DESIRED -0.74 0.1 5. 16. -45. 805. 2.
14.221 1 ESTIMATOR -16.999998 2e-06
14.309 1 DOWNLINK_STATUS 16 13110 588 0 828. 38. 3.1
14.312 1 ATTITUDE -0.010986 2.249512 -0.446289
14.316 1 WP_MOVED 5 506402.3125 3566363.25 820. 12
14.319 1 IMU_ACCEL -4.290039 0.119141 -8.923828
14.365 1 GPS 0 1130805120 0 0 -17000 0 0 0 37250 12 6
14.397 1 NAVIGATION 0 2 10801716. -3566302. 1.29394907546e+14 1.29395570246e+14 0 0
14.412 1 ATTITUDE -0.010986 2.249756 -0.445801
14.418 1 DESIRED -0.74 0.1 5. 16. -45. 805. 2.
14.512 1 ATTITUDE -0.010986 2.249756 -0.446289
14.516 1 BAT 0 0 0 0 1 37 35 0
14.518 1 NAVIGATION_REF 506335 3566302 12
14.612 1 ATTITUDE -0.010498 2.249268 -0.447266
14.618 1 DESIRED -0.74 0.1 5. 16. -45. 805. 2.
14.624 1 GPS 0 1130805120 0 0 -17000 0 0 0 37500 12 7
14.627 1 IMU_GYRO -0.014893 -0.026367 0.02002
14.647 1 NAVIGATION 0 2 10801716. -3566302. 1.29394907546e+14 1.29395570246e+14 0 0
14.712 1 ATTITUDE -0.010498 2.248779 -0.447021
14.715 1 ESTIMATOR -16.999998 1e-06
14.812 1 ATTITUDE -0.010498 2.248291 -0.446045
14.818 1 DESIRED -0.74 0.1 5. 16. -45. 805. 2.
14.822 1 WP_MOVED 6 506374.40625 3566337.75 820. 12
14.826 1 NAVIGATION 0 2 10801716. -3566302. 1.29394907546e+14 1.29395570246e+14 0 0
14.865 1 GPS 0 1130805120 0 0 -17000 0 0 0 37750 12 8
14.896 1 FBW_STATUS 0 46 1 0 0
14.899 1 NAVIGATION 0 2 10801716. -3566302. 1.29394907546e+14 1.29395570246e+14 0 0
14.912 1 ATTITUDE -0.010742 2.248291 -0.446777
15.012 1 ATTITUDE -0.010986 2.248047 -0.445557
15.020 1 DESIRED -0.74 0.1 5. 16. -45. 805. 2.
15.020 1 DL_VALUE 1 0.
15.112 1 ATTITUDE -0.010986 2.248047 -0.445068
15.118 1 GPS 0 1130805120 0 0 -17000 0 0 0 38000 12 9
15.121 1 IMU_ACCEL -4.308594 0.100586 -8.824219
15.124 1 IMU_MAG 0.413574 -0.998535 2.071777
15.147 1 NAVIGATION 0 2 10801716. -3566302. 1.29394907546e+14 1.29395570246e+14 0 0
15.212 1 ATTITUDE -0.010986 2.248047 -0.445068
15.219 1 DESIRED -0.74 0.1 5. 16. -45. 805. 2.
15.221 1 ESTIMATOR -16.999998 1e-06
15.224 1 IMU_GYRO -0.010498 -0.003174 0.018066
15.309 1 DOWNLINK_STATUS 17 13940 625 0 830. 37. 3.1
15.312 1 ATTITUDE -0.010986 2.248291 -0.44458
15.316 1 WP_MOVED 7 506350.5 3566270.75 805. 12
15.317 1 STATE_FILTER_STATUS 3 0
15.365 1 GPS 0 1130805120 0 0 -17000 0 0 0 38250 12 10
15.397 1 NAVIGATION 0 2 10801716. -3566302. 1.29394907546e+14 1.29395570246e+14 0 0
15.412 1 ATTITUDE -0.010986 2.248291 -0.44458
15.418 1 DESIRED -0.74 0.1 5. 16. -45. 805. 2.
15.512 1 ATTITUDE -0.010498 2.248047 -0.443848
15.514 1 CALIBRATION -150. 0
15.518 1 ENERGY 0. 0. 0 0.
15.612 1 ATTITUDE -0.010498 2.248291 -0.443848
15.618 1 DESIRED -0.74 0.1 5. 16. -45. 805. 2.
15.624 1 GPS 0 1130805120 0 0 -17000 0 0 0 38500 12 11
15.627 1 BAT 0 0 0 0 1 38 36 0
15.630 1 GPS_SOL 649519040 3640 9999 0
15.647 1 NAVIGATION 0 2 10801716. -3566302. 1.29394907546e+14 1.29395570246e+14 0 0
15.712 1 ATTITUDE -0.010742 2.249023 -0.444336
15.715 1 ESTIMATOR -16.999998 0.
15.812 1 ATTITUDE -0.010498 2.249268 -0.444824
15.818 1 DESIRED -0.74 0.1 5. 16. -45. 805. 2.
15.822 1 WP_MOVED 8 506254.8125 3566257.5 815. 12
15.825 1 IMU_GYRO -0.008301 0.006348 0.014893
15.829 1 NAVIGATION 0 2 10801716. -3566302. 1.29394907546e+14 1.29395570246e+14 0 0
15.865 1 GPS 0 1130805120 0 0 -17000 0 0 0 38750 12 12
15.901 1 NAVIGATION 0 2 10801716. -3566302. 1.29394907546e+14 1.29395570246e+14 0 0
15.912 1 ATTITUDE -0.010254 2.248779 -0.443604
15.915 1 IMU_ACCEL -4.333008 0.114258 -8.957031
16.012 1 ATTITUDE -0.009521 2.247803 -0.44043
16.018 1 DESIRED -0.74 0.1 5. 16. -45. 805. 2.
16.112 1 ATTITUDE -0.009521 2.247314 -0.441895
16.118 1 GPS 0 1130805120 0 0 -17000 0 0 0 39000 12 13
16.147 1 NAVIGATION 0 2 10801716. -3566302. 1.29394907546e+14 1.29395570246e+14 0 0
16.212 1 ATTITUDE -0.009766 2.247559 -0.443848
16.218 1 DESIRED -0.74 0.1 5. 16. -45. 805. 2.
16.220 1 ESTIMATOR -16.999998 -0.
16.309 1 DOWNLINK_STATUS 18 14733 660 0 793. 35. 3.1
16.312 1 ATTITUDE -0.009521 2.24707 -0.442139
16.316 1 WP_MOVED 9 506213.8125 3566287.5 815. 12
16.365 1 GPS 0 1130805120 0 0 -17000 0 0 0 39250 12 14
16.397 1 NAVIGATION 0 2 10801716. -3566302. 1.29394907546e+14 1.29395570246e+14 0 0
16.412 1 ATTITUDE -0.009277 2.246338 -0.441406
16.418 1 DESIRED -0.74 0.1 5. 16. -45. 805. 2.
16.421 1 IMU_GYRO -0.010498 -0.011475 0.02002
16.424 1 IMU_MAG 0.413574 -0.992676 2.065918
16.512 1 ATTITUDE -0.009521 2.245605 -0.441406
16.514 1 DL_VALUE 2 805.
16.612 1 ATTITUDE -0.009277 2.245361 -0.443115
16.618 1 DESIRED -0.74 0.1 5. 16. -45. 805. 2.
16.624 1 GPS 0 1130805120 0 0 -17000 0 0 0 39500 12 15
16.647 1 NAVIGATION 0 2 10801716. -3566302. 1.29394907546e+14 1.29395570246e+14 0 0
16.712 1 ATTITUDE -0.009033 2.245361 -0.441895
16.715 1 ESTIMATOR -16.999998 -1e-06
16.718 1 IMU_ACCEL -4.178711 0.138672 -9.042969
16.721 1 BAT 0 0 0 0 1 39 37 0
16.812 1 ATTITUDE -0.009277 2.245361 -0.441406
16.818 1 DESIRED -0.74 0.1 5. 16. -45. 805. 2.
16.821 1 WP_MOVED 0 506377. 3566344. 757. 12
16.826 1 NAVIGATION 0 2 10801716. -3566302. 1.29394907546e+14 1.29395570246e+14 0 0
16.865 1 GPS 0 1130805120 0 0 -17000 0 0 0 39750 12 16
16.895 1 FBW_STATUS 0 46 1 0 0
16.900 1 NAVIGATION 0 2 10801716. -3566302. 1.29394907546e+14 1.29395570246e+14 0 0
16.912 1 ATTITUDE -0.009277 2.245605 -0.442383
16.995 1 COMMANDS 0,-4848,3002,0
17.012 1 ATTITUDE -0.009277 2.245605 -0.442627
17.018 1 DESIRED -0.74 0.1 5. 16. -45. 805. 2.
17.021 1 IMU_GYRO -0.00415 0.001953 0.009521
17.095 1 ACTUATORS 1000,1262,1514,1500
17.112 1 ATTITUDE -0.024902 2.237793 -0.441406
17.118 1 GPS 0 1130805120 0 0 -17000 0 0 0 40000 12 1
17.147 1 NAVIGATION 0 2 10801716. -3566302. 1.29394907546e+14 1.29395570246e+14 0 0
17.212 1 ATTITUDE -0.062012 2.239258 -0.458252
17.218 1 DESIRED -0.74 0.12 5. 16. -45. 805. 2.
17.220 1 ESTIMATOR -16.999998 -1e-06
17.309 1 DOWNLINK_STATUS 19 15560 697 0 827. 37. 3.1
17.312 1 ATTITUDE -0.118408 2.267578 -0.460938
17.316 1 WP_MOVED 1 506335. 3566302. 765. 12
17.365 1 GPS 0 1130805120 0 0 -17000 0 0 0 40250 12 2
17.397 1 NAVIGATION 0 2 10801716. -3566302. 1.29394907546e+14 1.29395570246e+14 0 0
17.412 1 ATTITUDE -0.219971 2.320801 -0.535156
17.418 1 DESIRED -0.74 0.2 5. 16. -45. 805. 2.
17.512 1 ATTITUDE -0.313965 2.35791 -0.46167
17.515 1 IMU_ACCEL -4.227539 2.427734 -8.942383
17.517 1 STATE_FILTER_STATUS 3 0
17.612 1 ATTITUDE -0.334473 2.369873 -0.458496
17.621 1 DESIRED -0.74 0.25 5. 16. -45. 805. 2.
17.624 1 GPS 0 1130805120 0 0 -17000 0 0 0 40500 12 3
17.627 1 IMU_GYRO -0.05957 0.499023 0.013672
17.630 1 GPS_SOL 649519040 3708 9999 0
17.647 1 NAVIGATION 0 2 10801716. -3566302. 1.29394907546e+14 1.29395570246e+14 0 0
17.712 1 ATTITUDE -0.320312 2.381104 -0.463623
17.714 1 ESTIMATOR -16.999998 -2e-06
17.722 1 IMU_MAG 0.376953 -1.429688 1.873047
17.812 1 ATTITUDE -0.320312 2.387451 -0.433594
17.818 1 DESIRED -0.74 0.24 5. 16. -45. 805. 2.
17.821 1 WP_MOVED 2 506254.8125 3566257.5 815. 12
17.826 1 NAVIGATION 0 2 10801716. -3566302. 1.29394907546e+14 1.29395570246e+14 0 0
17.829 1 BAT 0 0 0 0 1 40 38 0
17.865 1 GPS 0 1130805120 0 0 -17000 0 0 0 40750 12 4
17.901 1 NAVIGATION 0 2 10801716. -3566302. 1.29394907546e+14 1.29395570246e+14 0 0
17.913 1 ATTITUDE -0.293213 2.38501 -0.438232
18.012 1 ATTITUDE -0.286621 2.375488 -0.414062
18.018 1 DESIRED -0.74 0.23 5. 16. -45. 805. 2.
18.020 1 DL_VALUE 3 0.
18.023 1 ENERGY 0. 0. 0 0.
18.112 1 ATTITUDE -0.254639 2.358887 -0.374512
18.118 1 GPS 0 1130805120 0 0 -17000 0 0 0 41000 12 5
18.123 1 ALIVE 112,66,248,248,162,132,62,76,192,50,22,74,8,129,117,74
18.147 1 NAVIGATION 0 2 10801716. -3566302. 1.29394907546e+14 1.29395570246e+14 0 0
18.212 1 ATTITUDE -0.219482 2.350342 -0.335693
18.218 1 DESIRED -0.74 0.2 5. 16. -45. 805. 2.
18.220 1 ESTIMATOR -16.999998 -2e-06
18.223 1 IMU_GYRO 0.110596 0.628906 0.04248
18.226 1 PPRZ_MODE 2 3 3 0 0 21
18.309 1 DOWNLINK_STATUS 20 16424 736 0 864. 39. 3.1
18.312 1 ATTITUDE -0.207275 2.347412 -0.268799
18.315 1 WP_MOVED 3 506350.5 3566257. 805. 12
18.319 1 IMU_ACCEL -2.382812 2.03418 -9.251953
18.365 1 GPS 0 1130805120 0 0 -17000 0 0 0 41250 12 6
18.397 1 NAVIGATION 0 2 10801716. -3566302. 1.29394907546e+14 1.29395570246e+14 0 0
18.416 1 ATTITUDE -0.197754 2.341064 -0.18457
18.418 1 DESIRED -0.74 0.19 5. 16. -45. 805. 2.
18.512 1 ATTITUDE -0.183838 2.3125 -0.088867
18.612 1 ATTITUDE -0.169434 2.280029 -0.009521
18.618 1 DESIRED -0.74 0.17 5. 16. -45. 805. 2.
18.624 1 GPS 0 1130805120 0 0 -17000 0 0 0 41500 12 7
18.647 1 NAVIGATION 0 2 10801716. -3566302. 1.29394907546e+14 1.29395570246e+14 0 0
18.712 1 ATTITUDE -0.154541 2.254639 0.029297
18.714 1 ESTIMATOR -16.999998 -3e-06
18.802 1 PONG 
18.812 1 ATTITUDE -0.144531 2.226074 0.09082
18.818 1 DESIRED -0.74 0.16 5. 16. -45. 805. 2.
18.821 1 WP_MOVED 4 506374.40625 3566337.75 805. 12
18.824 1 IMU_GYRO -0.031738 0.36499 0.323486
18.829 1 NAVIGATION 0 2 10801716. -3566302. 1.29394907546e+14 1.29395570246e+14 0 0
18.865 1 GPS 0 1130805120 0 0 -17000 0 0 0 41750 12 8
18.896 1 FBW_STATUS 0 46 1 0 0
18.899 1 NAVIGATION 0 2 10801716. -3566302. 1.29394907546e+14 1.29395570246e+14 0 0
18.912 1 ATTITUDE -0.129395 2.205322 0.116699
18.915 1 BAT 0 0 0 0 1 42 40 0
19.012 1 ATTITUDE -0.10791 2.173828 0.143311
19.018 1 DESIRED -0.74 0.15 5. 16. -45. 805. 2.
19.021 1 IMU_MAG -0.401367 -1.224121 2.48291
19.112 1 ATTITUDE -0.107422 2.128662 0.153564
19.118 1 GPS 0 1130805120 0 0 -17000 0 0 0 42000 12 9
19.121 1 IMU_ACCEL 1.920898 0.94043 -10.192383
19.147 1 NAVIGATION 0 2 10801716. -3566302. 1.29394907546e+14 1.29395570246e+14 0 0
19.212 1 ATTITUDE -0.100586 2.0979 0.150146
19.218 1 DESIRED -0.74 0.14 5. 16. -45. 805. 2.
19.220 1 ESTIMATOR -16.999998 -4e-06
19.222 1 DOWNLINK 4 825 1561
19.309 1 DOWNLINK_STATUS 21 17227 772 0 803. 36. 2.6
19.312 1 ATTITUDE -0.096436 2.068604 0.141602
19.315 1 WP_MOVED 5 506402.3125 3566363.25 820. 12
19.365 1 GPS 0 1130805120 0 0 -17000 0 0 0 42250 12 10
19.397 1 NAVIGATION 0 2 10801716. -3566302. 1.29394907546e+14 1.29395570246e+14 0 0
19.412 1 ATTITUDE -0.095459 2.038818 0.145752
19.418 1 DESIRED -0.74 0.14 5. 16. -45. 805. 2.
19.421 1 IMU_GYRO -0.074463 0.024414 -0.088135
19.512 1 ATTITUDE -0.092041 2.016113 0.145752
19.514 1 DL_VALUE 4 0.
19.612 1 ATTITUDE -0.091553 1.991943 0.141357
19.618 1 DESIRED -0.74 0.14 5. 16. -45. 805. 2.
19.624 1 GPS 0 1130805120 0 0 -17000 0 0 0 42500 12 11
19.627 1 GPS_SOL 649519040 3775 9999 0
19.647 1 NAVIGATION 0 2 10801716. -3566302. 1.29394907546e+14 1.29395570246e+14 0 0
19.712 1 ATTITUDE -0.090332 1.970215 0.126465
19.714 1 ESTIMATOR -17. -4e-06
19.716 1 CALIBRATION -150. 0
19.718 1 STATE_FILTER_STATUS 3 0
19.812 1 ATTITUDE -0.093018 1.950195 0.122314
19.818 1 DESIRED -0.74 0.14 5. 16. -45. 805. 2.
19.821 1 WP_MOVED 6 506374.40625 3566337.75 820. 12
19.826 1 NAVIGATION 0 2 10801716. -3566302. 1.29394907546e+14 1.29395570246e+14 0 0
19.864 1 GPS 0 1130805120 0 0 -17000 0 0 0 42750 12 12
19.897 1 NAVIGATION 0 2 10801716. -3566302. 1.29394907546e+14 1.29395570246e+14 0 0
19.914 1 ATTITUDE -0.092529 1.937012 0.117676
19.915 1 IMU_ACCEL 1.104492 0.858398 -9.897461
20.012 1 ATTITUDE -0.091064 1.924561 0.112549
20.018 1 DESIRED -0.74 0.14 5. 16. -45. 805. 2.
20.021 1 IMU_GYRO -0.001953 0.037109 -0.007324
20.024 1 BAT 0 0 0 0 1 43 41 0
20.112 1 ATTITUDE -0.091309 1.912598 0.108643
20.118 1 GPS 0 1130805120 0 0 -17000 0 0 0 43000 12 13
20.147 1 NAVIGATION 0 2 10801716. -3566302. 1.29394907546e+14 1.29395570246e+14 0 0
20.212 1 ATTITUDE -0.09082 1.903076 0.106934
20.218 1 DESIRED -0.74 0.14 5. 16. -45. 805. 2.
20.220 1 ESTIMATOR -17.000002 -4e-06
20.309 1 DOWNLINK_STATUS 22 18029 808 0 802. 36. 2.6
20.312 1 ATTITUDE -0.093262 1.89209 0.110596
20.315 1 WP_MOVED 7 506350.5 3566270.75 805. 12
20.318 1 IMU_MAG -0.347656 -1.186523 2.46582
20.364 1 GPS 0 1130805120 0 0 -17000 0 0 0 43250 12 14
20.398 1 NAVIGATION 0 2 10801716. -3566302. 1.29394907546e+14 1.29395570246e+14 0 0
20.414 1 ATTITUDE -0.09082 1.887207 0.104248
20.418 1 DESIRED -0.74 0.14 5. 16. -45. 805. 2.
20.512 1 ATTITUDE -0.084717 1.884277 0.093994
20.516 1 ENERGY 0. 0. 0 0.
20.612 1 ATTITUDE -0.076904 1.883545 0.072998
20.619 1 DESIRED -0.74 0.13 5. 16. -45. 805. 2.
20.624 1 GPS 0 1130805120 0 0 -17000 0 0 0 43500 12 15
20.627 1 IMU_GYRO 0.167969 -0.357422 0.124512
20.648 1 NAVIGATION 0 2 10801716. -3566302. 1.29394907546e+14 1.29395570246e+14 0 0
20.712 1 ATTITUDE -0.058105 1.892334 -0.00415
20.714 1 ESTIMATOR -17.000002 -3e-06
20.717 1 IMU_ACCEL 0.052734 0.695312 -9.50293
20.812 1 ATTITUDE -0.051025 1.903564 -0.057861
20.818 1 DESIRED -0.74 0.12 5. 16. -45. 805. 2.
20.821 1 WP_MOVED 8 506254.8125 3566257.5 815. 12
20.826 1 NAVIGATION 0 2 10801716. -3566302. 1.29394907546e+14 1.29395570246e+14 0 0
20.864 1 GPS 0 1130805120 0 0 -17000 0 0 0 43750 12 16
20.894 1 FBW_STATUS 0 46 1 0 0
20.899 1 NAVIGATION 0 2 10801716. -3566302. 1.29394907546e+14 1.29395570246e+14 0 0
20.912 1 ATTITUDE -0.046875 1.913574 -0.069824
21.012 1 ATTITUDE -0.04126 1.922607 -0.0979
21.019 1 DESIRED -0.74 0.12 5. 16. -45. 805. 2.
21.020 1 DL_VALUE 5 0.
21.112 1 ATTITUDE -0.045654 1.936279 -0.127441
21.119 1 GPS 0 1130805120 0 0 -17000 0 0 0 44000 12 1
21.121 1 BAT 0 0 0 0 1 44 42 0
21.147 1 NAVIGATION 0 2 10801716. -3566302. 1.29394907546e+14 1.29395570246e+14 0 0
21.212 1 ATTITUDE -0.043457 1.948975 -0.135986
21.218 1 DESIRED -0.74 0.12 5. 16. -45. 805. 2.
21.220 1 ESTIMATOR -17.000002 -3e-06
21.223 1 IMU_GYRO -0.065918 -0.110596 -0.018066
21.309 1 DOWNLINK_STATUS 23 18846 844 0 817. 36. 2.6
21.312 1 ATTITUDE -0.043945 1.959717 -0.156738
21.315 1 WP_MOVED 9 506213.8125 3566287.5 815. 12
21.364 1 GPS 0 1130805120 0 0 -17000 0 0 0 44250 12 2
21.401 1 NAVIGATION 0 2 10801716. -3566302. 1.29394907546e+14 1.29395570246e+14 0 0
21.415 1 ATTITUDE -0.046875 1.972412 -0.165283
21.418 1 DESIRED -0.74 0.12 5. 16. -45. 805. 2.
21.512 1 ATTITUDE -0.046875 1.986572 -0.176025
21.515 1 IMU_ACCEL -1.555664 0.594727 -9.698242
21.612 1 ATTITUDE -0.047852 2.000488 -0.179932
21.618 1 DESIRED -0.74 0.12 5. 16. -45. 805. 2.
21.623 1 GPS 0 1130805120 0 0 -17000 0 0 0 44500 12 3
21.627 1 IMU_MAG 0.053711 -1.099609 2.333496
21.630 1 GPS_SOL 649519040 3841 9999 0
21.647 1 NAVIGATION 0 2 10801716. -3566302. 1.29394907546e+14 1.29395570246e+14 0 0
21.712 1 ATTITUDE -0.046631 2.011963 -0.182373
21.714 1 ESTIMATOR -17.000002 -2e-06
21.812 1 ATTITUDE -0.049316 2.021729 -0.177246
21.819 1 DESIRED -0.74 0.12 5. 16. -45. 805. 2.
21.821 1 WP_MOVED 0 506377. 3566344. 757. 12
21.824 1 IMU_GYRO -0.102051 0.036133 -0.05957
21.830 1 NAVIGATION 0 2 10801716. -3566302. 1.29394907546e+14 1.29395570246e+14 0 0
21.831 1 CALIBRATION -150. 0
21.864 1 GPS 0 1130805120 0 0 -17000 0 0 0 44750 12 4
21.897 1 NAVIGATION 0 2 10801716. -3566302. 1.29394907546e+14 1.29395570246e+14 0 0
21.912 1 ATTITUDE -0.053467 2.029785 -0.170898
21.913 1 STATE_FILTER_STATUS 3 0
21.995 1 COMMANDS 0,-4550,1601,0
22.012 1 ATTITUDE -0.052979 2.037598 -0.167236
22.018 1 DESIRED -0.74 0.12 5. 16. -45. 805. 2.
22.099 1 ACTUATORS 1000,1326,1461,1500
22.112 1 ATTITUDE -0.049805 2.044434 -0.170654
22.117 1 GPS 0 1130805120 0 0 -17000 0 0 0 45000 12 5
22.147 1 NAVIGATION 0 2 10801716. -3566302. 1.29394907546e+14 1.29395570246e+14 0 0
