3.810 1 NAVIGATION 0 1 10801716. -3566302. 1.29396962755e+14 1.29395570246e+14 0 0
3.835 1 ATTITUDE 3.039551 0.374268 -0.173584
3.841 1 DESIRED -0.03 1.2 5. -85. -64. 815. 2.
3.844 1 IMU_GYRO 0.016113 0.021484 0.031006
3.926 1 ATTITUDE 3.039062 0.379395 -0.173584
3.928 1 DL_VALUE 3 0.
3.974 1 DOWNLINK_STATUS 4 3310 148 0 864. 39. 0.
4.038 1 ATTITUDE 3.039551 0.374512 -0.17334
4.044 1 DESIRED -0.03 1.2 5. -85. -64. 815. 2.
4.050 1 GPS 0 1130805120 0 0 -17000 0 0 0 530000 12 8
4.073 1 NAVIGATION 0 1 10801716. -3566302. 1.29396962755e+14 1.29395570246e+14 0 0
4.129 1 ATTITUDE 3.039551 0.375488 -0.17334
4.131 1 ESTIMATOR -17. 0.
4.133 1 CALIBRATION 0. 0
4.244 1 ATTITUDE 3.040527 0.370117 -0.17334
4.250 1 DESIRED -0.03 1.2 5. -85. -64. 815. 2.
4.253 1 WP_MOVED 2 506250.1875 3566238.5 815. 12
4.258 1 NAVIGATION 0 1 10801716. -3566302. 1.29396962755e+14 1.29395570246e+14 0 0
4.260 1 DOWNLINK 1 820 811
4.285 1 GPS 0 1130805120 0 0 -17000 0 0 0 530250 12 9
4.316 1 FBW_STATUS 0 49 0 123 0
4.321 1 NAVIGATION 0 1 10801716. -3566302. 1.29396962755e+14 1.29395570246e+14 0 0
4.345 1 ATTITUDE 3.03833 0.384277 -0.172852
4.435 1 ATTITUDE 3.040771 0.364258 -0.173096
4.441 1 DESIRED -0.03 1.2 5. -85. -64. 815. 2.
4.444 1 IMU_GYRO 0.018311 0.006348 0.027832
4.539 1 ATTITUDE 3.038574 0.371094 -0.172852
4.545 1 GPS 0 1130805120 0 0 -17000 0 0 0 530500 12 10
4.548 1 IMU_ACCEL -1.271484 -0.654297 -9.828125
4.552 1 BAT 0 123 0 0 0 22 22 0
4.580 1 NAVIGATION 0 1 10801716. -3566302. 1.29396962755e+14 1.29395570246e+14 0 0
4.634 1 ATTITUDE 3.039795 0.372559 -0.172852
4.640 1 DESIRED -0.03 1.2 5. -85. -64. 815. 2.
4.643 1 ESTIMATOR -17. 0.
4.728 1 ATTITUDE 3.039551 0.36377 -0.173096
4.731 1 WP_MOVED 3 506436.09375 3566244.75 805. 12
4.779 1 GPS 0 1130805120 0 0 -17000 0 0 0 530750 12 11
4.810 1 NAVIGATION 0 1 10801716. -3566302. 1.29396962755e+14 1.29395570246e+14 0 0
4.833 1 ATTITUDE 3.039795 0.372803 -0.172852
4.839 1 DESIRED -0.03 1.2 5. -85. -64. 815. 2.
4.927 1 ATTITUDE 3.041504 0.364502 -0.173096
4.931 1 IMU_MAG 0.087402 0.648926 -0.282227
4.975 1 DOWNLINK_STATUS 5 4100 183 0 790. 35. 0.
5.046 1 ATTITUDE 3.03833 0.365234 -0.172852
5.052 1 DESIRED -0.03 1.19 5. -85. -64. 815. 2.
5.058 1 GPS 0 1130805120 0 0 -17000 0 0 0 531000 12 12
5.061 1 IMU_GYRO 0.019287 -0.0354 0.037598
5.064 1 GPS_SOL 798403200 107667 9999 0
5.089 1 NAVIGATION 0 1 10801716. -3566302. 1.29396962755e+14 1.29395570246e+14 0 0
5.127 1 ATTITUDE 3.032715 0.380859 -0.172363
5.129 1 ESTIMATOR -17. 0.
5.241 1 ATTITUDE 3.029785 0.369873 -0.172363
5.248 1 DESIRED -0.03 1.19 5. -85. -64. 815. 2.
5.251 1 WP_MOVED 4 506240. 3566357.25 805. 12
5.255 1 NAVIGATION 0 1 10801716. -3566302. 1.29396962755e+14 1.29395570246e+14 0 0
5.284 1 GPS 0 1130805120 0 0 -17000 0 0 0 531250 12 13
5.311 1 NAVIGATION 0 1 10801716. -3566302. 1.29396962755e+14 1.29395570246e+14 0 0
5.339 1 ATTITUDE 3.027832 0.378906 -0.172363
5.343 1 IMU_ACCEL -1.271484 -0.327148 -9.980469
5.344 1 STATE_FILTER_STATUS 3 0
5.434 1 ATTITUDE 3.01709 0.375732 -0.171875
5.439 1 DESIRED -0.03 1.19 5. -85. -64. 815. 2.
5.441 1 DL_VALUE 4 0.
5.489 1 PONG 
5.531 1 ATTITUDE 3.01709 0.380615 -0.171875
5.537 1 GPS 0 1130805120 0 0 -17000 0 0 0 531500 12 1
5.568 1 NAVIGATION 0 1 10801716. -3566302. 1.29396962755e+14 1.29395570246e+14 0 0
5.643 1 ATTITUDE 3.015869 0.389404 -0.162598
5.649 1 DESIRED -0.03 1.18 5. -85. -64. 815. 2.
5.651 1 ESTIMATOR -17. 0.
5.654 1 IMU_GYRO -0.076416 -0.020264 0.107666
5.658 1 BAT 8 123 0 0 0 23 23 0
5.728 1 ATTITUDE 3.017822 0.442871 -0.146729
5.732 1 WP_MOVED 5 506446.09375 3566366.5 820. 12
5.780 1 GPS 0 1130805120 0 0 -17000 0 0 0 531750 12 2
5.810 1 NAVIGATION 0 1 10801716. -3566302. 1.29396962755e+14 1.29395570246e+14 0 0
5.843 1 ATTITUDE 3.016602 0.49707 -0.122314
5.850 1 DESIRED -0.03 1.19 5. -85. -64. 815. 2.
5.928 1 ATTITUDE 3.001221 0.526123 -0.10498
5.932 1 ENERGY 12.3 0. 0 0.
5.976 1 DOWNLINK_STATUS 6 4917 220 0 817. 37. 15.72
6.039 1 ATTITUDE 3.004639 0.502441 -0.110107
6.045 1 DESIRED -0.03 1.18 5. -85. -64. 815. 2.
6.050 1 GPS 0 1130805120 0 0 -17000 0 0 0 532000 12 3
6.077 1 NAVIGATION 0 1 10801716. -3566302. 1.29396962755e+14 1.29395570246e+14 0 0
6.131 1 ATTITUDE 3.002197 0.51709 -0.09082
6.133 1 ESTIMATOR -17. 0.
6.136 1 IMU_ACCEL -1.869141 0.253906 -10.018555
6.248 1 ATTITUDE 2.999268 0.510986 -0.091553
6.255 1 DESIRED -0.03 1.18 5. -85. -64. 815. 2.
6.258 1 WP_MOVED 0 506377. 3566344. 757. 12
6.261 1 IMU_GYRO 0.045166 0.007324 0.030029
6.265 1 NAVIGATION 0 1 10801716. -3566302. 1.29396962755e+14 1.29395570246e+14 0 0
6.267 1 CALIBRATION 0. 0
6.298 1 GPS 0 1130805120 0 0 -17000 0 0 0 532250 12 4
6.321 1 FBW_STATUS 0 49 0 123 0
6.325 1 NAVIGATION 0 1 10801716. -3566302. 1.29396962755e+14 1.29395570246e+14 0 0
6.350 1 ATTITUDE 3.000977 0.537354 -0.093506
6.431 1 ATTITUDE 3.00293 0.508301 -0.094727
6.438 1 DESIRED -0.03 1.18 5. -85. -64. 815. 2.
6.531 1 ATTITUDE 2.993896 0.497314 -0.095703
6.537 1 GPS 0 1130805120 0 0 -17000 0 0 0 532500 12 5
6.565 1 NAVIGATION 0 1 10801716. -3566302. 1.29396962755e+14 1.29395570246e+14 0 0
6.635 1 ATTITUDE 3.000977 0.432861 -0.115479
6.641 1 DESIRED -0.03 1.18 5. -85. -64. 815. 2.
6.643 1 ESTIMATOR -17. 0.
6.733 1 ATTITUDE 2.966553 0.375488 -0.118652
6.736 1 WP_MOVED 1 506335. 3566302. 765. 12
6.740 1 BAT 0 123 0 0 0 24 24 0
6.780 1 GPS 0 1130805120 0 0 -17000 0 0 0 532750 12 6
6.810 1 NAVIGATION 0 1 10801716. -3566302. 1.29396962755e+14 1.29395570246e+14 0 0
6.839 1 ATTITUDE 2.977051 0.471191 -0.095947
6.845 1 DESIRED -0.03 1.17 5. -85. -64. 815. 2.
6.847 1 IMU_GYRO 0.001953 -0.021484 0.073242
6.930 1 ATTITUDE 2.976318 0.456543 -0.094971
6.933 1 IMU_ACCEL -1.719727 0.472656 -9.789062
6.953 1 DL_VALUE 5 0.
6.977 1 DOWNLINK_STATUS 7 5725 256 0 808. 36. 15.72
7.043 1 ATTITUDE 2.978027 0.456299 -0.094238
7.050 1 DESIRED -0.03 1.17 5. -85. -64. 815. 2.
7.054 1 GPS 0 1130805120 0 0 -17000 0 0 0 533000 12 7
7.057 1 GPS_SOL 798424768 107695 9999 0
7.086 1 NAVIGATION 0 1 10801716. -3566302. 1.29396962755e+14 1.29395570246e+14 0 0
7.127 1 ATTITUDE 2.988281 0.463379 -0.093262
7.129 1 ESTIMATOR -17. 0.
7.242 1 ATTITUDE 2.991943 0.450195 -0.093018
7.248 1 DESIRED -0.03 1.17 5. -85. -64. 815. 2.
7.251 1 WP_MOVED 2 506250.1875 3566238.5 815. 12
7.256 1 NAVIGATION 0 1 10801716. -3566302. 1.29396962755e+14 1.29395570246e+14 0 0
7.287 1 GPS 0 1130805120 0 0 -17000 0 0 0 533250 12 8
7.314 1 NAVIGATION 0 1 10801716. -3566302. 1.29396962755e+14 1.29395570246e+14 0 0
7.357 1 ATTITUDE 2.997559 0.4729 -0.090088
7.405 1 COMMANDS 7,-291,-2040
7.436 1 ATTITUDE 3.020752 0.457275 -0.088135
7.442 1 DESIRED -0.03 1.19 5. -85. -64. 815. 2.
7.445 1 IMU_GYRO 0.016113 0.293945 -0.012695
7.505 1 ACTUATORS 1000,1394,1485
7.537 1 ATTITUDE 3.022461 0.452637 -0.087891
7.543 1 GPS 0 1130805120 0 0 -17000 0 0 0 533500 12 9
7.546 1 IMU_MAG 0.209961 0.838379 -0.203125
7.548 1 STATE_FILTER_STATUS 3 0
7.575 1 NAVIGATION 0 1 10801716. -3566302. 1.29396962755e+14 1.29395570246e+14 0 0
7.635 1 ATTITUDE 2.983643 0.477051 -0.086914
7.642 1 DESIRED -0.03 1.17 5. -85. -64. 815. 2.
7.643 1 ESTIMATOR -17. 0.
7.733 1 ATTITUDE 2.960449 0.459717 -0.084717
7.736 1 WP_MOVED 3 506436.09375 3566244.75 805. 12
7.738 1 IMU_ACCEL -2.168945 0.508789 -9.866211
7.779 1 GPS 0 1130805120 0 0 -17000 0 0 0 533750 12 10
7.810 1 NAVIGATION 0 1 10801716. -3566302. 1.29396962755e+14 1.29395570246e+14 0 0
7.838 1 ATTITUDE 2.980225 0.467529 -0.084473
7.844 1 DESIRED -0.03 1.17 5. -85. -64. 815. 2.
7.847 1 BAT 0 123 0 0 0 25 25 0
7.923 1 ATTITUDE 3.007568 0.453613 -0.087158
7.977 1 DOWNLINK_STATUS 8 6531 292 0 806. 36. 15.72
8.042 1 ATTITUDE 2.968262 0.457275 -0.088379
8.048 1 DESIRED -0.03 1.16 5. -85. -64. 815. 2.
8.054 1 GPS 0 1130805120 0 0 -17000 0 0 0 534000 12 11
8.057 1 IMU_GYRO 0.029053 -0.505127 -0.001953
8.084 1 NAVIGATION 0 1 10801716. -3566302. 1.29396962755e+14 1.29395570246e+14 0 0
8.126 1 ATTITUDE 2.89209 0.474609 -0.090332
8.129 1 ESTIMATOR -17. 0.
8.241 1 ATTITUDE 2.7854 0.445557 -0.087158
8.247 1 DESIRED -0.03 1.08 5. -85. -64. 815. 2.
8.251 1 WP_MOVED 4 506240. 3566357.25 805. 12
8.255 1 NAVIGATION 0 1 10801716. -3566302. 1.29396962755e+14 1.29395570246e+14 0 0
8.285 1 GPS 0 1130805120 0 0 -17000 0 0 0 534250 12 12
8.312 1 FBW_STATUS 0 49 0 123 0
8.316 1 NAVIGATION 0 1 10801716. -3566302. 1.29396962755e+14 1.29395570246e+14 0 0
8.346 1 ATTITUDE 2.674561 0.419922 -0.068359
8.347 1 CALIBRATION 0. 0
8.438 1 ATTITUDE 2.597412 0.367676 -0.058594
8.445 1 DESIRED -0.03 1. 5. -85. -64. 815. 2.
8.446 1 DL_VALUE 6 120.
8.449 1 ENERGY 12.3 0. 0 0.
8.540 1 ATTITUDE 2.542725 0.321045 -0.063477
8.546 1 GPS 0 1130805120 0 0 -17000 0 0 0 534500 12 13
8.549 1 IMU_ACCEL -5.683594 0.836914 -7.800781
8.554 1 ALIVE 231,40,80,191,218,144,115,97,14,152,249,108,227,74,159,111
8.577 1 NAVIGATION 0 1 10801716. -3566302. 1.29396962755e+14 1.29395570246e+14 0 0
8.641 1 ATTITUDE 2.485596 0.251709 -0.088379
8.648 1 DESIRED -0.03 0.95 5. -85. -64. 815. 2.
8.649 1 ESTIMATOR -17. 0.
8.652 1 IMU_GYRO 0.106445 -0.357422 -0.422119
8.654 1 PPRZ_MODE 0 3 3 0 0 17
8.728 1 ATTITUDE 2.458252 0.205322 -0.122559
8.731 1 WP_MOVED 5 506446.09375 3566366.5 820. 12
8.780 1 GPS 0 1130805120 0 0 -17000 0 0 0 534750 12 1
8.810 1 NAVIGATION 0 1 10801716. -3566302. 1.29396962755e+14 1.29395570246e+14 0 0
8.844 1 ATTITUDE 2.428223 0.152344 -0.151367
8.850 1 DESIRED -0.03 0.93 5. -85. -64. 815. 2.
8.853 1 IMU_MAG 0.180176 0.85791 0.36377
8.928 1 ATTITUDE 2.408936 0.114258 -0.167969
8.931 1 BAT 1 123 0 0 0 26 26 0
8.978 1 DOWNLINK_STATUS 9 7394 331 0 863. 39. 15.72
9.042 1 ATTITUDE 2.453613 0.151367 -0.178711
9.048 1 DESIRED -0.03 0.94 5. -85. -64. 815. 2.
9.054 1 GPS 0 1130805120 0 0 -17000 0 0 0 535000 12 2
9.057 1 GPS_SOL 798446464 107723 9999 0
9.081 1 NAVIGATION 0 1 10801716. -3566302. 1.29396962755e+14 1.29395570246e+14 0 0
9.127 1 ATTITUDE 2.530762 0.212891 -0.189941
9.129 1 ESTIMATOR -17. 0.
9.246 1 ATTITUDE 2.582031 0.258789 -0.199219
9.251 1 DESIRED -0.03 1. 5. -85. -64. 815. 2.
9.255 1 WP_MOVED 0 506377. 3566344. 757. 12
9.258 1 IMU_GYRO 0.145264 0.531982 0.14209
9.263 1 NAVIGATION 0 1 10801716. -3566302. 1.29396962755e+14 1.29395570246e+14 0 0
9.292 1 GPS 0 1130805120 0 0 -17000 0 0 0 535250 12 3
9.321 1 NAVIGATION 0 1 10801716. -3566302. 1.29396962755e+14 1.29395570246e+14 0 0
9.351 1 ATTITUDE 2.651123 0.28833 -0.211914
9.354 1 IMU_ACCEL -4.561523 -1.018555 -8.986328
9.356 1 DOWNLINK 2 824 999
9.431 1 ATTITUDE 2.742188 0.314941 -0.239014
9.459 1 DESIRED -0.03 1.07 5. -85. -64. 815. 2.
9.531 1 ATTITUDE 2.865967 0.322266 -0.267578
9.537 1 GPS 0 1130805120 0 0 -17000 0 0 0 535500 12 4
9.566 1 NAVIGATION 0 1 10801716. -3566302. 1.29396962755e+14 1.29395570246e+14 0 0
9.634 1 ATTITUDE 3.022217 0.311279 -0.29248
9.640 1 DESIRED -0.03 1.19 5. -85. -64. 815. 2.
9.643 1 ESTIMATOR -17. 0.
9.730 1 ATTITUDE 3.084229 0.273438 -0.315674
9.734 1 WP_MOVED 1 506335. 3566302. 765. 12
9.735 1 STATE_FILTER_STATUS 3 0
9.781 1 GPS 0 1130805120 0 0 -17000 0 0 0 535750 12 5
9.814 1 NAVIGATION 0 1 10801716. -3566302. 1.29396962755e+14 1.29395570246e+14 0 0
9.843 1 ATTITUDE 3.104004 0.231445 -0.342285
9.848 1 DESIRED -0.03 1.22 5. -85. -64. 815. 2.
9.852 1 IMU_GYRO 0.305908 0.144287 0.258301
9.926 1 ATTITUDE 3.106445 0.192139 -0.373779
9.928 1 DL_VALUE 7 0.
9.979 1 DOWNLINK_STATUS 10 8176 366 0 782. 35. 15.72
10.043 1 ATTITUDE 3.104248 0.152832 -0.406982
10.050 1 DESIRED -0.03 1.22 5. -85. -64. 815. 2.
10.055 1 GPS 0 1130805120 0 0 -17000 0 0 0 536000 12 6
10.058 1 BAT 0 123 0 0 0 27 27 0
10.081 1 NAVIGATION 0 1 10801716. -3566302. 1.29396962755e+14 1.29395570246e+14 0 0
10.135 1 ATTITUDE 3.096191 0.13208 -0.428955
10.137 1 ESTIMATOR -17. 0.
10.140 1 IMU_ACCEL -0.635742 -2.837891 -9.407227
10.145 1 IMU_MAG -0.064941 0.881836 -0.253418
10.242 1 ATTITUDE 3.085449 0.127197 -0.436035
10.247 1 DESIRED -0.03 1.22 5. -85. -64. 815. 2.
10.251 1 WP_MOVED 2 506250.1875 3566238.5 815. 12
10.255 1 NAVIGATION 0 1 10801716. -3566302. 1.29396962755e+14 1.29395570246e+14 0 0
10.281 1 GPS 0 1130805120 0 0 -17000 0 0 0 536250 12 7
10.311 1 FBW_STATUS 0 48 0 123 0
10.316 1 NAVIGATION 0 1 10801716. -3566302. 1.29396962755e+14 1.29395570246e+14 0 0
10.340 1 ATTITUDE 3.084961 0.120361 -0.437256
10.438 1 ATTITUDE 3.07373 0.119629 -0.439453
10.445 1 DESIRED -0.03 1.21 5. -85. -64. 815. 2.
10.447 1 IMU_GYRO 0.077393 -0.145264 0.030029
10.449 1 CALIBRATION 0. 0
10.489 1 PONG 
10.531 1 ATTITUDE 3.04541 0.125488 -0.444824
10.537 1 GPS 0 1130805120 0 0 -17000 0 0 0 536500 12 8
10.565 1 NAVIGATION 0 1 10801716. -3566302. 1.29396962755e+14 1.29395570246e+14 0 0
10.634 1 ATTITUDE 3.02002 0.119385 -0.450195
10.640 1 DESIRED -0.03 1.19 5. -85. -64. 815. 2.
10.643 1 ESTIMATOR -17. 0.
10.728 1 ATTITUDE 2.995361 0.125732 -0.452881
10.732 1 WP_MOVED 3 506436.09375 3566244.75 805. 12
10.780 1 GPS 0 1130805120 0 0 -17000 0 0 0 536750 12 9
10.813 1 NAVIGATION 0 1 10801716. -3566302. 1.29396962755e+14 1.29395570246e+14 0 0
10.837 1 ATTITUDE 2.981689 0.119873 -0.452881
10.843 1 DESIRED -0.03 1.17 5. -85. -64. 815. 2.
10.936 1 ATTITUDE 2.982422 0.12915 -0.448975
10.939 1 IMU_ACCEL -1.607422 -3.056641 -9.521484
10.942 1 ENERGY 12.3 0. 0 0.
10.945 1 NAVIGATION_REF 506335 3566302 12
10.980 1 DOWNLINK_STATUS 11 9014 404 0 838. 38. 14.72
11.047 1 ATTITUDE 2.982178 0.133057 -0.442383
11.053 1 DESIRED -0.03 1.17 5. -85. -64. 815. 2.
11.058 1 GPS 0 1130805120 0 0 -17000 0 0 0 537000 12 10
11.061 1 IMU_GYRO -0.04834 0.031006 0.023682
11.064 1 GPS_SOL 798468224 107751 9999 0
11.091 1 NAVIGATION 0 1 10801716. -3566302. 1.29396962755e+14 1.29395570246e+14 0 0
11.131 1 ATTITUDE 2.982178 0.138672 -0.435547
11.134 1 ESTIMATOR -17. 0.
11.137 1 BAT 0 123 0 0 0 28 28 0
11.242 1 ATTITUDE 2.980713 0.153564 -0.427734
11.249 1 DESIRED -0.03 1.17 5. -85. -64. 815. 2.
11.251 1 WP_MOVED 4 506240. 3566357.25 805. 12
11.256 1 NAVIGATION 0 1 10801716. -3566302. 1.29396962755e+14 1.29395570246e+14 0 0
11.280 1 GPS 0 1130805120 0 0 -17000 0 0 0 537250 12 11
11.311 1 NAVIGATION 0 1 10801716. -3566302. 1.29396962755e+14 1.29395570246e+14 0 0
11.336 1 ATTITUDE 2.97876 0.15625 -0.416748
11.438 1 ATTITUDE 2.970459 0.172852 -0.398193
11.445 1 DESIRED -0.03 1.17 5. -85. -64. 815. 2.
11.447 1 IMU_MAG -0.037109 0.910156 -0.156738
11.449 1 DL_VALUE 8 0.
11.531 1 ATTITUDE 2.998535 0.219971 -0.354492
11.537 1 GPS 0 1130805120 0 0 -17000 0 0 0 537500 12 12
11.562 1 NAVIGATION 0 1 10801716. -3566302. 1.29396962755e+14 1.29395570246e+14 0 0
11.639 1 ATTITUDE 3.001465 0.285645 -0.283447
11.645 1 DESIRED -0.03 1.18 5. -85. -64. 815. 2.
11.647 1 ESTIMATOR -17. 0.
11.650 1 IMU_GYRO -0.72168 -0.128174 0.111816
11.733 1 ATTITUDE 2.990234 0.352783 -0.215576
11.736 1 WP_MOVED 5 506446.09375 3566366.5 820. 12
11.739 1 IMU_ACCEL -1.794922 -0.945312 -10.057617
11.781 1 GPS 0 1130805120 0 0 -17000 0 0 0 537750 12 13
11.811 1 NAVIGATION 0 1 10801716. -3566302. 1.29396962755e+14 1.29395570246e+14 0 0
11.834 1 ATTITUDE 2.991211 0.399414 -0.181641
11.840 1 DESIRED -0.03 1.17 5. -85. -64. 815. 2.
11.926 1 ATTITUDE 3.019531 0.373047 -0.19458
11.927 1 STATE_FILTER_STATUS 3 0
11.981 1 DOWNLINK_STATUS 12 9823 440 0 809. 36. 14.72
12.038 1 ATTITUDE 3.007812 0.363525 -0.20752
12.045 1 DESIRED -0.03 1.18 5. -85. -64. 815. 2.
12.050 1 GPS 0 1130805120 0 0 -17000 0 0 0 538000 12 1
12.080 1 NAVIGATION 0 1 10801716. -3566302. 1.29396962755e+14 1.29395570246e+14 0 0
12.126 1 ATTITUDE 2.955078 0.31958 -0.261719
12.129 1 ESTIMATOR -17. 0.
12.245 1 ATTITUDE 2.832275 0.23877 -0.347168
12.251 1 DESIRED -0.03 1.1 5. -85. -64. 815. 2.
12.255 1 WP_MOVED 0 506377. 3566344. 757. 12
12.258 1 IMU_GYRO 0.830322 -1.744873 -0.374756
12.262 1 NAVIGATION 0 1 10801716. -3566302. 1.29396962755e+14 1.29395570246e+14 0 0
12.292 1 GPS 0 1130805120 0 0 -17000 0 0 0 538250 12 2
12.313 1 FBW_STATUS 0 49 0 123 0
12.318 1 NAVIGATION 0 1 10801716. -3566302. 1.29396962755e+14 1.29395570246e+14 0 0
12.343 1 ATTITUDE 2.594727 0.059814 -0.42627
12.405 1 COMMANDS 0,-303,-2040
12.438 1 ATTITUDE 2.250488 -0.284668 -0.471191
12.445 1 DESIRED -0.03 0.85 5. -85. -64. 815. 2.
12.505 1 ACTUATORS 1000,1394,1485
12.537 1 ATTITUDE 1.867432 -0.689697 -0.468994
12.543 1 GPS 0 1130805120 0 0 -17000 0 0 0 538500 12 3
12.546 1 IMU_ACCEL -8.750977 -3.056641 -2.293945
12.548 1 CALIBRATION 0. 0
12.572 1 NAVIGATION 0 1 10801716. -3566302. 1.29396962755e+14 1.29395570246e+14 0 0
12.634 1 ATTITUDE 1.508301 -0.942383 -0.434326
12.640 1 DESIRED -0.03 0.53 5. -85. -64. 815. 2.
12.642 1 ESTIMATOR -17. 0.
12.732 1 ATTITUDE 1.290039 -0.997314 -0.40625
12.735 1 WP_MOVED 1 506335. 3566302. 765. 12
12.738 1 IMU_MAG -0.159668 0.078125 0.994629
12.779 1 GPS 0 1130805120 0 0 -17000 0 0 0 538750 12 4
12.810 1 NAVIGATION 0 1 10801716. -3566302. 1.29396962755e+14 1.29395570246e+14 0 0
12.841 1 ATTITUDE 1.155029 -1.086182 -0.396729
12.847 1 DESIRED -0.03 0.37 5. -85. -64. 815. 2.
12.850 1 IMU_GYRO -0.179688 -1.249268 -0.039795
12.926 1 ATTITUDE 1.028809 -1.116699 -0.395264
12.928 1 DL_VALUE 9 0.
12.982 1 DOWNLINK_STATUS 13 10637 477 0 814. 37. 14.72
13.042 1 ATTITUDE 0.86084 -1.215576 -0.382812
13.048 1 DESIRED -0.03 0.24 5. -85. -64. 815. 2.
13.054 1 GPS 0 1130805120 0 0 -17000 0 0 0 539000 12 5
13.057 1 GPS_SOL 798490048 107779 9999 0
13.081 1 NAVIGATION 0 1 10801716. -3566302. 1.29396962755e+14 1.29395570246e+14 0 0
13.127 1 ATTITUDE 0.708496 -1.452881 -0.364258
13.129 1 ESTIMATOR -17. 0.
13.241 1 ATTITUDE 0.57666 -1.699707 -0.345459
13.247 1 DESIRED -0.03 0.12 5. -85. -64. 815. 2.
13.251 1 WP_MOVED 2 506250.1875 3566238.5 815. 12
13.255 1 NAVIGATION 0 1 10801716. -3566302. 1.29396962755e+14 1.29395570246e+14 0 0
13.283 1 GPS 0 1130805120 0 0 -17000 0 0 0 539250 12 6
13.316 1 NAVIGATION 0 1 10801716. -3566302. 1.29396962755e+14 1.29395570246e+14 0 0
13.338 1 ATTITUDE 0.439697 -2.176758 -0.336426
13.341 1 IMU_ACCEL -4.000977 -3.711914 7.647461
13.345 1 BAT 1 123 0 0 0 31 31 0
13.440 1 ATTITUDE 0.343018 -2.525879 -0.320068
13.446 1 DESIRED -0.03 0.02 5. -85. -64. 815. 2.
13.449 1 IMU_GYRO 0.213135 -0.97998 0.083984
13.452 1 ENERGY 12.3 0. 0 0.
13.536 1 ATTITUDE 0.2771 -2.748047 -0.293457
13.542 1 GPS 0 1130805120 0 0 -17000 0 0 0 539500 12 7
13.546 1 ALIVE 231,40,80,191,218,144,115,97,14,152,249,108,227,74,159,111
13.570 1 NAVIGATION 0 1 10801716. -3566302. 1.29396962755e+14 1.29395570246e+14 0 0
13.637 1 ATTITUDE 0.239258 -2.797363 -0.266357
13.643 1 DESIRED -0.03 -0.03 5. -85. -64. 815. 2.
13.645 1 ESTIMATOR -17. 0.
13.647 1 PPRZ_MODE 0 3 3 0 0 17
13.728 1 ATTITUDE 0.212402 -2.823486 -0.241699
13.731 1 WP_MOVED 3 506436.09375 3566244.75 805. 12
13.804 1 GPS 0 1130805120 0 0 -17000 0 0 0 539750 12 8
13.823 1 NAVIGATION 0 1 10801716. -3566302. 1.29396962755e+14 1.29395570246e+14 0 0
13.852 1 ATTITUDE 0.219727 -2.789795 -0.214111
13.858 1 DESIRED -0.03 -0.04 5. -85. -64. 815. 2.
13.923 1 ATTITUDE 0.209473 -2.762939 -0.189453
13.982 1 DOWNLINK_STATUS 14 11445 512 0 808. 35. 14.72
14.047 1 ATTITUDE 0.20874 -2.742188 -0.160645
14.053 1 DESIRED -0.03 -0.04 5. -85. -64. 815. 2.
14.058 1 GPS 0 1130805120 0 0 -17000 0 0 0 540000 12 9
14.061 1 IMU_GYRO 0.373535 0.343506 -0.143066
14.065 1 IMU_MAG 0. -0.827637 0.595703
14.090 1 NAVIGATION 0 1 10801716. -3566302. 1.29396962755e+14 1.29395570246e+14 0 0
14.133 1 ATTITUDE 0.226807 -2.701416 -0.126953
14.135 1 ESTIMATOR -17. 0.
14.138 1 IMU_ACCEL -3.328125 -2.037109 8.642578
14.140 1 STATE_FILTER_STATUS 3 0
14.143 1 WIND_INFO 1 42 0. 0. 0.
14.242 1 ATTITUDE 0.232422 -2.678467 -0.103271
14.248 1 DESIRED -0.03 -0.03 5. -85. -64. 815. 2.
14.251 1 WP_MOVED 4 506240. 3566357.25 805. 12
14.255 1 NAVIGATION 0 1 10801716. -3566302. 1.29396962755e+14 1.29395570246e+14 0 0
14.284 1 GPS 0 1130805120 0 0 -17000 0 0 0 540250 12 10
14.311 1 FBW_STATUS 0 49 0 123 0
14.319 1 NAVIGATION 0 1 10801716. -3566302. 1.29396962755e+14 1.29395570246e+14 0 0
14.340 1 ATTITUDE 0.229004 -2.714844 -0.074707
14.441 1 ATTITUDE 0.200684 -2.69458 -0.030762
14.447 1 DESIRED -0.03 -0.04 5. -85. -64. 815. 2.
14.450 1 BAT 0 123 0 0 0 32 32 0
14.452 1 DL_VALUE 10 0.
14.454 1 DOWNLINK 3 815 1186
14.531 1 ATTITUDE 0.151123 -2.716309 0.0271
14.537 1 GPS 0 1130805120 0 0 -17000 0 0 0 540500 12 11
14.563 1 NAVIGATION 0 1 10801716. -3566302. 1.29396962755e+14 1.29395570246e+14 0 0
14.641 1 ATTITUDE 0.118164 -2.707764 0.072021
14.648 1 DESIRED -0.03 -0.08 5. -85. -64. 815. 2.
14.649 1 ESTIMATOR -17. 0.
14.652 1 IMU_GYRO 0.33374 -0.432861 0.275635
14.654 1 CALIBRATION 0. 0
14.728 1 ATTITUDE 0.057373 -2.727051 0.098877
14.732 1 WP_MOVED 5 506446.09375 3566366.5 820. 12
14.780 1 GPS 0 1130805120 0 0 -17000 0 0 0 540750 12 12
14.810 1 NAVIGATION 0 1 10801716. -3566302. 1.29396962755e+14 1.29395570246e+14 0 0
14.839 1 ATTITUDE 0.004883 -2.757812 0.103271
14.845 1 DESIRED -0.03 -0.13 5. -85. -64. 815. 2.
14.928 1 ATTITUDE 0.001465 -2.760742 0.092041
14.931 1 IMU_ACCEL 0.74707 0.145508 8.87207
14.983 1 DOWNLINK_STATUS 15 12291 551 0 846. 39. 14.72
15.043 1 ATTITUDE 0.014648 -2.755859 0.067871
15.050 1 DESIRED -0.03 -0.12 5. -85. -64. 815. 2.
15.054 1 GPS 0 1130805120 0 0 -17000 0 0 0 541000 12 13
15.057 1 GPS_SOL 798511936 107807 9999 0
15.086 1 NAVIGATION 0 1 10801716. -3566302. 1.29396962755e+14 1.29395570246e+14 0 0
15.127 1 ATTITUDE 0.043457 -2.760986 0.04834
15.129 1 ESTIMATOR -17. 0.
15.246 1 ATTITUDE 0.044189 -2.757812 0.039795
15.252 1 DESIRED -0.03 -0.11 5. -85. -64. 815. 2.
15.255 1 WP_MOVED 0 506377. 3566344. 757. 12
15.258 1 IMU_GYRO -0.012695 -0.001953 0.101074
15.263 1 NAVIGATION 0 1 10801716. -3566302. 1.29396962755e+14 1.29395570246e+14 0 0
15.288 1 GPS 0 1130805120 0 0 -17000 0 0 0 541250 12 1
15.318 1 NAVIGATION 0 1 10801716. -3566302. 1.29396962755e+14 1.29395570246e+14 0 0
15.346 1 ATTITUDE 0.047852 -2.768311 0.036377
15.349 1 IMU_MAG 0.154297 -0.966797 0.45459
15.432 1 ATTITUDE 0.05835 -2.763428 0.023438
15.437 1 DESIRED -0.03 -0.11 5. -85. -64. 815. 2.
15.489 1 PONG 
15.536 1 ATTITUDE 0.067383 -2.776123 0.002441
15.542 1 GPS 0 1130805120 0 0 -17000 0 0 0 541500 12 2
15.545 1 BAT 0 123 0 0 0 33 33 0
15.573 1 NAVIGATION 0 1 10801716. -3566302. 1.29396962755e+14 1.29395570246e+14 0 0
15.635 1 ATTITUDE 0.069092 -2.794189 -0.011475
15.642 1 DESIRED -0.03 -0.1 5. -85. -64. 815. 2.
15.644 1 ESTIMATOR -17. 0.
15.732 1 ATTITUDE 0.062988 -2.795166 -0.012939
15.736 1 WP_MOVED 1 506335. 3566302. 765. 12
15.739 1 IMU_ACCEL -0.335938 -1.200195 9.445312
15.780 1 GPS 0 1130805120 0 0 -17000 0 0 0 541750 12 3
15.811 1 NAVIGATION 0 1 10801716. -3566302. 1.29396962755e+14 1.29395570246e+14 0 0
15.842 1 ATTITUDE 0.047607 -2.806641 -0.006348
15.849 1 DESIRED -0.03 -0.11 5. -85. -64. 815. 2.
15.851 1 IMU_GYRO 0.101074 -0.105469 0.020264
15.931 1 ATTITUDE 0.031738 -2.825684 0.002686
15.933 1 DL_VALUE 0 0.
15.936 1 ENERGY 12.3 0. 0 0.
15.984 1 DOWNLINK_STATUS 16 13117 588 0 826. 37. 14.61
16.039 1 ATTITUDE 0.020996 -2.812744 0.012451
16.045 1 DESIRED -0.03 -0.12 5. -85. -64. 815. 2.
16.051 1 GPS 0 1130805120 0 0 -17000 0 0 0 542000 12 4
16.072 1 NAVIGATION 0 1 10801716. -3566302. 1.29396962755e+14 1.29395570246e+14 0 0
16.127 1 ATTITUDE 0.015869 -2.83667 0.01709
16.129 1 ESTIMATOR -17. 0.
16.241 1 ATTITUDE 0.015869 -2.809814 0.017334
16.247 1 DESIRED -0.03 -0.12 5. -85. -64. 815. 2.
16.250 1 WP_MOVED 2 506250.1875 3566238.5 815. 12
16.255 1 NAVIGATION 0 1 10801716. -3566302. 1.29396962755e+14 1.29395570246e+14 0 0
16.288 1 GPS 0 1130805120 0 0 -17000 0 0 0 542250 12 5
16.313 1 FBW_STATUS 0 49 0 123 0
16.317 1 NAVIGATION 0 1 10801716. -3566302. 1.29396962755e+14 1.29395570246e+14 0 0
16.339 1 ATTITUDE 0.016113 -2.829102 0.019531
16.341 1 STATE_FILTER_STATUS 3 0
16.435 1 ATTITUDE 0.012451 -2.810303 0.023438
16.441 1 DESIRED -0.03 -0.13 5. -85. -64. 815. 2.
16.444 1 IMU_GYRO 0.052734 0. 0.041992
16.535 1 ATTITUDE 0.00708 -2.815918 0.026123
16.540 1 GPS 0 1130805120 0 0 -17000 0 0 0 542500 12 6
16.543 1 IMU_ACCEL 0.037109 -0.836914 9.712891
16.571 1 NAVIGATION 0 1 10801716. -3566302. 1.29396962755e+14 1.29395570246e+14 0 0
16.643 1 ATTITUDE 0.003906 -2.836426 0.028564
16.648 1 DESIRED -0.03 -0.13 5. -85. -64. 815. 2.
16.651 1 ESTIMATOR -17. 0.
16.654 1 BAT 0 123 0 0 0 34 34 0
16.657 1 IMU_MAG 0.111328 -0.927734 0.425781
16.730 1 ATTITUDE 0.003662 -2.832275 0.030273
16.734 1 WP_MOVED 3 506436.09375 3566244.75 805. 12
16.735 1 CALIBRATION 0. 0
16.779 1 GPS 0 1130805120 0 0 -17000 0 0 0 542750 12 7
16.811 1 NAVIGATION 0 1 10801716. -3566302. 1.29396962755e+14 1.29395570246e+14 0 0
16.837 1 ATTITUDE 0.002441 -2.822754 0.029053
16.843 1 DESIRED -0.03 -0.13 5. -85. -64. 815. 2.
16.923 1 ATTITUDE 0.000488 -2.831787 0.026855
16.985 1 DOWNLINK_STATUS 17 13905 623 0 788. 35. 14.61
17.046 1 ATTITUDE -0.003174 -2.824463 0.026123
17.052 1 DESIRED -0.03 -0.13 5. -85. -64. 815. 2.
17.058 1 GPS 0 1130805120 0 0 -17000 0 0 0 543000 12 8
17.061 1 IMU_GYRO 0.011719 0.003174 0.058105
17.064 1 GPS_SOL 798534016 107835 9999 0
17.091 1 NAVIGATION 0 1 10801716. -3566302. 1.29396962755e+14 1.29395570246e+14 0 0
17.126 1 ATTITUDE -0.003662 -2.850098 0.025879
17.129 1 ESTIMATOR -17. 0.
17.241 1 ATTITUDE -0.006592 -2.835693 0.026367
17.247 1 DESIRED -0.03 -0.13 5. -85. -64. 815. 2.
17.251 1 WP_MOVED 4 506240. 3566357.25 805. 12
17.255 1 NAVIGATION 0 1 10801716. -3566302. 1.29396962755e+14 1.29395570246e+14 0 0
17.285 1 GPS 0 1130805120 0 0 -17000 0 0 0 543250 12 9
17.312 1 NAVIGATION 0 1 10801716. -3566302. 1.29396962755e+14 1.29395570246e+14 0 0
17.343 1 ATTITUDE -0.007568 -2.841553 0.026611
17.346 1 IMU_ACCEL 0.373047 -0.691406 9.712891
17.405 1 COMMANDS 0,-300,-2037
17.439 1 ATTITUDE -0.003418 -2.847412 0.025146
17.445 1 DESIRED -0.03 -0.13 5. -85. -64. 815. 2.
17.446 1 DL_VALUE 1 0.
17.505 1 ACTUATORS 1000,1394,1485
17.538 1 ATTITUDE -0.000488 -2.835449 0.021484
17.545 1 GPS 0 1130805120 0 0 -17000 0 0 0 543500 12 10
17.575 1 NAVIGATION 0 1 10801716. -3566302. 1.29396962755e+14 1.29395570246e+14 0 0
17.638 1 ATTITUDE -0.007324 -2.839844 0.014648
17.645 1 DESIRED -0.03 -0.13 5. -85. -64. 815. 2.
17.646 1 ESTIMATOR -17. 0.
17.650 1 IMU_GYRO -0.059082 0.031006 0.030029
17.732 1 ATTITUDE -0.000488 -2.864014 0.007324
17.736 1 WP_MOVED 5 506446.09375 3566366.5 820. 12
17.739 1 BAT 0 123 0 0 0 35 35 0
17.779 1 GPS 0 1130805120 0 0 -17000 0 0 0 543750 12 11
17.811 1 NAVIGATION 0 1 10801716. -3566302. 1.29396962755e+14 1.29395570246e+14 0 0
17.840 1 ATTITUDE -0.000488 -2.871094 0.
17.847 1 DESIRED -0.03 -0.13 5. -85. -64. 815. 2.
17.927 1 ATTITUDE -0.005371 -2.870117 -0.006592
17.930 1 IMU_MAG 0.072266 -0.940918 0.423828
17.986 1 DOWNLINK_STATUS 18 14731 660 0 826. 37. 14.61
18.038 1 ATTITUDE -0.007812 -2.880859 -0.010498
18.046 1 DESIRED -0.03 -0.13 5. -85. -64. 815. 2.
18.050 1 GPS 0 1130805120 0 0 -17000 0 0 0 544000 12 12
18.076 1 NAVIGATION 0 1 10801716. -3566302. 1.29396962755e+14 1.29395570246e+14 0 0
18.131 1 ATTITUDE -0.00293 -2.883057 -0.013672
18.133 1 ESTIMATOR -17. 0.
18.137 1 IMU_ACCEL 0.111328 -1.200195 9.636719
18.246 1 ATTITUDE -0.000488 -2.884766 -0.015625
18.251 1 DESIRED -0.03 -0.13 5. -85. -64. 815. 2.
18.255 1 WP_MOVED 0 506377. 3566344. 757. 12
18.258 1 IMU_GYRO 0.008545 0.072021 -0.058105
18.262 1 NAVIGATION 0 1 10801716. -3566302. 1.29396962755e+14 1.29395570246e+14 0 0
18.296 1 GPS 0 1130805120 0 0 -17000 0 0 0 544250 12 13
18.321 1 NAVIGATION 0 1 10801716. -3566302. 1.29396962755e+14 1.29395570246e+14 0 0
18.324 1 FBW_STATUS 0 49 0 123 0
18.346 1 ATTITUDE -0.001953 -2.887939 -0.015869
18.438 1 ATTITUDE -0.005371 -2.896484 -0.017578
18.442 1 DESIRED -0.03 -0.13 5. -85. -64. 815. 2.
18.445 1 ENERGY 12.3 0. 0 0.
18.538 1 ATTITUDE -0.004883 -2.890869 -0.020752
18.545 1 GPS 0 1130805120 0 0 -17000 0 0 0 544500 12 1
18.546 1 STATE_FILTER_STATUS 3 0
18.549 1 ALIVE 231,40,80,191,218,144,115,97,14,152,249,108,227,74,159,111
18.574 1 NAVIGATION 0 1 10801716. -3566302. 1.29396962755e+14 1.29395570246e+14 0 0
18.637 1 ATTITUDE -0.003418 -2.900879 -0.024414
18.644 1 DESIRED -0.03 -0.13 5. -85. -64. 815. 2.
18.645 1 ESTIMATOR -17. 0.
18.647 1 PPRZ_MODE 0 3 3 0 0 17
18.728 1 ATTITUDE -0.00293 -2.896484 -0.0271
18.731 1 WP_MOVED 1 506335. 3566302. 765. 12
18.780 1 GPS 0 1130805120 0 0 -17000 0 0 0 544750 12 2
18.810 1 NAVIGATION 0 1 10801716. -3566302. 1.29396962755e+14 1.29395570246e+14 0 0
18.846 1 ATTITUDE -0.005615 -2.906982 -0.027588
18.852 1 DESIRED -0.03 -0.13 5. -85. -64. 815. 2.
18.855 1 IMU_GYRO 0.023682 -0.016113 0.020264
18.858 1 BAT 0 123 0 0 0 36 36 0
18.860 1 CALIBRATION 0. 0
18.930 1 ATTITUDE -0.006104 -2.899414 -0.026123
18.933 1 IMU_ACCEL -0.074219 -1.237305 9.331055
18.935 1 DL_VALUE 2 815.
18.987 1 DOWNLINK_STATUS 19 15603 700 0 872. 40. 14.61
19.043 1 ATTITUDE -0.007324 -2.913818 -0.023926
19.049 1 DESIRED -0.03 -0.13 5. -85. -64. 815. 2.
19.054 1 GPS 0 1130805120 0 0 -17000 0 0 0 545000 12 3
19.057 1 GPS_SOL 798556032 107862 9999 0
19.082 1 NAVIGATION 0 1 10801716. -3566302. 1.29396962755e+14 1.29395570246e+14 0 0
19.127 1 ATTITUDE -0.009766 -2.905273 -0.02124
19.129 1 ESTIMATOR -17. 0.
19.246 1 ATTITUDE -0.009033 -2.900146 -0.020752
19.254 1 DESIRED -0.03 -0.13 5. -85. -64. 815. 2.
19.255 1 WP_MOVED 2 506250.1875 3566238.5 815. 12
19.261 1 NAVIGATION 0 1 10801716. -3566302. 1.29396962755e+14 1.29395570246e+14 0 0
19.263 1 IMU_MAG 0.053711 -0.934082 0.431152
19.290 1 GPS 0 1130805120 0 0 -17000 0 0 0 545250 12 4
19.319 1 NAVIGATION 0 1 10801716. -3566302. 1.29396962755e+14 1.29395570246e+14 0 0
19.343 1 ATTITUDE -0.008057 -2.917725 -0.021973
19.438 1 ATTITUDE -0.01001 -2.893799 -0.023926
19.441 1 DESIRED -0.03 -0.13 5. -85. -64. 815. 2.
19.445 1 IMU_GYRO -0.005371 0.042969 -0.003174
19.534 1 ATTITUDE -0.008057 -2.90625 -0.026367
19.539 1 GPS 0 1130805120 0 0 -17000 0 0 0 545500 12 5
19.541 1 DOWNLINK 3 814 1372
19.569 1 NAVIGATION 0 1 10801716. -3566302. 1.29396962755e+14 1.29395570246e+14 0 0
19.635 1 ATTITUDE -0.008301 -2.918945 -0.029297
19.640 1 DESIRED -0.03 -0.13 5. -85. -64. 815. 2.
19.643 1 ESTIMATOR -17. 0.
19.732 1 ATTITUDE -0.008545 -2.911865 -0.030273
19.736 1 WP_MOVED 3 506436.09375 3566244.75 805. 12
19.740 1 IMU_ACCEL 0.223633 -1.237305 9.407227
19.780 1 GPS 0 1130805120 0 0 -17000 0 0 0 545750 12 6
19.811 1 NAVIGATION 0 1 10801716. -3566302. 1.29396962755e+14 1.29395570246e+14 0 0
19.834 1 ATTITUDE -0.00708 -2.904297 -0.030273
19.840 1 DESIRED -0.03 -0.13 5. -85. -64. 815. 2.
19.931 1 ATTITUDE -0.007812 -2.902588 -0.029785
19.935 1 BAT 0 123 0 0 0 37 37 0
19.965 1 NAVIGATION_REF 506335 3566302 12
19.988 1 DOWNLINK_STATUS 20 16400 735 0 797. 35. 14.61
20.043 1 ATTITUDE -0.008789 -2.910645 -0.029053
20.050 1 DESIRED -0.03 -0.13 5. -85. -64. 815. 2.
20.055 1 GPS 0 1130805120 0 0 -17000 0 0 0 546000 12 7
20.058 1 IMU_GYRO 0.014893 0.027832 0.055908
20.086 1 NAVIGATION 0 1 10801716. -3566302. 1.29396962755e+14 1.29395570246e+14 0 0
20.127 1 ATTITUDE -0.009277 -2.914307 -0.029053
20.129 1 ESTIMATOR -17. 0.
20.242 1 ATTITUDE -0.011963 -2.926514 -0.029053
20.248 1 DESIRED -0.03 -0.13 5. -85. -64. 815. 2.
20.251 1 WP_MOVED 4 506240. 3566357.25 805. 12
20.256 1 NAVIGATION 0 1 10801716. -3566302. 1.29396962755e+14 1.29395570246e+14 0 0
20.284 1 GPS 0 1130805120 0 0 -17000 0 0 0 546250 12 8
20.312 1 FBW_STATUS 0 49 0 123 0
20.317 1 NAVIGATION 0 1 10801716. -3566302. 1.29396962755e+14 1.29395570246e+14 0 0
20.336 1 ATTITUDE -0.010498 -2.909912 -0.028076
20.434 1 ATTITUDE -0.008301 -2.915039 -0.025146
20.440 1 DESIRED -0.03 -0.13 5. -85. -64. 815. 2.
20.442 1 DL_VALUE 3 0.
20.491 1 PONG 
20.539 1 ATTITUDE -0.016602 -2.907471 -0.020752
20.545 1 GPS 0 1130805120 0 0 -17000 0 0 0 546500 12 9
20.548 1 IMU_ACCEL 0.149414 -1.09082 9.828125
20.551 1 IMU_MAG 0.051758 -0.953613 0.421875
20.573 1 NAVIGATION 0 1 10801716. -3566302. 1.29396962755e+14 1.29395570246e+14 0 0
20.638 1 ATTITUDE -0.025146 -2.92627 -0.017578
20.645 1 DESIRED -0.03 -0.12 5. -85. -64. 815. 2.
20.646 1 ESTIMATOR -17. 0.
20.649 1 IMU_GYRO 0. -0.038574 0.096924
20.730 1 ATTITUDE -0.029297 -2.898193 -0.02002
20.733 1 WP_MOVED 5 506446.09375 3566366.5 820. 12
20.735 1 STATE_FILTER_STATUS 3 0
20.779 1 GPS 0 1130805120 0 0 -17000 0 0 0 546750 12 10
20.813 1 NAVIGATION 0 1 10801716. -3566302. 1.29396962755e+14 1.29395570246e+14 0 0
20.843 1 ATTITUDE -0.023926 -2.919678 -0.026367
20.850 1 DESIRED -0.03 -0.12 5. -85. -64. 815. 2.
20.930 1 ATTITUDE -0.020752 -2.915527 -0.024658
20.932 1 CALIBRATION 0. 0
20.937 1 ENERGY 12.3 0. 0 0.
20.988 1 DOWNLINK_STATUS 21 17223 773 0 823. 38. 15.73
21.047 1 ATTITUDE -0.015381 -2.906982 -0.02002
21.052 1 DESIRED -0.03 -0.12 5. -85. -64. 815. 2.
21.058 1 GPS 0 1130805120 0 0 -17000 0 0 0 547000 12 11
21.062 1 BAT 0 123 0 0 0 38 38 0
21.065 1 GPS_SOL 798578176 107890 9999 0
21.085 1 NAVIGATION 0 1 10801716. -3566302. 1.29396962755e+14 1.29395570246e+14 0 0
21.126 1 ATTITUDE -0.017334 -2.892334 -0.017334
21.129 1 ESTIMATOR -17. 0.
21.245 1 ATTITUDE -0.018311 -2.899902 -0.016113
21.251 1 DESIRED -0.03 -0.12 5. -85. -64. 815. 2.
21.255 1 WP_MOVED 0 506377. 3566344. 757. 12
21.258 1 IMU_GYRO 0.04834 0.100098 0.026855
21.262 1 NAVIGATION 0 1 10801716. -3566302. 1.29396962755e+14 1.29395570246e+14 0 0
21.289 1 GPS 0 1130805120 0 0 -17000 0 0 0 547250 12 12
21.321 1 NAVIGATION 0 1 10801716. -3566302. 1.29396962755e+14 1.29395570246e+14 0 0
21.344 1 ATTITUDE -0.009766 -2.887939 -0.010986
21.347 1 IMU_ACCEL -0.111328 -1.418945 9.598633
21.431 1 ATTITUDE -0.004639 -2.863037 -0.006104
21.437 1 DESIRED -0.03 -0.13 5. -85. -64. 815. 2.
21.531 1 ATTITUDE -0.005615 -2.87085 -0.00415
21.536 1 GPS 0 1130805120 0 0 -17000 0 0 0 547500 12 13
21.562 1 NAVIGATION 0 1 10801716. -3566302. 1.29396962755e+14 1.29395570246e+14 0 0
21.634 1 ATTITUDE -0.010742 -2.886963 -0.006104
21.640 1 DESIRED -0.03 -0.13 5. -85. -64. 815. 2.
21.642 1 ESTIMATOR -17. 0.
21.728 1 ATTITUDE -0.010498 -2.893066 -0.00708
21.731 1 WP_MOVED 1 506335. 3566302. 765. 12
21.779 1 GPS 0 1130805120 0 0 -17000 0 0 0 547750 12 1
21.813 1 NAVIGATION 0 1 10801716. -3566302. 1.29396962755e+14 1.29395570246e+14 0 0
21.842 1 ATTITUDE -0.014893 -2.886475 -0.008057
21.847 1 DESIRED -0.03 -0.12 5. -85. -64. 815. 2.
21.851 1 IMU_GYRO -0.001953 -0.023682 0.050537
21.854 1 IMU_MAG 0.076172 -0.932129 0.423828
21.926 1 ATTITUDE -0.018066 -2.889893 -0.010986
21.928 1 DL_VALUE 4 0.
21.989 1 DOWNLINK_STATUS 22 18023 808 0 800. 35. 15.73
22.038 1 ATTITUDE -0.018799 -2.882568 -0.012207
22.045 1 DESIRED -0.03 -0.12 5. -85. -64. 815. 2.
22.050 1 GPS 0 1130805120 0 0 -17000 0 0 0 548000 12 2
22.074 1 NAVIGATION 0 1 10801716. -3566302. 1.29396962755e+14 1.29395570246e+14 0 0
22.135 1 ATTITUDE -0.016846 -2.89209 -0.009766
22.137 1 ESTIMATOR -17. 0.
22.141 1 IMU_ACCEL 0.186523 -1.09082 9.521484
22.145 1 BAT 0 123 0 0 0 39 39 0
22.241 1 ATTITUDE -0.020508 -2.888428 -0.005859
22.247 1 DESIRED -0.03 -0.12 5. -85. -64. 815. 2.
22.251 1 WP_MOVED 2 506250.1875 3566238.5 815. 12
22.255 1 NAVIGATION 0 1 10801716. -3566302. 1.29396962755e+14 1.29395570246e+14 0 0
22.282 1 GPS 0 1130805120 0 0 -17000 0 0 0 548250 12 3
22.313 1 FBW_STATUS 0 49 0 123 0
22.315 1 NAVIGATION 0 1 10801716. -3566302. 1.29396962755e+14 1.29395570246e+14 0 0
22.343 1 ATTITUDE -0.022705 -2.88501 -0.001465
22.405 1 COMMANDS 0,-303,-2030
22.436 1 ATTITUDE -0.023438 -2.879883 0.00293
22.442 1 DESIRED -0.03 -0.12 5. -85. -64. 815. 2.
22.445 1 IMU_GYRO 0.029053 0.020264 0.010742
22.505 1 ACTUATORS 1000,1395,1485
22.535 1 ATTITUDE -0.02417 -2.881836 0.002686
22.540 1 GPS 0 1130805120 0 0 -17000 0 0 0 548500 12 4
22.566 1 NAVIGATION 0 1 10801716. -3566302. 1.29396962755e+14 1.29395570246e+14 0 0
22.634 1 ATTITUDE -0.022217 -2.875 0.000977
22.640 1 DESIRED -0.03 -0.12 5. -85. -64. 815. 2.
22.643 1 ESTIMATOR -17. 0.
22.728 1 ATTITUDE -0.02124 -2.878418 -0.000488
22.731 1 WP_MOVED 3 506436.09375 3566244.75 805. 12
22.779 1 GPS 0 1130805120 0 0 -17000 0 0 0 548750 12 5
22.813 1 NAVIGATION 0 1 10801716. -3566302. 1.29396962755e+14 1.29395570246e+14 0 0
22.835 1 ATTITUDE -0.021973 -2.881348 -0.000488
22.840 1 DESIRED -0.03 -0.12 5. -85. -64. 815. 2.
22.930 1 ATTITUDE -0.02124 -2.888672 0.001221
22.933 1 IMU_ACCEL 0.149414 -1.054688 9.636719
22.934 1 STATE_FILTER_STATUS 3 0
22.990 1 DOWNLINK_STATUS 23 18826 844 0 803. 36. 15.73
23.046 1 ATTITUDE -0.020996 -2.876465 0.002686
23.052 1 DESIRED -0.03 -0.12 5. -85. -64. 815. 2.
23.058 1 GPS 0 1130805120 0 0 -17000 0 0 0 549000 12 6
23.061 1 IMU_GYRO 0.030029 0.031006 0.034424
23.064 1 GPS_SOL 798600384 107918 9999 0
23.090 1 NAVIGATION 0 1 10801716. -3566302. 1.29396962755e+14 1.29395570246e+14 0 0
23.131 1 ATTITUDE -0.020508 -2.885742 0.00293
23.133 1 ESTIMATOR -17. 0.
23.136 1 IMU_MAG 0.102051 -1.005859 0.390625
23.246 1 ATTITUDE -0.021484 -2.885742 0.001465
23.252 1 DESIRED -0.03 -0.12 5. -85. -64. 815. 2.
23.256 1 WP_MOVED 4 506240. 3566357.25 805. 12
23.260 1 NAVIGATION 0 1 10801716. -3566302. 1.29396962755e+14 1.29395570246e+14 0 0
23.263 1 BAT 0 123 0 0 0 40 40 0
23.294 1 GPS 0 1130805120 0 0 -17000 0 0 0 549250 12 7
23.322 1 NAVIGATION 0 1 10801716. -3566302. 1.29396962755e+14 1.29395570246e+14 0 0
23.347 1 ATTITUDE -0.023193 -2.88208 -0.000977
23.438 1 ATTITUDE -0.022461 -2.893066 -0.00415
23.445 1 DESIRED -0.03 -0.12 5. -85. -64. 815. 2.
23.446 1 DL_VALUE 5 0.
23.449 1 ENERGY 12.3 0. 0 0.
23.536 1 ATTITUDE -0.021484 -2.87793 -0.004395
23.542 1 GPS 0 1130805120 0 0 -17000 0 0 0 549500 12 8
23.546 1 ALIVE 231,40,80,191,218,144,115,97,14,152,249,108,227,74,159,111
23.573 1 NAVIGATION 0 1 10801716. -3566302. 1.29396962755e+14 1.29395570246e+14 0 0
23.641 1 ATTITUDE -0.02417 -2.876709 -0.004395
23.648 1 DESIRED -0.03 -0.12 5. -85. -64. 815. 2.
23.649 1 ESTIMATOR -17. 0.
23.653 1 IMU_GYRO 0.01709 -0.026855 0.047363
23.655 1 PPRZ_MODE 0 3 3 0 0 17
23.732 1 ATTITUDE -0.027588 -2.893555 -0.00293
23.736 1 WP_MOVED 5 506446.09375 3566366.5 820. 12
23.739 1 IMU_ACCEL 0.298828 -1.164062 9.636719
23.780 1 GPS 0 1130805120 0 0 -17000 0 0 0 549750 12 9
23.815 1 NAVIGATION 0 1 10801716. -3566302. 1.29396962755e+14 1.29395570246e+14 0 0
23.834 1 ATTITUDE -0.030518 -2.882324 0.000244
23.840 1 DESIRED -0.03 -0.12 5. -85. -64. 815. 2.
23.924 1 ATTITUDE -0.033203 -2.890869 0.000488
23.990 1 DOWNLINK_STATUS 24 19681 882 0 855. 38. 15.73
24.039 1 ATTITUDE -0.032227 -2.873291 0.002686
24.045 1 DESIRED -0.03 -0.12 5. -85. -64. 815. 2.
24.050 1 GPS 0 1130805120 0 0 -17000 0 0 0 550000 12 10
24.078 1 NAVIGATION 0 1 10801716. -3566302. 1.29396962755e+14 1.29395570246e+14 0 0
24.127 1 ATTITUDE -0.033203 -2.880615 0.006104
24.129 1 ESTIMATOR -17. 0.
24.143 1 WIND_INFO 1 42 0. 0. 0.
24.246 1 ATTITUDE -0.033936 -2.887939 0.006592
24.252 1 DESIRED -0.03 -0.12 5. -85. -64. 815. 2.
24.255 1 WP_MOVED 0 506377. 3566344. 757. 12
24.258 1 IMU_GYRO 0.011719 0.012695 0.003174
24.263 1 NAVIGATION 0 1 10801716. -3566302. 1.29396962755e+14 1.29395570246e+14 0 0
24.291 1 GPS 0 1130805120 0 0 -17000 0 0 0 550250 12 11
24.318 1 FBW_STATUS 0 48 0 123 0
24.322 1 NAVIGATION 0 1 10801716. -3566302. 1.29396962755e+14 1.29395570246e+14 0 0
24.347 1 ATTITUDE -0.03418 -2.881592 0.006104
24.351 1 BAT 0 123 0 0 0 42 42 0
24.435 1 ATTITUDE -0.032959 -2.880859 0.007324
24.441 1 DESIRED -0.03 -0.12 5. -85. -64. 815. 2.
24.445 1 IMU_MAG 0.083496 -0.921387 0.394531
24.535 1 ATTITUDE -0.0354 -2.873291 0.009033
24.541 1 GPS 0 1130805120 0 0 -17000 0 0 0 550500 12 12
24.544 1 IMU_ACCEL 0.335938 -1.018555 9.636719
24.573 1 NAVIGATION 0 1 10801716. -3566302. 1.29396962755e+14 1.29395570246e+14 0 0
24.637 1 ATTITUDE -0.037354 -2.888672 0.009521
24.644 1 DESIRED -0.03 -0.11 5. -85. -64. 815. 2.
24.645 1 ESTIMATOR -17. 0.
24.647 1 DOWNLINK 4 824 1560
24.728 1 ATTITUDE -0.037598 -2.891602 0.007812
24.732 1 WP_MOVED 1 506335. 3566302. 765. 12
24.780 1 GPS 0 1130805120 0 0 -17000 0 0 0 550750 12 13
24.835 1 NAVIGATION 0 1 10801716. -3566302. 1.29396962755e+14 1.29395570246e+14 0 0
24.859 1 ATTITUDE -0.036133 -2.875244 0.006104
24.865 1 DESIRED -0.03 -0.12 5. -85. -64. 815. 2.
24.868 1 IMU_GYRO -0.000977 0.029053 0.037598
24.926 1 ATTITUDE -0.03833 -2.885986 0.00415
24.928 1 DL_VALUE 6 120.
24.991 1 DOWNLINK_STATUS 25 20489 918 0 808. 36. 15.73
25.043 1 ATTITUDE -0.037109 -2.894775 0.003418
25.049 1 DESIRED -0.03 -0.11 5. -85. -64. 815. 2.
25.054 1 GPS 0 1130805120 0 0 -17000 0 0 0 551000 12 1
25.057 1 GPS_SOL 798622720 107946 9999 0
25.083 1 NAVIGATION 0 1 10801716. -3566302. 1.29396962755e+14 1.29395570246e+14 0 0
25.131 1 ATTITUDE -0.030518 -2.885254 0.004395
25.133 1 ESTIMATOR -17. 0.
25.135 1 CALIBRATION 0. 0
25.137 1 STATE_FILTER_STATUS 3 0
25.241 1 ATTITUDE -0.030029 -2.878174 0.000488
25.247 1 DESIRED -0.03 -0.12 5. -85. -64. 815. 2.
25.250 1 WP_MOVED 2 506250.1875 3566238.5 815. 12
25.255 1 NAVIGATION 0 1 10801716. -3566302. 1.29396962755e+14 1.29395570246e+14 0 0
25.287 1 GPS 0 1130805120 0 0 -17000 0 0 0 551250 12 2
25.316 1 NAVIGATION 0 1 10801716. -3566302. 1.29396962755e+14 1.29395570246e+14 0 0
25.335 1 ATTITUDE -0.032959 -2.891357 -0.003662
25.338 1 IMU_ACCEL 0.223633 -1.164062 9.521484
25.439 1 ATTITUDE -0.033691 -2.869385 -0.002686
25.445 1 DESIRED -0.03 -0.12 5. -85. -64. 815. 2.
25.448 1 IMU_GYRO 0.041992 0.040771 0.031006
25.452 1 BAT 0 123 0 0 0 43 43 0
25.496 1 PONG 
25.531 1 ATTITUDE -0.02832 -2.88208 0.001709
25.536 1 GPS 0 1130805120 0 0 -17000 0 0 0 551500 12 3
25.564 1 NAVIGATION 0 1 10801716. -3566302. 1.29396962755e+14 1.29395570246e+14 0 0
25.634 1 ATTITUDE -0.016113 -2.863037 0.004395
25.640 1 DESIRED -0.03 -0.12 5. -85. -64. 815. 2.
25.642 1 ESTIMATOR -17. 0.
25.732 1 ATTITUDE -0.022705 -2.871582 -0.000732
25.735 1 WP_MOVED 3 506436.09375 3566244.75 805. 12
25.738 1 IMU_MAG 0.092773 -0.940918 0.40625
25.779 1 GPS 0 1130805120 0 0 -17000 0 0 0 551750 12 4
25.811 1 NAVIGATION 0 1 10801716. -3566302. 1.29396962755e+14 1.29395570246e+14 0 0
25.834 1 ATTITUDE -0.018555 -2.881836 -0.007812
25.839 1 DESIRED -0.03 -0.12 5. -85. -64. 815. 2.
25.928 1 ATTITUDE -0.008057 -2.884766 -0.013428
25.931 1 ENERGY 12.3 0. 0 0.
25.992 1 DOWNLINK_STATUS 26 21306 955 0 817. 37. 19.75
26.042 1 ATTITUDE -0.003906 -2.876465 -0.027832
26.049 1 DESIRED -0.03 -0.13 5. -85. -64. 815. 2.
26.054 1 GPS 0 1130805120 0 0 -17000 0 0 0 552000 12 5
26.057 1 IMU_GYRO -0.202393 -0.008545 0.17334
26.081 1 NAVIGATION 0 1 10801716. -3566302. 1.29396962755e+14 1.29395570246e+14 0 0
26.130 1 ATTITUDE -0.007812 -2.906494 -0.055664
26.133 1 ESTIMATOR -17. 0.
26.136 1 IMU_ACCEL 0.149414 -1.636719 9.483398
26.241 1 ATTITUDE -0.017334 -2.927979 -0.077148
26.247 1 DESIRED -0.03 -0.12 5. -85. -64. 815. 2.
26.251 1 WP_MOVED 4 506240. 3566357.25 805. 12
26.256 1 NAVIGATION 0 1 10801716. -3566302. 1.29396962755e+14 1.29395570246e+14 0 0
26.279 1 GPS 0 1130805120 0 0 -17000 0 0 0 552250 12 6
26.311 1 FBW_STATUS 0 49 0 123 0
26.317 1 NAVIGATION 0 1 10801716. -3566302. 1.29396962755e+14 1.29395570246e+14 0 0
26.343 1 ATTITUDE -0.015869 -2.936035 -0.087158
26.433 1 ATTITUDE -0.009277 -2.947266 -0.103027
26.439 1 DESIRED -0.03 -0.13 5. -85. -64. 815. 2.
26.441 1 DL_VALUE 7 0.
26.535 1 ATTITUDE 0.001221 -2.962158 -0.121826
26.541 1 GPS 0 1130805120 0 0 -17000 0 0 0 552500 12 7
26.545 1 BAT 0 123 0 0 0 44 44 0
26.572 1 NAVIGATION 0 1 10801716. -3566302. 1.29396962755e+14 1.29395570246e+14 0 0
26.638 1 ATTITUDE 0.013672 -2.987061 -0.144287
26.645 1 DESIRED -0.03 -0.13 5. -85. -64. 815. 2.
26.647 1 ESTIMATOR -17. 0.
26.650 1 IMU_GYRO -0.241211 0.064453 0.008545
26.728 1 ATTITUDE 0.013184 -3.015625 -0.168701
26.731 1 WP_MOVED 5 506446.09375 3566366.5 820. 12
26.779 1 GPS 0 1130805120 0 0 -17000 0 0 0 552750 12 8
26.811 1 NAVIGATION 0 1 10801716. -3566302. 1.29396962755e+14 1.29395570246e+14 0 0
26.840 1 ATTITUDE 0.012939 -3.039795 -0.191895
26.847 1 DESIRED -0.03 -0.13 5. -85. -64. 815. 2.
26.927 1 ATTITUDE 0.009766 -3.075195 -0.212891
26.931 1 IMU_ACCEL 0. -3.092773 9.139648
26.993 1 DOWNLINK_STATUS 27 22103 990 0 797. 35. 19.75
27.046 1 ATTITUDE 0.005859 -3.102295 -0.229004
27.052 1 DESIRED -0.03 -0.13 5. -85. -64. 815. 2.
27.058 1 GPS 0 1130805120 0 0 -17000 0 0 0 553000 12 9
27.061 1 IMU_MAG -0.085449 -0.896973 0.421875
27.064 1 GPS_SOL 798645120 107974 9999 0
27.091 1 NAVIGATION 0 1 10801716. -3566302. 1.29396962755e+14 1.29395570246e+14 0 0
27.127 1 ATTITUDE 0.003662 -3.104004 -0.237305
27.129 1 ESTIMATOR -17. 0.
27.248 1 ATTITUDE 0.004639 -3.114258 -0.242188
27.254 1 DESIRED -0.03 -0.13 5. -85. -64. 815. 2.
27.257 1 WP_MOVED 0 506377. 3566344. 757. 12
27.260 1 IMU_GYRO -0.013916 0.018311 0.033203
27.265 1 NAVIGATION 0 1 10801716. -3566302. 1.29396962755e+14 1.29395570246e+14 0 0
27.267 1 CALIBRATION 0. 0
27.293 1 GPS 0 1130805120 0 0 -17000 0 0 0 553250 12 10
27.340 1 NAVIGATION 0 1 10801716. -3566302. 1.29396962755e+14 1.29395570246e+14 0 0
27.362 1 ATTITUDE 0.004639 -3.109619 -0.245117
27.365 1 STATE_FILTER_STATUS 3 0
27.405 1 COMMANDS 0,-318,-2040
27.431 1 ATTITUDE 0. -3.11084 -0.247803
27.438 1 DESIRED -0.03 -0.13 5. -85. -64. 815. 2.
27.505 1 ACTUATORS 1000,1394,1485
27.532 1 ATTITUDE -0.001465 -3.120117 -0.25
27.537 1 GPS 0 1130805120 0 0 -17000 0 0 0 553500 12 11
27.570 1 NAVIGATION 0 1 10801716. -3566302. 1.29396962755e+14 1.29395570246e+14 0 0
27.639 1 ATTITUDE 0.000244 -3.107178 -0.251953
27.646 1 DESIRED -0.03 -0.13 5. -85. -64. 815. 2.
27.647 1 ESTIMATOR -17. 0.
27.651 1 BAT 0 123 0 0 0 45 45 0
27.732 1 ATTITUDE -0.000488 -3.128174 -0.255371
27.736 1 WP_MOVED 1 506335. 3566302. 765. 12
27.739 1 IMU_ACCEL 0. -3.566406 8.794922
27.780 1 GPS 0 1130805120 0 0 -17000 0 0 0 553750 12 12
27.810 1 NAVIGATION 0 1 10801716. -3566302. 1.29396962755e+14 1.29395570246e+14 0 0
27.839 1 ATTITUDE 0.000488 -3.124268 -0.260498
27.845 1 DESIRED -0.03 -0.13 5. -85. -64. 815. 2.
27.848 1 IMU_GYRO -0.036621 0.022461 0.040771
27.926 1 ATTITUDE 0.001953 -3.138184 -0.266357
27.928 1 DL_VALUE 8 0.
27.994 1 DOWNLINK_STATUS 28 22949 1029 0 846. 39. 19.75
28.039 1 ATTITUDE 0.002686 3.140625 -0.271973
28.046 1 DESIRED -0.03 -0.13 5. -85. -64. 815. 2.
28.051 1 GPS 0 1130805120 0 0 -17000 0 0 0 554000 12 13
28.077 1 NAVIGATION 0 1 10801716. -3566302. 1.29396962755e+14 1.29395570246e+14 0 0
28.127 1 ATTITUDE 0.002197 3.128174 -0.275146
28.129 1 ESTIMATOR -17. 0.
28.242 1 ATTITUDE 0.005127 -3.141357 -0.275146
28.248 1 DESIRED -0.03 -0.13 5. -85. -64. 815. 2.
28.251 1 WP_MOVED 2 506250.1875 3566238.5 815. 12
28.256 1 NAVIGATION 0 1 10801716. -3566302. 1.29396962755e+14 1.29395570246e+14 0 0
28.285 1 GPS 0 1130805120 0 0 -17000 0 0 0 554250 12 1
28.311 1 FBW_STATUS 0 49 0 123 0
28.319 1 NAVIGATION 0 1 10801716. -3566302. 1.29396962755e+14 1.29395570246e+14 0 0
28.340 1 ATTITUDE 0. 3.136475 -0.273193
28.368 1 IMU_MAG -0.133789 -0.977539 0.431152
28.440 1 ATTITUDE 0.001709 3.118652 -0.273193
28.446 1 DESIRED -0.03 -0.13 5. -85. -64. 815. 2.
28.449 1 IMU_GYRO -0.010742 0.033203 0.071045
28.452 1 ENERGY 12.3 0. 0 0.
28.540 1 ATTITUDE 0.004395 3.129639 -0.278076
28.546 1 GPS 0 1130805120 0 0 -17000 0 0 0 554500 12 2
28.549 1 IMU_ACCEL -0.074219 -3.748047 8.413086
28.553 1 ALIVE 231,40,80,191,218,144,115,97,14,152,249,108,227,74,159,111
28.578 1 NAVIGATION 0 1 10801716. -3566302. 1.29396962755e+14 1.29395570246e+14 0 0
28.637 1 ATTITUDE 0.004883 3.12793 -0.28418
28.644 1 DESIRED -0.03 -0.13 5. -85. -64. 815. 2.
28.646 1 ESTIMATOR -17. 0.
28.648 1 PPRZ_MODE 0 3 3 0 0 17
28.733 1 ATTITUDE 0.007324 3.108154 -0.289551
28.736 1 WP_MOVED 3 506436.09375 3566244.75 805. 12
28.740 1 BAT 0 123 0 0 0 46 46 0
28.780 1 GPS 0 1130805120 0 0 -17000 0 0 0 554750 12 3
28.811 1 NAVIGATION 0 1 10801716. -3566302. 1.29396962755e+14 1.29395570246e+14 0 0
28.840 1 ATTITUDE 0.00708 3.111572 -0.293701
28.847 1 DESIRED -0.03 -0.13 5. -85. -64. 815. 2.
28.927 1 ATTITUDE 0.007568 3.102051 -0.295166
28.930 1 NAVIGATION_REF 506335 3566302 12
28.995 1 DOWNLINK_STATUS 29 23787 1066 0 838. 37. 19.75
29.047 1 ATTITUDE 0.005371 3.094971 -0.294434
29.053 1 DESIRED -0.03 -0.13 5. -85. -64. 815. 2.
29.058 1 GPS 0 1130805120 0 0 -17000 0 0 0 555000 12 4
29.061 1 IMU_GYRO 0.041992 -0.006348 0.054932
29.064 1 GPS_SOL 798667584 108001 9999 0
29.088 1 NAVIGATION 0 1 10801716. -3566302. 1.29396962755e+14 1.29395570246e+14 0 0
29.127 1 ATTITUDE 0.005615 3.105225 -0.292725
29.129 1 ESTIMATOR -17. 0.
29.242 1 ATTITUDE 0.003906 3.128418 -0.292969
29.248 1 DESIRED -0.03 -0.13 5. -85. -64. 815. 2.
29.251 1 WP_MOVED 4 506240. 3566357.25 805. 12
29.256 1 NAVIGATION 0 1 10801716. -3566302. 1.29396962755e+14 1.29395570246e+14 0 0
29.286 1 GPS 0 1130805120 0 0 -17000 0 0 0 555250 12 5
29.311 1 NAVIGATION 0 1 10801716. -3566302. 1.29396962755e+14 1.29395570246e+14 0 0
29.337 1 ATTITUDE 0.005127 3.114014 -0.294434
29.340 1 IMU_ACCEL -0.111328 -3.820312 8.756836
29.342 1 CALIBRATION 0. 0
29.433 1 ATTITUDE 0.006836 3.095703 -0.297363
29.440 1 DESIRED -0.03 -0.13 5. -85. -64. 815. 2.
29.441 1 DL_VALUE 9 0.
29.533 1 ATTITUDE 0.007812 3.096191 -0.299561
29.538 1 GPS 0 1130805120 0 0 -17000 0 0 0 555500 12 6
29.540 1 STATE_FILTER_STATUS 3 0
29.568 1 NAVIGATION 0 1 10801716. -3566302. 1.29396962755e+14 1.29395570246e+14 0 0
29.642 1 ATTITUDE 0.009766 3.106689 -0.301025
29.648 1 DESIRED -0.03 -0.13 5. -85. -64. 815. 2.
29.650 1 ESTIMATOR -17. 0.
29.653 1 IMU_GYRO 0.023682 0.031006 0.069824
29.657 1 IMU_MAG -0.150391 -0.921387 0.429199
29.730 1 ATTITUDE 0.010254 3.109619 -0.299805
29.734 1 WP_MOVED 5 506446.09375 3566366.5 820. 12
29.735 1 DOWNLINK 4 818 1749
29.779 1 GPS 0 1130805120 0 0 -17000 0 0 0 555750 12 7
29.811 1 NAVIGATION 0 1 10801716. -3566302. 1.29396962755e+14 1.29395570246e+14 0 0
29.844 1 ATTITUDE 0.011719 3.118164 -0.296875
29.850 1 DESIRED -0.03 -0.13 5. -85. -64. 815. 2.
29.853 1 BAT 2 123 0 0 0 47 47 0
29.923 1 ATTITUDE 0.010254 3.120117 -0.295654
29.995 1 DOWNLINK_STATUS 30 24618 1104 0 831. 38. 19.75
30.038 1 ATTITUDE 0.003418 3.105713 -0.297607
30.045 1 DESIRED -0.03 -0.13 5. -85. -64. 815. 2.
30.050 1 GPS 0 1130805120 0 0 -17000 0 0 0 556000 12 8
30.071 1 NAVIGATION 0 1 10801716. -3566302. 1.29396962755e+14 1.29395570246e+14 0 0
30.130 1 ATTITUDE 0.005127 3.118408 -0.302734
30.133 1 ESTIMATOR -17. 0.
30.136 1 IMU_ACCEL -0.074219 -3.893555 8.87207
30.245 1 ATTITUDE 0.00708 3.087891 -0.307129
30.251 1 DESIRED -0.03 -0.13 5. -85. -64. 815. 2.
30.255 1 WP_MOVED 0 506377. 3566344. 757. 12
30.258 1 IMU_GYRO -0.009521 0.0354 -0.000977
30.262 1 NAVIGATION 0 1 10801716. -3566302. 1.29396962755e+14 1.29395570246e+14 0 0
30.286 1 GPS 0 1130805120 0 0 -17000 0 0 0 556250 12 9
30.315 1 NAVIGATION 0 1 10801716. -3566302. 1.29396962755e+14 1.29395570246e+14 0 0
30.322 1 FBW_STATUS 0 47 0 123 0
30.345 1 ATTITUDE 0.004883 3.094727 -0.308105
30.431 1 ATTITUDE 0.00415 3.094238 -0.306396
30.438 1 DESIRED -0.03 -0.13 5. -85. -64. 815. 2.
30.502 1 PONG 
30.531 1 ATTITUDE 0.003906 3.10498 -0.30249
30.536 1 GPS 0 1130805120 0 0 -17000 0 0 0 556500 12 10
30.569 1 NAVIGATION 0 1 10801716. -3566302. 1.29396962755e+14 1.29395570246e+14 0 0
30.639 1 ATTITUDE 0.003906 3.0979 -0.300537
30.640 1 DESIRED -0.03 -0.13 5. -85. -64. 815. 2.
30.642 1 ESTIMATOR -17. 0.
30.728 1 ATTITUDE 0.001709 3.096924 -0.300293
30.732 1 WP_MOVED 1 506335. 3566302. 765. 12
30.779 1 GPS 0 1130805120 0 0 -17000 0 0 0 556750 12 11
30.810 1 NAVIGATION 0 1 10801716. -3566302. 1.29396962755e+14 1.29395570246e+14 0 0
30.840 1 ATTITUDE 0.006104 3.123047 -0.304443
30.845 1 DESIRED -0.03 -0.13 5. -85. -64. 815. 2.
30.849 1 IMU_GYRO -0.029053 0.059082 0.0354
30.943 1 ATTITUDE 0.006348 3.089844 -0.307129
30.946 1 IMU_ACCEL 0.074219 -3.893555 8.794922
30.951 1 BAT 0 123 0 0 0 48 48 0
30.953 1 IMU_MAG -0.152344 -0.912598 0.417969
30.955 1 DL_VALUE 10 0.
30.959 1 ENERGY 12.3 0. 0 0.
30.995 1 DOWNLINK_STATUS 31 25459 1142 0 841. 38. 25.55
31.043 1 ATTITUDE 0.006104 3.085449 -0.307373
31.049 1 DESIRED -0.03 -0.13 5. -85. -64. 815. 2.
31.055 1 GPS 0 1130805120 0 0 -17000 0 0 0 557000 12 12
31.057 1 GPS_SOL 798690112 108029 9999 0
31.088 1 NAVIGATION 0 1 10801716. -3566302. 1.29396962755e+14 1.29395570246e+14 0 0
31.127 1 ATTITUDE 0.006104 3.107422 -0.306152
31.129 1 ESTIMATOR -17. 0.
31.242 1 ATTITUDE 0.005371 3.097168 -0.304199
31.248 1 DESIRED -0.03 -0.13 5. -85. -64. 815. 2.
31.251 1 WP_MOVED 2 506250.1875 3566238.5 815. 12
31.255 1 NAVIGATION 0 1 10801716. -3566302. 1.29396962755e+14 1.29395570246e+14 0 0
31.281 1 GPS 0 1130805120 0 0 -17000 0 0 0 557250 12 13
31.311 1 NAVIGATION 0 1 10801716. -3566302. 1.29396962755e+14 1.29395570246e+14 0 0
31.334 1 ATTITUDE 0.003418 3.112305 -0.303955
31.439 1 ATTITUDE 0.002686 3.091309 -0.305176
31.444 1 DESIRED -0.03 -0.13 5. -85. -64. 815. 2.
31.448 1 IMU_GYRO 0.016113 0.031006 -0.009521
31.449 1 CALIBRATION 0. 0
31.532 1 ATTITUDE -0.000488 3.101318 -0.30542
31.538 1 GPS 0 1130805120 0 0 -17000 0 0 0 557500 12 1
31.567 1 NAVIGATION 0 1 10801716. -3566302. 1.29396962755e+14 1.29395570246e+14 0 0
31.635 1 ATTITUDE -0.001465 3.105957 -0.305664
31.641 1 DESIRED -0.03 -0.13 5. -85. -64. 815. 2.
31.643 1 ESTIMATOR -17. 0.
31.734 1 ATTITUDE -0.00415 3.074463 -0.306641
31.739 1 WP_MOVED 3 506436.09375 3566244.75 805. 12
31.741 1 IMU_ACCEL -0.149414 -3.893555 8.71875
31.742 1 STATE_FILTER_STATUS 3 0
31.779 1 GPS 0 1130805120 0 0 -17000 0 0 0 557750 12 2
31.810 1 NAVIGATION 0 1 10801716. -3566302. 1.29396962755e+14 1.29395570246e+14 0 0
31.839 1 ATTITUDE -0.004395 3.084473 -0.309814
31.846 1 DESIRED -0.03 -0.13 5. -85. -64. 815. 2.
31.925 1 ATTITUDE -0.003906 3.08374 -0.313477
31.996 1 DOWNLINK_STATUS 32 26212 1175 0 753. 33. 25.55
32.047 1 ATTITUDE -0.00415 3.060303 -0.316406
32.054 1 DESIRED -0.03 -0.13 5. -85. -64. 815. 2.
32.059 1 GPS 0 1130805120 0 0 -17000 0 0 0 558000 12 3
32.062 1 IMU_GYRO 0.000977 0.014893 0.021484
32.065 1 BAT 1 123 0 0 0 49 49 0
32.088 1 NAVIGATION 0 1 10801716. -3566302. 1.29396962755e+14 1.29395570246e+14 0 0
32.127 1 ATTITUDE -0.006836 3.084229 -0.317627
32.130 1 ESTIMATOR -17. 0.
32.246 1 ATTITUDE -0.006348 3.066406 -0.317383
32.253 1 DESIRED -0.03 -0.13 5. -85. -64. 815. 2.
32.255 1 WP_MOVED 4 506240. 3566357.25 805. 12
32.259 1 NAVIGATION 0 1 10801716. -3566302. 1.29396962755e+14 1.29395570246e+14 0 0
32.263 1 IMU_MAG -0.184082 -0.92334 0.419922
32.288 1 GPS 0 1130805120 0 0 -17000 0 0 0 558250 12 4
32.316 1 FBW_STATUS 0 49 0 123 0
32.324 1 NAVIGATION 0 1 10801716. -3566302. 1.29396962755e+14 1.29395570246e+14 0 0
32.347 1 ATTITUDE -0.006836 3.069336 -0.316406
32.405 1 COMMANDS 0,-309,-2040
32.435 1 ATTITUDE -0.005615 3.064453 -0.31665
32.441 1 DESIRED -0.03 -0.13 5. -85. -64. 815. 2.
32.442 1 DL_VALUE 0 0.
32.505 1 ACTUATORS 1000,1394,1485
32.539 1 ATTITUDE -0.007568 3.063965 -0.316406
32.543 1 GPS 0 1130805120 0 0 -17000 0 0 0 558500 12 5
32.549 1 IMU_ACCEL -0.037109 -3.96582 8.71875
32.577 1 NAVIGATION 0 1 10801716. -3566302. 1.29396962755e+14 1.29395570246e+14 0 0
32.639 1 ATTITUDE -0.007568 3.086426 -0.31543
32.645 1 DESIRED -0.03 -0.13 5. -85. -64. 815. 2.
32.647 1 ESTIMATOR -17. 0.
32.650 1 IMU_GYRO 0.018311 -0.001953 0.054932
32.728 1 ATTITUDE -0.008301 3.071533 -0.31543
32.732 1 WP_MOVED 5 506446.09375 3566366.5 820. 12
32.781 1 GPS 0 1130805120 0 0 -17000 0 0 0 558750 12 6
32.813 1 NAVIGATION 0 1 10801716. -3566302. 1.29396962755e+14 1.29395570246e+14 0 0
32.838 1 ATTITUDE -0.00708 3.07373 -0.316162
32.845 1 DESIRED -0.03 -0.13 5. -85. -64. 815. 2.
32.924 1 ATTITUDE -0.006592 3.061035 -0.317627
32.997 1 DOWNLINK_STATUS 33 27035 1212 0 823. 37. 25.55
33.043 1 ATTITUDE -0.006592 3.060303 -0.318115
33.049 1 DESIRED -0.03 -0.13 5. -85. -64. 815. 2.
33.054 1 GPS 0 1130805120 0 0 -17000 0 0 0 559000 12 7
33.058 1 GPS_SOL 798712704 108057 9999 0
33.086 1 NAVIGATION 0 1 10801716. -3566302. 1.29396962755e+14 1.29395570246e+14 0 0
33.131 1 ATTITUDE -0.00708 3.071533 -0.317627
33.134 1 ESTIMATOR -17. 0.
33.137 1 BAT 0 123 0 0 0 50 50 0
33.246 1 ATTITUDE -0.007812 3.0625 -0.316162
33.252 1 DESIRED -0.03 -0.13 5. -85. -64. 815. 2.
33.255 1 WP_MOVED 0 506377. 3566344. 757. 12
33.258 1 IMU_GYRO 0.026855 -0.001953 0.032227
33.263 1 NAVIGATION 0 1 10801716. -3566302. 1.29396962755e+14 1.29395570246e+14 0 0
33.287 1 GPS 0 1130805120 0 0 -17000 0 0 0 559250 12 8
33.311 1 NAVIGATION 0 1 10801716. -3566302. 1.29396962755e+14 1.29395570246e+14 0 0
33.339 1 ATTITUDE -0.009033 3.078369 -0.315918
33.342 1 IMU_ACCEL 0.074219 -4.00293 8.910156
33.436 1 ATTITUDE -0.009033 3.068604 -0.318115
33.442 1 DESIRED -0.03 -0.13 5. -85. -64. 815. 2.
33.445 1 ENERGY 12.3 0. 0 0.
33.543 1 ATTITUDE -0.009766 3.068848 -0.320557
33.548 1 GPS 0 1130805120 0 0 -17000 0 0 0 559500 12 9
33.551 1 IMU_MAG -0.165527 -0.927734 0.419922
33.553 1 CALIBRATION 0. 0
33.557 1 ALIVE 231,40,80,191,218,144,115,97,14,152,249,108,227,74,159,111
33.586 1 NAVIGATION 0 1 10801716. -3566302. 1.29396962755e+14 1.29395570246e+14 0 0
33.638 1 ATTITUDE -0.009766 3.0625 -0.324951
33.643 1 DESIRED -0.03 -0.13 5. -85. -64. 815. 2.
33.645 1 ESTIMATOR -17. 0.
33.647 1 PPRZ_MODE 0 3 3 0 0 17
33.728 1 ATTITUDE -0.008301 3.062012 -0.328613
33.731 1 WP_MOVED 1 506335. 3566302. 765. 12
33.780 1 GPS 0 1130805120 0 0 -17000 0 0 0 559750 12 10
33.811 1 NAVIGATION 0 1 10801716. -3566302. 1.29396962755e+14 1.29395570246e+14 0 0
33.836 1 ATTITUDE -0.010254 3.053223 -0.330566
33.843 1 DESIRED -0.03 -0.13 5. -85. -64. 815. 2.
33.845 1 IMU_GYRO 0.013916 0.026855 0.073242
33.928 1 ATTITUDE -0.008301 3.049805 -0.330322
33.931 1 DL_VALUE 1 0.
33.931 1 STATE_FILTER_STATUS 3 0
33.998 1 DOWNLINK_STATUS 34 27910 1252 0 875. 40. 25.55
34.038 1 ATTITUDE -0.008789 3.049561 -0.330811
34.045 1 DESIRED -0.03 -0.13 5. -85. -64. 815. 2.
34.050 1 GPS 0 1130805120 0 0 -17000 0 0 0 560000 12 11
34.076 1 NAVIGATION 0 1 10801716. -3566302. 1.29396962755e+14 1.29395570246e+14 0 0
34.131 1 ATTITUDE -0.01001 3.074951 -0.328613
34.134 1 ESTIMATOR -17. 0.
34.137 1 IMU_ACCEL 0.635742 -4.00293 8.642578
34.247 1 ATTITUDE -0.009766 3.037598 -0.328369
34.253 1 DESIRED -0.03 -0.13 5. -85. -64. 815. 2.
34.255 1 WP_MOVED 2 506250.1875 3566238.5 815. 12
34.260 1 NAVIGATION 0 1 10801716. -3566302. 1.29396962755e+14 1.29395570246e+14 0 0
34.263 1 BAT 0 123 0 0 0 51 51 0
34.291 1 GPS 0 1130805120 0 0 -17000 0 0 0 560250 12 12
34.314 1 FBW_STATUS 0 49 0 123 0
34.319 1 NAVIGATION 0 1 10801716. -3566302. 1.29396962755e+14 1.29395570246e+14 0 0
34.345 1 ATTITUDE -0.010742 3.049805 -0.331299
34.436 1 ATTITUDE -0.009521 3.011963 -0.333984
34.442 1 DESIRED -0.03 -0.13 5. -85. -64. 815. 2.
34.444 1 IMU_GYRO 0.000977 0.069824 0.055908
34.532 1 ATTITUDE -0.00708 3.019775 -0.335449
34.537 1 GPS 0 1130805120 0 0 -17000 0 0 0 560500 12 13
34.567 1 NAVIGATION 0 1 10801716. -3566302. 1.29396962755e+14 1.29395570246e+14 0 0
34.635 1 ATTITUDE -0.006836 3.025879 -0.33374
34.641 1 DESIRED -0.03 -0.13 5. -85. -64. 815. 2.
34.642 1 ESTIMATOR -17. 0.
34.728 1 ATTITUDE -0.00708 3.026367 -0.332031
34.732 1 WP_MOVED 3 506436.09375 3566244.75 805. 12
34.779 1 GPS 0 1130805120 0 0 -17000 0 0 0 560750 12 1
34.811 1 NAVIGATION 0 1 10801716. -3566302. 1.29396962755e+14 1.29395570246e+14 0 0
34.838 1 ATTITUDE -0.008545 3.034424 -0.331055
34.844 1 DESIRED -0.03 -0.13 5. -85. -64. 815. 2.
34.847 1 IMU_MAG -0.193359 -0.995117 0.423828
34.848 1 DOWNLINK 4 823 1936
34.928 1 ATTITUDE -0.009766 3.015625 -0.331055
34.930 1 IMU_ACCEL 0.223633 -4.220703 8.603516
34.999 1 DOWNLINK_STATUS 35 28707 1287 0 797. 35. 25.55
35.046 1 ATTITUDE -0.010498 3.021973 -0.332764
35.053 1 DESIRED -0.03 -0.13 5. -85. -64. 815. 2.
35.059 1 GPS 0 1130805120 0 0 -17000 0 0 0 561000 12 2
35.062 1 IMU_GYRO -0.001953 0.000977 0.030029
35.064 1 GPS_SOL 798735424 108085 9999 0
35.090 1 NAVIGATION 0 1 10801716. -3566302. 1.29396962755e+14 1.29395570246e+14 0 0
35.126 1 ATTITUDE -0.009521 3.024658 -0.335449
35.130 1 ESTIMATOR -17. 0.
35.241 1 ATTITUDE -0.009277 3.010498 -0.337158
35.247 1 DESIRED -0.03 -0.13 5. -85. -64. 815. 2.
35.251 1 WP_MOVED 4 506240. 3566357.25 805. 12
35.255 1 NAVIGATION 0 1 10801716. -3566302. 1.29396962755e+14 1.29395570246e+14 0 0
35.284 1 GPS 0 1130805120 0 0 -17000 0 0 0 561250 12 3
35.314 1 NAVIGATION 0 1 10801716. -3566302. 1.29396962755e+14 1.29395570246e+14 0 0
35.341 1 ATTITUDE -0.011475 3.030273 -0.336914
35.345 1 BAT 0 123 0 0 0 53 53 0
35.435 1 ATTITUDE -0.010254 3.019043 -0.335693
35.440 1 DESIRED -0.03 -0.13 5. -85. -64. 815. 2.
35.441 1 DL_VALUE 2 815.
35.505 1 PONG 
35.531 1 ATTITUDE -0.013428 3.005859 -0.335205
35.537 1 GPS 0 1130805120 0 0 -17000 0 0 0 561500 12 4
35.563 1 NAVIGATION 0 1 10801716. -3566302. 1.29396962755e+14 1.29395570246e+14 0 0
35.642 1 ATTITUDE -0.015625 3.021729 -0.335449
35.648 1 DESIRED -0.03 -0.12 5. -85. -64. 815. 2.
35.649 1 ESTIMATOR -17. 0.
35.653 1 IMU_GYRO 0.010742 0.061279 0.010742
35.654 1 CALIBRATION 0. 0
35.733 1 ATTITUDE -0.01416 3.016846 -0.337402
35.737 1 WP_MOVED 5 506446.09375 3566366.5 820. 12
35.739 1 IMU_ACCEL 0.074219 -4.039062 8.794922
35.780 1 GPS 0 1130805120 0 0 -17000 0 0 0 561750 12 5
35.811 1 NAVIGATION 0 1 10801716. -3566302. 1.29396962755e+14 1.29395570246e+14 0 0
35.840 1 ATTITUDE -0.016357 3.02124 -0.339111
35.846 1 DESIRED -0.03 -0.12 5. -85. -64. 815. 2.
35.928 1 ATTITUDE -0.015869 2.997803 -0.339355
35.931 1 ENERGY 12.3 0. 0 0.
36.000 1 DOWNLINK_STATUS 36 29526 1324 0 819. 37. 27.74
36.040 1 ATTITUDE -0.015625 3.003906 -0.339355
36.046 1 DESIRED -0.03 -0.12 5. -85. -64. 815. 2.
36.050 1 GPS 0 1130805120 0 0 -17000 0 0 0 562000 12 6
36.072 1 NAVIGATION 0 1 10801716. -3566302. 1.29396962755e+14 1.29395570246e+14 0 0
36.133 1 ATTITUDE -0.01709 3.006836 -0.340332
36.135 1 ESTIMATOR -17. 0.
36.139 1 IMU_MAG -0.236328 -0.984375 0.431152
36.140 1 STATE_FILTER_STATUS 3 0
36.246 1 ATTITUDE -0.018311 2.996826 -0.341064
36.253 1 DESIRED -0.03 -0.12 5. -85. -64. 815. 2.
36.255 1 WP_MOVED 0 506377. 3566344. 757. 12
36.259 1 IMU_GYRO 0.026855 0.027832 0.018311
36.264 1 NAVIGATION 0 1 10801716. -3566302. 1.29396962755e+14 1.29395570246e+14 0 0
36.290 1 GPS 0 1130805120 0 0 -17000 0 0 0 562250 12 7
36.315 1 FBW_STATUS 0 49 0 123 0
36.319 1 NAVIGATION 0 1 10801716. -3566302. 1.29396962755e+14 1.29395570246e+14 0 0
36.347 1 ATTITUDE -0.018066 3.008789 -0.340332
36.437 1 ATTITUDE -0.015869 3.012939 -0.337891
36.443 1 DESIRED -0.03 -0.12 5. -85. -64. 815. 2.
36.445 1 BAT 0 123 0 0 0 54 54 0
36.535 1 ATTITUDE -0.015869 3.028076 -0.335205
36.541 1 GPS 0 1130805120 0 0 -17000 0 0 0 562500 12 8
36.544 1 IMU_ACCEL 0.298828 -4.112305 8.451172
36.570 1 NAVIGATION 0 1 10801716. -3566302. 1.29396962755e+14 1.29395570246e+14 0 0
36.635 1 ATTITUDE -0.017822 3.039551 -0.334229
36.641 1 DESIRED -0.03 -0.12 5. -85. -64. 815. 2.
36.643 1 ESTIMATOR -17. 0.
36.728 1 ATTITUDE -0.015625 3.007324 -0.334717
36.732 1 WP_MOVED 1 506335. 3566302. 765. 12
36.780 1 GPS 0 1130805120 0 0 -17000 0 0 0 562750 12 9
36.810 1 NAVIGATION 0 1 10801716. -3566302. 1.29396962755e+14 1.29395570246e+14 0 0
36.836 1 ATTITUDE -0.018311 3.024414 -0.33667
36.841 1 DESIRED -0.03 -0.12 5. -85. -64. 815. 2.
36.844 1 IMU_GYRO 0.003174 0.056885 0.029053
36.925 1 ATTITUDE -0.015137 3.022705 -0.338135
36.927 1 DL_VALUE 3 0.
37.001 1 DOWNLINK_STATUS 37 30332 1360 0 806. 36. 27.74
37.043 1 ATTITUDE -0.017334 3.009033 -0.339844
37.049 1 DESIRED -0.03 -0.12 5. -85. -64. 815. 2.
37.053 1 GPS 0 1130805120 0 0 -17000 0 0 0 563000 12 10
37.056 1 GPS_SOL 798758208 108112 9999 0
37.087 1 NAVIGATION 0 1 10801716. -3566302. 1.29396962755e+14 1.29395570246e+14 0 0
37.126 1 ATTITUDE -0.016113 3.009521 -0.340576
37.128 1 ESTIMATOR -17. 0.
37.241 1 ATTITUDE -0.016602 3.00415 -0.338867
37.247 1 DESIRED -0.03 -0.12 5. -85. -64. 815. 2.
37.251 1 WP_MOVED 2 506250.1875 3566238.5 815. 12
37.256 1 NAVIGATION 0 1 10801716. -3566302. 1.29396962755e+14 1.29395570246e+14 0 0
37.282 1 GPS 0 1130805120 0 0 -17000 0 0 0 563250 12 11
