20.599 1 GPS 0 1130805120 0 0 -17000 0 0 0 86250 12 10
20.631 1 NAVIGATION 0 2 10801716. -3566302. 1.29394907546e+14 1.29395570246e+14 0 0
20.646 1 ATTITUDE -0.082275 2.506348 -0.099121
20.652 1 DESIRED -0.01 0.14 5. 16. -45. 805. 2.
20.746 1 ATTITUDE -0.082275 2.506592 -0.098877
20.846 1 ATTITUDE -0.08252 2.506836 -0.098633
20.852 1 DESIRED -0.01 0.14 5. 16. -45. 805. 2.
20.858 1 GPS 0 1130805120 0 0 -17000 0 0 0 86500 12 11
20.861 1 GPS_SOL 649519232 5025 9999 0
20.881 1 NAVIGATION 0 2 10801716. -3566302. 1.29394907546e+14 1.29395570246e+14 0 0
20.946 1 ATTITUDE -0.082275 2.506836 -0.099609
20.949 1 ESTIMATOR -17.000002 -4e-06
20.950 1 STATE_FILTER_STATUS 3 0
21.046 1 ATTITUDE -0.082275 2.506836 -0.101807
21.052 1 DESIRED -0.01 0.14 5. 16. -45. 805. 2.
21.056 1 WP_MOVED 4 506374.40625 3566337.75 805. 12
21.059 1 IMU_GYRO -0.00415 -0.071289 0.00415
21.063 1 NAVIGATION 0 2 10801716. -3566302. 1.29394907546e+14 1.29395570246e+14 0 0
21.065 1 CALIBRATION -18. 0
21.099 1 GPS 0 1130805120 0 0 -17000 0 0 0 86750 12 12
21.131 1 NAVIGATION 0 2 10801716. -3566302. 1.29394907546e+14 1.29395570246e+14 0 0
21.146 1 ATTITUDE -0.08252 2.50708 -0.104248
21.149 1 IMU_ACCEL -1.027344 0.848633 -9.945312
21.150 1 DOWNLINK_STATUS 1 873 40 0 873. 40. 0.
21.246 1 ATTITUDE -0.08252 2.507812 -0.102539
21.252 1 DESIRED -0.01 0.14 5. 16. -45. 805. 2.
21.256 1 BAT -128 0 0 0 1 87 85 0
21.346 1 ATTITUDE -0.082764 2.508545 -0.10083
21.352 1 GPS 0 1130805120 0 0 -17000 0 0 0 87000 12 13
21.381 1 NAVIGATION 0 2 10801716. -3566302. 1.29394907546e+14 1.29395570246e+14 0 0
21.446 1 ATTITUDE -0.083008 2.508789 -0.100342
21.452 1 DESIRED -0.01 0.14 5. 16. -45. 805. 2.
21.455 1 ESTIMATOR -17.000002 -3e-06
21.546 1 ATTITUDE -0.082764 2.508789 -0.101074
21.550 1 WP_MOVED 5 506402.3125 3566363.25 820. 12
21.599 1 GPS 0 1130805120 0 0 -17000 0 0 0 87250 12 14
21.631 1 NAVIGATION 0 2 10801716. -3566302. 1.29394907546e+14 1.29395570246e+14 0 0
21.646 1 ATTITUDE -0.08252 2.508789 -0.101562
21.652 1 DESIRED -0.01 0.14 5. 16. -45. 805. 2.
21.655 1 IMU_GYRO -0.006348 0. 0.018066
21.746 1 ATTITUDE -0.08252 2.508545 -0.101562
21.749 1 IMU_MAG -0.692871 -1.316895 3.021484
21.751 1 DL_VALUE 10 0.
21.846 1 ATTITUDE -0.08252 2.509033 -0.102051
21.852 1 DESIRED -0.01 0.14 5. 16. -45. 805. 2.
21.858 1 GPS 0 1130805120 0 0 -17000 0 0 0 87500 12 15
21.881 1 NAVIGATION 0 2 10801716. -3566302. 1.29394907546e+14 1.29395570246e+14 0 0
21.946 1 ATTITUDE -0.08252 2.508789 -0.101807
21.949 1 ESTIMATOR -17.000002 -2e-06
21.952 1 IMU_ACCEL -0.999023 0.810547 -9.935547
22.046 1 ATTITUDE -0.08252 2.509033 -0.102051
22.052 1 DESIRED -0.01 0.14 5. 16. -45. 805. 2.
22.056 1 WP_MOVED 6 506374.40625 3566337.75 820. 12
22.060 1 NAVIGATION 0 2 10801716. -3566302. 1.29394907546e+14 1.29395570246e+14 0 0
22.099 1 GPS 0 1130805120 0 0 -17000 0 0 0 87750 12 16
22.129 1 FBW_STATUS 0 45 1 0 0
22.133 1 NAVIGATION 0 2 10801716. -3566302. 1.29394907546e+14 1.29395570246e+14 0 0
22.146 1 ATTITUDE -0.082764 2.508789 -0.101807
22.151 1 DOWNLINK_STATUS 2 1652 74 0 779. 34. 0.
22.246 1 ATTITUDE -0.082764 2.509033 -0.101562
22.252 1 DESIRED -0.01 0.14 5. 16. -45. 805. 2.
22.276 1 IMU_GYRO -0.008301 0.006348 0.019043
22.346 1 ATTITUDE -0.083008 2.509521 -0.10083
22.352 1 GPS 0 1130805120 0 0 -17000 0 0 0 88000 12 1
22.355 1 BAT -128 0 0 0 1 88 86 0
22.357 1 DOWNLINK 9 815 3234
22.381 1 NAVIGATION 0 2 10801716. -3566302. 1.29394907546e+14 1.29395570246e+14 0 0
22.446 1 ATTITUDE -0.082764 2.509521 -0.101318
22.452 1 DESIRED -0.01 0.14 5. 16. -45. 805. 2.
22.454 1 ESTIMATOR -17.000002 -2e-06
22.546 1 ATTITUDE -0.082764 2.51001 -0.101562
22.550 1 WP_MOVED 7 506350.5 3566270.75 805. 12
22.599 1 GPS 0 1130805120 0 0 -17000 0 0 0 88250 12 2
22.631 1 NAVIGATION 0 2 10801716. -3566302. 1.29394907546e+14 1.29395570246e+14 0 0
22.646 1 ATTITUDE -0.08252 2.509766 -0.101562
22.652 1 DESIRED -0.01 0.14 5. 16. -45. 805. 2.
22.746 1 ATTITUDE -0.08252 2.51001 -0.101318
22.749 1 IMU_ACCEL -1.041992 0.825195 -9.94043
22.753 1 ENERGY 0. 0. 0 0.
22.846 1 ATTITUDE -0.083496 2.509277 -0.106445
22.852 1 DESIRED -0.01 0.14 5. 16. -45. 805. 2.
22.858 1 GPS 0 1130805120 0 0 -17000 0 0 0 88500 12 3
22.860 1 IMU_GYRO -0.010498 -0.121094 -0.003174
22.863 1 GPS_SOL 649519232 5074 9999 0
22.881 1 NAVIGATION 0 2 10801716. -3566302. 1.29394907546e+14 1.29395570246e+14 0 0
22.946 1 ATTITUDE -0.083008 2.510498 -0.108154
22.948 1 ESTIMATOR -17.000002 -1e-06
23.046 1 ATTITUDE -0.08252 2.511719 -0.105225
23.052 1 DESIRED -0.01 0.14 5. 16. -45. 805. 2.
23.054 1 WP_MOVED 8 506254.8125 3566257.5 815. 12
23.060 1 NAVIGATION 0 2 10801716. -3566302. 1.29394907546e+14 1.29395570246e+14 0 0
23.062 1 IMU_MAG -0.69043 -1.316895 3.018555
23.099 1 GPS 0 1130805120 0 0 -17000 0 0 0 88750 12 4
23.131 1 NAVIGATION 0 2 10801716. -3566302. 1.29394907546e+14 1.29395570246e+14 0 0
23.146 1 ATTITUDE -0.082275 2.512207 -0.104736
23.148 1 CALIBRATION -18. 0
23.150 1 STATE_FILTER_STATUS 3 0
23.152 1 DOWNLINK_STATUS 3 2492 112 0 840. 38. 0.
23.246 1 ATTITUDE -0.082275 2.511963 -0.110107
23.252 1 DESIRED -0.01 0.14 5. 16. -45. 805. 2.
23.254 1 DL_VALUE 11 1.
23.346 1 ATTITUDE -0.081787 2.512451 -0.114258
23.357 1 GPS 0 1130805120 0 0 -17000 0 0 0 89000 12 5
23.381 1 NAVIGATION 0 2 10801716. -3566302. 1.29394907546e+14 1.29395570246e+14 0 0
23.446 1 ATTITUDE -0.081543 2.513428 -0.115234
23.457 1 DESIRED -0.01 0.14 5. 16. -45. 805. 2.
23.457 1 ESTIMATOR -17.000002 -1e-06
23.458 1 IMU_GYRO -0.001953 -0.043457 0.015869
23.461 1 BAT -128 0 0 0 1 89 87 0
23.546 1 ATTITUDE -0.081299 2.513916 -0.12085
23.550 1 WP_MOVED 9 506213.8125 3566287.5 815. 12
23.553 1 IMU_ACCEL -1.094727 0.805664 -9.96875
23.599 1 GPS 0 1130805120 0 0 -17000 0 0 0 89250 12 6
23.631 1 NAVIGATION 0 2 10801716. -3566302. 1.29394907546e+14 1.29395570246e+14 0 0
23.646 1 ATTITUDE -0.08252 2.515869 -0.112305
23.652 1 DESIRED -0.01 0.14 5. 16. -45. 805. 2.
23.746 1 ATTITUDE -0.08374 2.51709 -0.108154
23.846 1 ATTITUDE -0.083496 2.517578 -0.105713
23.852 1 DESIRED -0.01 0.14 5. 16. -45. 805. 2.
23.858 1 GPS 0 1130805120 0 0 -17000 0 0 0 89500 12 7
23.882 1 NAVIGATION 0 2 10801716. -3566302. 1.29394907546e+14 1.29395570246e+14 0 0
23.946 1 ATTITUDE -0.083496 2.51709 -0.106445
23.947 1 ESTIMATOR -17.000002 -0.
24.046 1 ATTITUDE -0.082764 2.516602 -0.112061
24.052 1 DESIRED -0.01 0.14 5. 16. -45. 805. 2.
24.055 1 WP_MOVED 0 506377. 3566344. 757. 12
24.059 1 IMU_GYRO 0.078613 -0.398926 0.005127
24.063 1 NAVIGATION 0 2 10801716. -3566302. 1.29394907546e+14 1.29395570246e+14 0 0
24.100 1 GPS 0 1130805120 0 0 -17000 0 0 0 89750 12 8
24.129 1 FBW_STATUS 0 46 1 0 0
24.133 1 NAVIGATION 0 2 10801716. -3566302. 1.29394907546e+14 1.29395570246e+14 0 0
24.146 1 ATTITUDE -0.076416 2.517578 -0.145264
24.153 1 DOWNLINK_STATUS 4 3271 146 0 779. 34. 0.
24.229 1 COMMANDS -128,453,1679,0
24.246 1 ATTITUDE -0.07373 2.519287 -0.168457
24.252 1 DESIRED -0.01 0.14 5. 16. -45. 805. 2.
24.329 1 ACTUATORS 1000,1441,1580,1500
24.346 1 ATTITUDE -0.07373 2.522949 -0.168945
24.352 1 GPS 0 1130805120 0 0 -17000 0 0 0 90000 12 9
24.355 1 IMU_ACCEL -1.652344 0.782227 -9.77832
24.358 1 IMU_MAG -0.558105 -1.287598 3.035645
24.381 1 NAVIGATION 0 2 10801716. -3566302. 1.29394907546e+14 1.29395570246e+14 0 0
24.446 1 ATTITUDE -0.07373 2.525879 -0.169434
24.452 1 DESIRED -0.01 0.14 5. 16. -45. 805. 2.
24.454 1 ESTIMATOR -17.000002 0.
24.546 1 ATTITUDE -0.073486 2.528076 -0.169922
24.550 1 WP_MOVED 1 506335. 3566302. 765. 12
24.553 1 BAT -128 0 0 0 1 90 88 0
24.599 1 GPS 0 1130805120 0 0 -17000 0 0 0 90250 12 10
24.631 1 NAVIGATION 0 2 10801716. -3566302. 1.29394907546e+14 1.29395570246e+14 0 0
24.646 1 ATTITUDE -0.073486 2.530273 -0.17041
24.652 1 DESIRED -0.01 0.14 5. 16. -45. 805. 2.
24.655 1 IMU_GYRO -0.006348 -0.009521 0.018066
24.746 1 ATTITUDE -0.073486 2.532227 -0.170654
24.748 1 DL_VALUE 0 0.
24.846 1 ATTITUDE -0.073486 2.533936 -0.170654
24.852 1 DESIRED -0.01 0.14 5. 16. -45. 805. 2.
24.858 1 GPS 0 1130805120 0 0 -17000 0 0 0 90500 12 11
24.861 1 GPS_SOL 649519232 5123 9999 0
24.882 1 NAVIGATION 0 2 10801716. -3566302. 1.29394907546e+14 1.29395570246e+14 0 0
24.946 1 ATTITUDE -0.073486 2.535645 -0.170898
24.948 1 ESTIMATOR -17.000002 1e-06
25.046 1 ATTITUDE -0.073486 2.536865 -0.171143
25.052 1 DESIRED -0.01 0.14 5. 16. -45. 805. 2.
25.055 1 WP_MOVED 2 506254.8125 3566257.5 815. 12
25.060 1 NAVIGATION 0 2 10801716. -3566302. 1.29394907546e+14 1.29395570246e+14 0 0
25.099 1 GPS 0 1130805120 0 0 -17000 0 0 0 90750 12 12
25.131 1 NAVIGATION 0 2 10801716. -3566302. 1.29394907546e+14 1.29395570246e+14 0 0
25.146 1 ATTITUDE -0.073486 2.537842 -0.171387
25.149 1 IMU_ACCEL -1.670898 0.695312 -9.821289
25.153 1 DOWNLINK_STATUS 5 4101 183 0 830. 37. 0.
25.246 1 ATTITUDE -0.073242 2.538574 -0.171387
25.252 1 DESIRED -0.01 0.14 5. 16. -45. 805. 2.
25.255 1 IMU_GYRO -0.00415 -0.005127 0.018066
25.257 1 CALIBRATION -18. 0
25.260 1 ENERGY 0. 0. 0 0.
25.346 1 ATTITUDE -0.073242 2.539062 -0.171387
25.352 1 GPS 0 1130805120 0 0 -17000 0 0 0 91000 12 13
25.353 1 STATE_FILTER_STATUS 3 0
25.357 1 ALIVE 252,192,30,119,76,2,109,81,4,151,152,78,131,68,22,125
25.381 1 NAVIGATION 0 2 10801716. -3566302. 1.29394907546e+14 1.29395570246e+14 0 0
25.446 1 ATTITUDE -0.073486 2.539551 -0.171631
25.452 1 DESIRED -0.01 0.14 5. 16. -45. 805. 2.
25.454 1 ESTIMATOR -17.000002 1e-06
25.456 1 PPRZ_MODE 1 3 3 0 0 21
25.546 1 ATTITUDE -0.073486 2.540283 -0.171875
25.549 1 WP_MOVED 3 506350.5 3566257. 805. 12
25.599 1 GPS 0 1130805120 0 0 -17000 0 0 0 91250 12 14
25.631 1 NAVIGATION 0 2 10801716. -3566302. 1.29394907546e+14 1.29395570246e+14 0 0
25.646 1 ATTITUDE -0.073242 2.540527 -0.171875
25.652 1 DESIRED -0.01 0.14 5. 16. -45. 805. 2.
25.655 1 BAT -128 0 0 0 1 91 89 0
25.658 1 IMU_MAG -0.550781 -1.287598 3.032715
25.660 1 PONG 
25.746 1 ATTITUDE -0.073242 2.541016 -0.172363
25.749 1 NAVIGATION_REF 506335 3566302 12
25.846 1 ATTITUDE -0.073486 2.541504 -0.172607
25.852 1 DESIRED -0.01 0.14 5. 16. -45. 805. 2.
25.858 1 GPS 0 1130805120 0 0 -17000 0 0 0 91500 12 15
25.861 1 IMU_GYRO -0.006348 -0.006348 0.018066
25.881 1 NAVIGATION 0 2 10801716. -3566302. 1.29394907546e+14 1.29395570246e+14 0 0
25.946 1 ATTITUDE -0.073486 2.541992 -0.172852
25.948 1 ESTIMATOR -17.000002 2e-06
25.952 1 IMU_ACCEL -1.714844 0.733398 -9.788086
26.046 1 ATTITUDE -0.073486 2.541992 -0.172852
26.052 1 DESIRED -0.01 0.14 5. 16. -45. 805. 2.
26.055 1 WP_MOVED 4 506374.40625 3566337.75 805. 12
26.060 1 NAVIGATION 0 2 10801716. -3566302. 1.29394907546e+14 1.29395570246e+14 0 0
26.099 1 GPS 0 1130805120 0 0 -17000 0 0 0 91750 12 16
26.131 1 NAVIGATION 0 2 10801716. -3566302. 1.29394907546e+14 1.29395570246e+14 0 0
26.133 1 FBW_STATUS 0 46 1 0 0
26.146 1 ATTITUDE -0.073242 2.542236 -0.172852
26.154 1 DOWNLINK_STATUS 6 4983 224 0 882. 41. 9.01
26.246 1 ATTITUDE -0.073242 2.542236 -0.173096
26.252 1 DESIRED -0.01 0.14 5. 16. -45. 805. 2.
26.254 1 DL_VALUE 1 0.
26.346 1 ATTITUDE -0.073486 2.542725 -0.17334
26.352 1 GPS 0 1130805120 0 0 -17000 0 0 0 92000 12 1
26.381 1 NAVIGATION 0 2 10801716. -3566302. 1.29394907546e+14 1.29395570246e+14 0 0
26.446 1 ATTITUDE -0.073486 2.542725 -0.173584
26.452 1 DESIRED -0.01 0.14 5. 16. -45. 805. 2.
26.454 1 ESTIMATOR -17.000002 3e-06
26.457 1 IMU_GYRO -0.00415 -0.006348 0.018066
26.546 1 ATTITUDE -0.073486 2.543213 -0.173584
26.549 1 WP_MOVED 5 506402.3125 3566363.25 820. 12
26.599 1 GPS 0 1130805120 0 0 -17000 0 0 0 92250 12 2
26.631 1 NAVIGATION 0 2 10801716. -3566302. 1.29394907546e+14 1.29395570246e+14 0 0
26.646 1 ATTITUDE -0.073242 2.543457 -0.173828
26.652 1 DESIRED -0.01 0.14 5. 16. -45. 805. 2.
26.746 1 ATTITUDE -0.073486 2.543945 -0.173828
26.749 1 IMU_ACCEL -1.719727 0.733398 -9.754883
26.752 1 BAT -128 0 0 0 1 92 90 0
26.846 1 ATTITUDE -0.073242 2.544434 -0.174072
26.852 1 DESIRED -0.01 0.14 5. 16. -45. 805. 2.
26.858 1 GPS 0 1130805120 0 0 -17000 0 0 0 92500 12 3
26.860 1 GPS_SOL 649519232 5172 9999 0
26.881 1 NAVIGATION 0 2 10801716. -3566302. 1.29394907546e+14 1.29395570246e+14 0 0
26.946 1 ATTITUDE -0.073242 2.544434 -0.174316
26.948 1 ESTIMATOR -17.000002 3e-06
26.951 1 IMU_MAG -0.553223 -1.293457 3.032715
27.046 1 ATTITUDE -0.073242 2.544678 -0.174561
27.052 1 DESIRED -0.01 0.14 5. 16. -45. 805. 2.
27.055 1 WP_MOVED 6 506374.40625 3566337.75 820. 12
27.058 1 IMU_GYRO -0.006348 -0.001953 0.018066
27.064 1 NAVIGATION 0 2 10801716. -3566302. 1.29394907546e+14 1.29395570246e+14 0 0
27.098 1 GPS 0 1130805120 0 0 -17000 0 0 0 92750 12 4
27.131 1 NAVIGATION 0 2 10801716. -3566302. 1.29394907546e+14 1.29395570246e+14 0 0
27.146 1 ATTITUDE -0.073242 2.545166 -0.174561
27.155 1 DOWNLINK_STATUS 7 5783 259 0 800. 35. 9.01
27.246 1 ATTITUDE -0.073242 2.545166 -0.174561
27.252 1 DESIRED -0.01 0.14 5. 16. -45. 805. 2.
27.346 1 ATTITUDE -0.073242 2.544678 -0.174561
27.352 1 GPS 0 1130805120 0 0 -17000 0 0 0 93000 12 5
27.353 1 CALIBRATION -18. 0
27.381 1 NAVIGATION 0 2 10801716. -3566302. 1.29394907546e+14 1.29395570246e+14 0 0
27.446 1 ATTITUDE -0.073242 2.544434 -0.174805
27.452 1 DESIRED -0.01 0.14 5. 16. -45. 805. 2.
27.454 1 ESTIMATOR -17.000002 4e-06
27.456 1 DOWNLINK 9 822 3422
27.546 1 ATTITUDE -0.073242 2.544434 -0.175049
27.549 1 WP_MOVED 7 506350.5 3566270.75 805. 12
27.552 1 IMU_ACCEL -1.75293 0.705078 -9.835938
27.554 1 STATE_FILTER_STATUS 3 0
27.602 1 GPS 0 1130805120 0 0 -17000 0 0 0 93250 12 6
27.638 1 NAVIGATION 0 2 10801716. -3566302. 1.29394907546e+14 1.29395570246e+14 0 0
27.646 1 ATTITUDE -0.073242 2.544922 -0.175049
27.652 1 DESIRED -0.01 0.14 5. 16. -45. 805. 2.
27.654 1 IMU_GYRO -0.006348 -0.003174 0.018066
27.746 1 ATTITUDE -0.072998 2.544922 -0.175293
27.747 1 DL_VALUE 2 805.
27.751 1 ENERGY 0. 0. 0 0.
27.846 1 ATTITUDE -0.072998 2.544922 -0.175293
27.854 1 DESIRED -0.01 0.14 5. 16. -45. 805. 2.
27.857 1 GPS 0 1130805120 0 0 -17000 0 0 0 93500 12 7
27.861 1 BAT -128 0 0 0 1 93 91 0
27.881 1 NAVIGATION 0 2 10801716. -3566302. 1.29394907546e+14 1.29395570246e+14 0 0
27.946 1 ATTITUDE -0.072998 2.544678 -0.175537
27.948 1 ESTIMATOR -16.999998 4e-06
28.046 1 ATTITUDE -0.073242 2.545166 -0.175537
28.053 1 DESIRED -0.01 0.14 5. 16. -45. 805. 2.
28.055 1 WP_MOVED 8 506254.8125 3566257.5 815. 12
28.060 1 NAVIGATION 0 2 10801716. -3566302. 1.29394907546e+14 1.29395570246e+14 0 0
28.098 1 GPS 0 1130805120 0 0 -17000 0 0 0 93750 12 8
28.131 1 NAVIGATION 0 2 10801716. -3566302. 1.29394907546e+14 1.29395570246e+14 0 0
28.133 1 FBW_STATUS 0 46 1 0 0
28.147 1 ATTITUDE -0.073242 2.54541 -0.175781
28.156 1 DOWNLINK_STATUS 8 6595 296 0 812. 37. 9.01
28.246 1 ATTITUDE -0.073242 2.545654 -0.175781
28.252 1 DESIRED -0.01 0.14 5. 16. -45. 805. 2.
28.255 1 IMU_GYRO -0.006348 -0.005127 0.018066
28.258 1 IMU_MAG -0.550781 -1.276367 3.023926
28.346 1 ATTITUDE -0.073242 2.546143 -0.175781
28.352 1 GPS 0 1130805120 0 0 -17000 0 0 0 94000 12 9
28.355 1 IMU_ACCEL -1.729492 0.729492 -9.821289
28.381 1 NAVIGATION 0 2 10801716. -3566302. 1.29394907546e+14 1.29395570246e+14 0 0
28.446 1 ATTITUDE -0.073242 2.546143 -0.176025
28.454 1 DESIRED -0.01 0.14 5. 16. -45. 805. 2.
28.455 1 ESTIMATOR -16.999998 3e-06
28.546 1 ATTITUDE -0.073242 2.546143 -0.175781
28.549 1 WP_MOVED 9 506213.8125 3566287.5 815. 12
28.598 1 GPS 0 1130805120 0 0 -17000 0 0 0 94250 12 10
28.631 1 NAVIGATION 0 2 10801716. -3566302. 1.29394907546e+14 1.29395570246e+14 0 0
28.646 1 ATTITUDE -0.073486 2.546875 -0.176025
28.652 1 DESIRED -0.01 0.14 5. 16. -45. 805. 2.
28.746 1 ATTITUDE -0.073486 2.547119 -0.176025
28.846 1 ATTITUDE -0.073242 2.546875 -0.176758
28.852 1 DESIRED -0.01 0.14 5. 16. -45. 805. 2.
28.857 1 GPS 0 1130805120 0 0 -17000 0 0 0 94500 12 11
28.860 1 IMU_GYRO -0.00415 -0.008301 0.018066
28.863 1 GPS_SOL 649519232 5220 9999 0
28.881 1 NAVIGATION 0 2 10801716. -3566302. 1.29394907546e+14 1.29395570246e+14 0 0
28.946 1 ATTITUDE -0.073242 2.547119 -0.177246
28.948 1 ESTIMATOR -16.999998 3e-06
28.952 1 BAT -128 0 0 0 1 94 92 0
29.046 1 ATTITUDE -0.073486 2.547119 -0.178223
29.052 1 DESIRED -0.01 0.14 5. 16. -45. 805. 2.
29.055 1 WP_MOVED 0 506377. 3566344. 757. 12
29.060 1 NAVIGATION 0 2 10801716. -3566302. 1.29394907546e+14 1.29395570246e+14 0 0
29.098 1 GPS 0 1130805120 0 0 -17000 0 0 0 94750 12 12
29.131 1 NAVIGATION 0 2 10801716. -3566302. 1.29394907546e+14 1.29395570246e+14 0 0
29.146 1 ATTITUDE -0.073486 2.547119 -0.178223
29.149 1 IMU_ACCEL -1.757812 0.719727 -9.77832
29.157 1 DOWNLINK_STATUS 9 7402 331 0 807. 35. 9.01
29.229 1 COMMANDS -128,451,1746,0
29.246 1 ATTITUDE -0.073486 2.547363 -0.178467
29.252 1 DESIRED -0.01 0.14 5. 16. -45. 805. 2.
29.254 1 DL_VALUE 3 0.
29.329 1 ACTUATORS 1000,1438,1583,1500
29.346 1 ATTITUDE -0.073486 2.547363 -0.178467
29.351 1 GPS 0 1130805120 0 0 -17000 0 0 0 95000 12 13
29.381 1 NAVIGATION 0 2 10801716. -3566302. 1.29394907546e+14 1.29395570246e+14 0 0
29.446 1 ATTITUDE -0.073242 2.547119 -0.178467
29.452 1 DESIRED -0.01 0.14 5. 16. -45. 805. 2.
29.454 1 ESTIMATOR -16.999998 2e-06
29.457 1 IMU_GYRO -0.006348 -0.006348 0.018066
29.459 1 CALIBRATION -18. 0
29.546 1 ATTITUDE -0.073242 2.547119 -0.178711
29.549 1 WP_MOVED 1 506335. 3566302. 765. 12
29.552 1 IMU_MAG -0.54834 -1.287598 3.035645
29.598 1 GPS 0 1130805120 0 0 -17000 0 0 0 95250 12 14
29.631 1 NAVIGATION 0 2 10801716. -3566302. 1.29394907546e+14 1.29395570246e+14 0 0
29.646 1 ATTITUDE -0.073242 2.547363 -0.178711
29.652 1 DESIRED -0.01 0.14 5. 16. -45. 805. 2.
29.746 1 ATTITUDE -0.073242 2.547119 -0.178711
29.746 1 STATE_FILTER_STATUS 3 0
29.846 1 ATTITUDE -0.073242 2.547119 -0.178711
29.852 1 DESIRED -0.01 0.14 5. 16. -45. 805. 2.
29.857 1 GPS 0 1130805120 0 0 -17000 0 0 0 95500 12 15
29.880 1 NAVIGATION 0 2 10801716. -3566302. 1.29394907546e+14 1.29395570246e+14 0 0
29.946 1 ATTITUDE -0.073242 2.547119 -0.178711
29.948 1 ESTIMATOR -16.999998 1e-06
29.951 1 IMU_ACCEL -1.767578 0.762695 -9.797852
30.046 1 ATTITUDE -0.073242 2.547119 -0.178955
30.052 1 DESIRED -0.01 0.14 5. 16. -45. 805. 2.
30.055 1 WP_MOVED 2 506254.8125 3566257.5 815. 12
30.058 1 IMU_GYRO -0.006348 -0.003174 0.018066
30.063 1 NAVIGATION 0 2 10801716. -3566302. 1.29394907546e+14 1.29395570246e+14 0 0
30.098 1 GPS 0 1130805120 0 0 -17000 0 0 0 95750 12 16
30.130 1 NAVIGATION 0 2 10801716. -3566302. 1.29394907546e+14 1.29395570246e+14 0 0
30.133 1 FBW_STATUS 0 46 1 0 0
30.146 1 ATTITUDE -0.073486 2.547363 -0.178955
30.158 1 DOWNLINK_STATUS 10 8229 369 0 827. 38. 9.01
30.246 1 ATTITUDE -0.073486 2.547119 -0.178955
30.252 1 DESIRED -0.01 0.14 5. 16. -45. 805. 2.
30.255 1 ENERGY 0. 0. 0 0.
30.348 1 ATTITUDE -0.073486 2.547363 -0.179199
30.351 1 GPS 0 1130805120 0 0 -17000 0 0 0 96000 12 1
30.355 1 ALIVE 252,192,30,119,76,2,109,81,4,151,152,78,131,68,22,125
30.380 1 NAVIGATION 0 2 10801716. -3566302. 1.29394907546e+14 1.29395570246e+14 0 0
30.446 1 ATTITUDE -0.073486 2.547852 -0.179199
30.452 1 DESIRED -0.01 0.14 5. 16. -45. 805. 2.
30.454 1 ESTIMATOR -16.999998 1e-06
30.455 1 PPRZ_MODE 1 3 3 0 0 21
30.546 1 ATTITUDE -0.073486 2.548096 -0.179199
30.549 1 WP_MOVED 3 506350.5 3566257. 805. 12
30.598 1 GPS 0 1130805120 0 0 -17000 0 0 0 96250 12 2
30.631 1 NAVIGATION 0 2 10801716. -3566302. 1.29394907546e+14 1.29395570246e+14 0 0
30.646 1 ATTITUDE -0.073486 2.548096 -0.179199
30.652 1 DESIRED -0.01 0.14 5. 16. -45. 805. 2.
30.655 1 IMU_GYRO -0.006348 -0.00415 0.019043
30.656 1 PONG 
30.748 1 ATTITUDE -0.073486 2.548096 -0.179443
30.749 1 IMU_ACCEL -1.810547 0.733398 -9.821289
30.751 1 DL_VALUE 4 0.
30.849 1 ATTITUDE -0.073486 2.548584 -0.179443
30.852 1 DESIRED -0.01 0.14 5. 16. -45. 805. 2.
30.857 1 GPS 0 1130805120 0 0 -17000 0 0 0 96500 12 3
30.860 1 IMU_MAG -0.536133 -1.290527 3.029785
30.863 1 GPS_SOL 649519232 5268 9999 0
30.885 1 NAVIGATION 0 2 10801716. -3566302. 1.29394907546e+14 1.29395570246e+14 0 0
30.946 1 ATTITUDE -0.073486 2.549072 -0.179443
30.950 1 ESTIMATOR -16.999998 0.
31.046 1 ATTITUDE -0.073486 2.548828 -0.179443
31.052 1 DESIRED -0.01 0.14 5. 16. -45. 805. 2.
31.055 1 WP_MOVED 4 506374.40625 3566337.75 805. 12
31.060 1 NAVIGATION 0 2 10801716. -3566302. 1.29394907546e+14 1.29395570246e+14 0 0
31.098 1 GPS 0 1130805120 0 0 -17000 0 0 0 96750 12 4
31.130 1 NAVIGATION 0 2 10801716. -3566302. 1.29394907546e+14 1.29395570246e+14 0 0
31.146 1 ATTITUDE -0.073242 2.548828 -0.179443
31.149 1 BAT -128 0 0 0 1 97 95 0
31.159 1 DOWNLINK_STATUS 11 9072 407 0 843. 38. 5.01
31.246 1 ATTITUDE -0.073486 2.548584 -0.179443
31.252 1 DESIRED -0.01 0.14 5. 16. -45. 805. 2.
31.255 1 IMU_GYRO -0.006348 -0.00415 0.019043
31.346 1 ATTITUDE -0.073486 2.548584 -0.179443
31.351 1 GPS 0 1130805120 0 0 -17000 0 0 0 97000 12 5
31.380 1 NAVIGATION 0 2 10801716. -3566302. 1.29394907546e+14 1.29395570246e+14 0 0
31.446 1 ATTITUDE -0.073242 2.54834 -0.179443
31.452 1 DESIRED -0.01 0.14 5. 16. -45. 805. 2.
31.454 1 ESTIMATOR -16.999998 -0.
31.546 1 ATTITUDE -0.073242 2.54834 -0.179688
31.549 1 WP_MOVED 5 506402.3125 3566363.25 820. 12
31.552 1 IMU_ACCEL -1.782227 0.75293 -9.77832
31.554 1 CALIBRATION -18. 0
31.601 1 GPS 0 1130805120 0 0 -17000 0 0 0 97250 12 6
31.630 1 NAVIGATION 0 2 10801716. -3566302. 1.29394907546e+14 1.29395570246e+14 0 0
31.646 1 ATTITUDE -0.073242 2.54834 -0.179688
31.651 1 DESIRED -0.01 0.14 5. 16. -45. 805. 2.
31.746 1 ATTITUDE -0.073242 2.54834 -0.179688
31.846 1 ATTITUDE -0.073242 2.54834 -0.179688
31.851 1 DESIRED -0.01 0.14 5. 16. -45. 805. 2.
31.857 1 GPS 0 1130805120 0 0 -17000 0 0 0 97500 12 7
31.860 1 IMU_GYRO -0.006348 -0.003174 0.018066
31.880 1 NAVIGATION 0 2 10801716. -3566302. 1.29394907546e+14 1.29395570246e+14 0 0
31.946 1 ATTITUDE -0.073242 2.54834 -0.179443
31.948 1 ESTIMATOR -16.999998 -1e-06
31.950 1 STATE_FILTER_STATUS 3 0
32.046 1 ATTITUDE -0.073242 2.548096 -0.179443
32.051 1 DESIRED -0.01 0.14 5. 16. -45. 805. 2.
32.055 1 WP_MOVED 6 506374.40625 3566337.75 820. 12
32.059 1 NAVIGATION 0 2 10801716. -3566302. 1.29394907546e+14 1.29395570246e+14 0 0
32.098 1 GPS 0 1130805120 0 0 -17000 0 0 0 97750 12 8
32.128 1 FBW_STATUS 0 46 1 0 0
32.133 1 NAVIGATION 0 2 10801716. -3566302. 1.29394907546e+14 1.29395570246e+14 0 0
32.146 1 ATTITUDE -0.073242 2.54834 -0.179443
32.149 1 IMU_MAG -0.541016 -1.293457 3.041504
32.160 1 DOWNLINK_STATUS 12 9858 442 0 786. 35. 5.01
32.246 1 ATTITUDE -0.073242 2.548096 -0.179688
32.251 1 DESIRED -0.01 0.14 5. 16. -45. 805. 2.
32.255 1 BAT -128 0 0 0 1 98 96 0
32.257 1 DL_VALUE 5 0.
32.346 1 ATTITUDE -0.073242 2.54834 -0.179688
32.351 1 GPS 0 1130805120 0 0 -17000 0 0 0 98000 12 9
32.354 1 IMU_ACCEL -1.748047 0.724609 -9.807617
32.380 1 NAVIGATION 0 2 10801716. -3566302. 1.29394907546e+14 1.29395570246e+14 0 0
32.446 1 ATTITUDE -0.073242 2.548584 -0.179688
32.451 1 DESIRED -0.01 0.14 5. 16. -45. 805. 2.
32.454 1 ESTIMATOR -16.999998 -1e-06
32.457 1 IMU_GYRO -0.006348 -0.00415 0.016846
32.546 1 ATTITUDE -0.073242 2.548828 -0.179688
32.549 1 WP_MOVED 7 506350.5 3566270.75 805. 12
32.551 1 DOWNLINK 10 817 3610
32.598 1 GPS 0 1130805120 0 0 -17000 0 0 0 98250 12 10
32.630 1 NAVIGATION 0 2 10801716. -3566302. 1.29394907546e+14 1.29395570246e+14 0 0
32.646 1 ATTITUDE -0.073242 2.549072 -0.179688
32.651 1 DESIRED -0.01 0.14 5. 16. -45. 805. 2.
32.746 1 ATTITUDE -0.073242 2.549561 -0.179688
32.749 1 ENERGY 0. 0. 0 0.
32.845 1 ATTITUDE -0.073242 2.549072 -0.179688
32.851 1 DESIRED -0.01 0.14 5. 16. -45. 805. 2.
32.857 1 GPS 0 1130805120 0 0 -17000 0 0 0 98500 12 11
32.860 1 GPS_SOL 649519232 5315 9999 0
32.880 1 NAVIGATION 0 2 10801716. -3566302. 1.29394907546e+14 1.29395570246e+14 0 0
32.946 1 ATTITUDE -0.073242 2.549316 -0.179932
32.948 1 ESTIMATOR -16.999998 -2e-06
33.045 1 ATTITUDE -0.073242 2.549561 -0.179932
33.051 1 DESIRED -0.01 0.14 5. 16. -45. 805. 2.
33.055 1 WP_MOVED 8 506254.8125 3566257.5 815. 12
33.058 1 IMU_GYRO -0.006348 -0.003174 0.019043
33.062 1 NAVIGATION 0 2 10801716. -3566302. 1.29394907546e+14 1.29395570246e+14 0 0
33.098 1 GPS 0 1130805120 0 0 -17000 0 0 0 98750 12 12
33.130 1 NAVIGATION 0 2 10801716. -3566302. 1.29394907546e+14 1.29395570246e+14 0 0
33.145 1 ATTITUDE -0.073242 2.549316 -0.179932
33.149 1 IMU_ACCEL -1.810547 0.705078 -9.826172
33.161 1 DOWNLINK_STATUS 13 10689 479 0 831. 37. 5.01
33.245 1 ATTITUDE -0.073242 2.549072 -0.179932
33.251 1 DESIRED -0.01 0.14 5. 16. -45. 805. 2.
33.345 1 ATTITUDE -0.073242 2.548584 -0.179932
33.351 1 GPS 0 1130805120 0 0 -17000 0 0 0 99000 12 13
33.355 1 BAT -128 0 0 0 1 99 97 0
33.380 1 NAVIGATION 0 2 10801716. -3566302. 1.29394907546e+14 1.29395570246e+14 0 0
33.445 1 ATTITUDE -0.073242 2.548584 -0.179932
33.451 1 DESIRED -0.01 0.14 5. 16. -45. 805. 2.
33.454 1 ESTIMATOR -16.999998 -2e-06
33.457 1 IMU_MAG -0.543457 -1.293457 3.026855
33.545 1 ATTITUDE -0.073242 2.548584 -0.179932
33.549 1 WP_MOVED 9 506213.8125 3566287.5 815. 12
33.598 1 GPS 0 1130805120 0 0 -17000 0 0 0 99250 12 14
33.630 1 NAVIGATION 0 2 10801716. -3566302. 1.29394907546e+14 1.29395570246e+14 0 0
33.645 1 ATTITUDE -0.073242 2.548584 -0.179932
33.651 1 DESIRED -0.01 0.14 5. 16. -45. 805. 2.
33.654 1 IMU_GYRO -0.006348 -0.006348 0.019043
33.656 1 CALIBRATION -18. 0
33.723 1 WIND_INFO 1 42 0. 0. 0.
33.745 1 ATTITUDE -0.073242 2.54834 -0.179932
33.747 1 DL_VALUE 6 100.
33.845 1 ATTITUDE -0.073242 2.548584 -0.179932
33.851 1 DESIRED -0.01 0.14 5. 16. -45. 805. 2.
33.857 1 GPS 0 1130805120 0 0 -17000 0 0 0 99500 12 15
33.880 1 NAVIGATION 0 2 10801716. -3566302. 1.29394907546e+14 1.29395570246e+14 0 0
33.945 1 ATTITUDE -0.073242 2.548096 -0.179932
33.948 1 ESTIMATOR -16.999998 -3e-06
33.951 1 IMU_ACCEL -1.800781 0.709961 -9.77832
34.045 1 ATTITUDE -0.073242 2.548096 -0.179932
34.051 1 DESIRED -0.01 0.14 5. 16. -45. 805. 2.
34.055 1 WP_MOVED 0 506377. 3566344. 757. 12
34.059 1 NAVIGATION 0 2 10801716. -3566302. 1.29394907546e+14 1.29395570246e+14 0 0
34.098 1 GPS 0 1130805120 0 0 -17000 0 0 0 99750 12 16
34.128 1 FBW_STATUS 0 45 1 0 0
34.133 1 NAVIGATION 0 2 10801716. -3566302. 1.29394907546e+14 1.29395570246e+14 0 0
34.145 1 ATTITUDE -0.073242 2.54834 -0.179932
34.147 1 STATE_FILTER_STATUS 3 0
34.162 1 DOWNLINK_STATUS 14 11488 515 0 799. 36. 5.01
34.228 1 COMMANDS -128,449,1753,0
34.245 1 ATTITUDE -0.073242 2.54834 -0.179932
34.251 1 DESIRED -0.01 0.14 5. 16. -45. 805. 2.
34.254 1 IMU_GYRO -0.006348 -0.003174 0.018066
34.328 1 ACTUATORS 1000,1438,1583,1500
34.345 1 ATTITUDE -0.073242 2.548096 -0.179932
34.351 1 GPS 0 1130805120 0 0 -17000 0 0 0 100000 12 1
34.380 1 NAVIGATION 0 2 10801716. -3566302. 1.29394907546e+14 1.29395570246e+14 0 0
34.445 1 ATTITUDE -0.073242 2.54834 -0.179932
34.451 1 DESIRED -0.01 0.14 5. 16. -45. 805. 2.
34.454 1 ESTIMATOR -16.999998 -4e-06
34.457 1 BAT -128 0 0 0 1 100 98 0
34.545 1 ATTITUDE -0.073242 2.548584 -0.179932
34.549 1 WP_MOVED 1 506335. 3566302. 765. 12
34.598 1 GPS 0 1130805120 0 0 -17000 0 0 0 100250 12 2
34.630 1 NAVIGATION 0 2 10801716. -3566302. 1.29394907546e+14 1.29395570246e+14 0 0
34.645 1 ATTITUDE -0.073242 2.548828 -0.179932
34.651 1 DESIRED -0.01 0.14 5. 16. -45. 805. 2.
34.745 1 ATTITUDE -0.073242 2.549072 -0.179932
34.749 1 IMU_ACCEL -1.791016 0.709961 -9.792969
34.752 1 IMU_MAG -0.543457 -1.290527 3.029785
34.754 1 NAVIGATION_REF 506335 3566302 12
34.845 1 ATTITUDE -0.073242 2.549072 -0.179932
34.851 1 DESIRED -0.01 0.14 5. 16. -45. 805. 2.
34.857 1 GPS 0 1130805120 0 0 -17000 0 0 0 100500 12 3
34.860 1 IMU_GYRO -0.006348 -0.00415 0.018066
34.863 1 GPS_SOL 649519232 5362 9999 0
34.880 1 NAVIGATION 0 2 10801716. -3566302. 1.29394907546e+14 1.29395570246e+14 0 0
34.945 1 ATTITUDE -0.073242 2.549072 -0.179932
34.948 1 ESTIMATOR -17. -4e-06
35.045 1 ATTITUDE -0.073242 2.549561 -0.180176
35.051 1 DESIRED -0.01 0.14 5. 16. -45. 805. 2.
35.055 1 WP_MOVED 2 506254.8125 3566257.5 815. 12
35.059 1 NAVIGATION 0 2 10801716. -3566302. 1.29394907546e+14 1.29395570246e+14 0 0
35.101 1 GPS 0 1130805120 0 0 -17000 0 0 0 100750 12 4
35.130 1 NAVIGATION 0 2 10801716. -3566302. 1.29394907546e+14 1.29395570246e+14 0 0
35.145 1 ATTITUDE -0.073242 2.549805 -0.180176
35.163 1 DOWNLINK_STATUS 15 12322 552 0 834. 37. 5.01
35.245 1 ATTITUDE -0.073242 2.549561 -0.179932
35.251 1 DESIRED -0.01 0.14 5. 16. -45. 805. 2.
35.253 1 DL_VALUE 7 1.
35.257 1 ENERGY 0. 0. 0 0.
35.345 1 ATTITUDE -0.073242 2.549316 -0.180176
35.351 1 GPS 0 1130805120 0 0 -17000 0 0 0 101000 12 5
35.355 1 ALIVE 252,192,30,119,76,2,109,81,4,151,152,78,131,68,22,125
35.380 1 NAVIGATION 0 2 10801716. -3566302. 1.29394907546e+14 1.29395570246e+14 0 0
35.445 1 ATTITUDE -0.073242 2.549316 -0.180176
35.451 1 DESIRED -0.01 0.14 5. 16. -45. 805. 2.
35.454 1 ESTIMATOR -17.000002 -4e-06
35.457 1 IMU_GYRO -0.00415 -0.005127 0.018066
35.459 1 PPRZ_MODE 1 3 3 0 0 21
35.545 1 ATTITUDE -0.073242 2.549316 -0.180176
35.549 1 WP_MOVED 3 506350.5 3566257. 805. 12
35.552 1 IMU_ACCEL -1.820312 0.709961 -9.774414
35.555 1 BAT -128 0 0 0 1 101 99 0
35.601 1 GPS 0 1130805120 0 0 -17000 0 0 0 101250 12 6
35.630 1 NAVIGATION 0 2 10801716. -3566302. 1.29394907546e+14 1.29395570246e+14 0 0
35.645 1 ATTITUDE -0.073242 2.549072 -0.180176
35.651 1 DESIRED -0.01 0.14 5. 16. -45. 805. 2.
35.654 1 PONG 
35.745 1 ATTITUDE -0.073242 2.549072 -0.180176
35.747 1 CALIBRATION -18. 0
35.845 1 ATTITUDE -0.073242 2.549072 -0.180176
35.851 1 DESIRED -0.01 0.14 5. 16. -45. 805. 2.
35.860 1 GPS 0 1130805120 0 0 -17000 0 0 0 101500 12 7
35.880 1 NAVIGATION 0 2 10801716. -3566302. 1.29394907546e+14 1.29395570246e+14 0 0
35.945 1 ATTITUDE -0.073242 2.548584 -0.180176
35.948 1 ESTIMATOR -17.000002 -3e-06
36.045 1 ATTITUDE -0.073242 2.548828 -0.180176
36.051 1 DESIRED -0.01 0.14 5. 16. -45. 805. 2.
36.055 1 WP_MOVED 4 506374.40625 3566337.75 805. 12
36.058 1 IMU_GYRO -0.006348 -0.00415 0.018066
36.062 1 NAVIGATION 0 2 10801716. -3566302. 1.29394907546e+14 1.29395570246e+14 0 0
36.098 1 GPS 0 1130805120 0 0 -17000 0 0 0 101750 12 8
36.128 1 FBW_STATUS 0 45 1 0 0
36.132 1 NAVIGATION 0 2 10801716. -3566302. 1.29394907546e+14 1.29395570246e+14 0 0
36.145 1 ATTITUDE -0.073242 2.548828 -0.180176
36.164 1 DOWNLINK_STATUS 16 13173 591 0 851. 39. 2.62
36.245 1 ATTITUDE -0.073242 2.549072 -0.18042
36.251 1 DESIRED -0.01 0.14 5. 16. -45. 805. 2.
36.345 1 ATTITUDE -0.073242 2.548828 -0.18042
36.351 1 GPS 0 1130805120 0 0 -17000 0 0 0 102000 12 9
36.354 1 IMU_ACCEL -1.805664 0.743164 -9.774414
36.356 1 STATE_FILTER_STATUS 3 0
36.380 1 NAVIGATION 0 2 10801716. -3566302. 1.29394907546e+14 1.29395570246e+14 0 0
36.445 1 ATTITUDE -0.073242 2.549072 -0.180176
36.451 1 DESIRED -0.01 0.14 5. 16. -45. 805. 2.
36.454 1 ESTIMATOR -17.000002 -3e-06
36.545 1 ATTITUDE -0.073242 2.549316 -0.180176
36.549 1 WP_MOVED 5 506402.3125 3566363.25 820. 12
36.598 1 GPS 0 1130805120 0 0 -17000 0 0 0 102250 12 10
36.630 1 NAVIGATION 0 2 10801716. -3566302. 1.29394907546e+14 1.29395570246e+14 0 0
36.645 1 ATTITUDE -0.073242 2.549805 -0.180176
36.651 1 DESIRED -0.01 0.14 5. 16. -45. 805. 2.
36.654 1 IMU_GYRO -0.006348 -0.006348 0.018066
36.658 1 BAT -128 0 0 0 1 102 100 0
36.745 1 ATTITUDE -0.073242 2.550049 -0.180176
36.747 1 DL_VALUE 8 0.
36.845 1 ATTITUDE -0.073242 2.549805 -0.180176
36.851 1 DESIRED -0.01 0.14 5. 16. -45. 805. 2.
36.857 1 GPS 0 1130805120 0 0 -17000 0 0 0 102500 12 11
36.860 1 GPS_SOL 649519232 5408 9999 0
36.880 1 NAVIGATION 0 2 10801716. -3566302. 1.29394907546e+14 1.29395570246e+14 0 0
36.945 1 ATTITUDE -0.073242 2.550049 -0.180176
36.948 1 ESTIMATOR -17.000002 -2e-06
37.045 1 ATTITUDE -0.073242 2.550293 -0.180176
37.051 1 DESIRED -0.01 0.14 5. 16. -45. 805. 2.
37.055 1 WP_MOVED 6 506374.40625 3566337.75 820. 12
37.059 1 NAVIGATION 0 2 10801716. -3566302. 1.29394907546e+14 1.29395570246e+14 0 0
37.099 1 GPS 0 1130805120 0 0 -17000 0 0 0 102750 12 12
37.130 1 NAVIGATION 0 2 10801716. -3566302. 1.29394907546e+14 1.29395570246e+14 0 0
37.145 1 ATTITUDE -0.073242 2.549805 -0.18042
37.148 1 IMU_ACCEL -1.777344 0.724609 -9.792969
37.165 1 DOWNLINK_STATUS 17 13964 626 0 791. 35. 2.62
37.245 1 ATTITUDE -0.072998 2.549561 -0.18042
37.251 1 DESIRED -0.01 0.14 5. 16. -45. 805. 2.
37.254 1 IMU_GYRO -0.006348 -0.005127 0.018066
37.345 1 ATTITUDE -0.073242 2.549316 -0.18042
37.351 1 GPS 0 1130805120 0 0 -17000 0 0 0 103000 12 13
37.354 1 IMU_MAG -0.538574 -1.284668 3.026855
37.380 1 NAVIGATION 0 2 10801716. -3566302. 1.29394907546e+14 1.29395570246e+14 0 0
37.445 1 ATTITUDE -0.073242 2.549316 -0.18042
37.451 1 DESIRED -0.01 0.14 5. 16. -45. 805. 2.
37.454 1 ESTIMATOR -17.000002 -1e-06
37.545 1 ATTITUDE -0.073242 2.549805 -0.18042
37.549 1 WP_MOVED 7 506350.5 3566270.75 805. 12
37.599 1 GPS 0 1130805120 0 0 -17000 0 0 0 103250 12 14
37.630 1 NAVIGATION 0 2 10801716. -3566302. 1.29394907546e+14 1.29395570246e+14 0 0
37.645 1 ATTITUDE -0.073242 2.549561 -0.18042
37.651 1 DESIRED -0.01 0.14 5. 16. -45. 805. 2.
37.653 1 DOWNLINK 11 820 3796
37.745 1 ATTITUDE -0.073242 2.549561 -0.18042
37.749 1 BAT -128 0 0 0 1 103 101 0
37.753 1 ENERGY 0. 0. 0 0.
37.845 1 ATTITUDE -0.073242 2.549072 -0.182861
37.851 1 DESIRED -0.01 0.14 5. 16. -45. 805. 2.
37.857 1 GPS 0 1130805120 0 0 -17000 0 0 0 103500 12 15
37.860 1 IMU_GYRO -0.006348 -0.006348 0.016846
37.862 1 CALIBRATION -18. 0
37.881 1 NAVIGATION 0 2 10801716. -3566302. 1.29394907546e+14 1.29395570246e+14 0 0
37.945 1 ATTITUDE -0.073242 2.549316 -0.183105
37.948 1 ESTIMATOR -17.000002 -1e-06
37.951 1 IMU_ACCEL -1.834961 0.729492 -9.807617
38.045 1 ATTITUDE -0.073242 2.549561 -0.183105
38.051 1 DESIRED -0.01 0.14 5. 16. -45. 805. 2.
38.055 1 WP_MOVED 8 506254.8125 3566257.5 815. 12
38.059 1 NAVIGATION 0 2 10801716. -3566302. 1.29394907546e+14 1.29395570246e+14 0 0
38.099 1 GPS 0 1130805120 0 0 -17000 0 0 0 103750 12 16
38.128 1 FBW_STATUS 0 45 1 0 0
38.132 1 NAVIGATION 0 2 10801716. -3566302. 1.29394907546e+14 1.29395570246e+14 0 0
38.145 1 ATTITUDE -0.073242 2.549805 -0.183105
38.165 1 DOWNLINK_STATUS 18 14792 663 0 828. 37. 2.62
38.245 1 ATTITUDE -0.073242 2.550049 -0.183105
38.251 1 DESIRED -0.01 0.14 5. 16. -45. 805. 2.
38.253 1 DL_VALUE 9 1.
38.345 1 ATTITUDE -0.073242 2.550293 -0.18335
38.351 1 GPS 0 1130805120 0 0 -17000 0 0 0 104000 12 1
38.380 1 NAVIGATION 0 2 10801716. -3566302. 1.29394907546e+14 1.29395570246e+14 0 0
38.445 1 ATTITUDE -0.073242 2.550537 -0.18335
38.451 1 DESIRED -0.01 0.14 5. 16. -45. 805. 2.
38.453 1 ESTIMATOR -17.000002 -0.
38.457 1 IMU_GYRO -0.006348 -0.00415 0.018066
38.545 1 ATTITUDE -0.073242 2.550781 -0.18335
38.549 1 WP_MOVED 9 506213.8125 3566287.5 815. 12
38.550 1 STATE_FILTER_STATUS 3 0
38.599 1 GPS 0 1130805120 0 0 -17000 0 0 0 104250 12 2
38.630 1 NAVIGATION 0 2 10801716. -3566302. 1.29394907546e+14 1.29395570246e+14 0 0
38.645 1 ATTITUDE -0.073242 2.550781 -0.183838
38.651 1 DESIRED -0.01 0.14 5. 16. -45. 805. 2.
38.654 1 IMU_MAG -0.528809 -1.296387 3.023926
38.745 1 ATTITUDE -0.073242 2.550781 -0.183838
38.748 1 IMU_ACCEL -1.820312 0.733398 -9.783203
38.845 1 ATTITUDE -0.073242 2.55127 -0.184082
38.851 1 DESIRED -0.01 0.14 5. 16. -45. 805. 2.
38.857 1 GPS 0 1130805120 0 0 -17000 0 0 0 104500 12 3
38.860 1 BAT -128 0 0 0 1 104 102 0
38.863 1 GPS_SOL 649519232 5454 9999 0
38.880 1 NAVIGATION 0 2 10801716. -3566302. 1.29394907546e+14 1.29395570246e+14 0 0
38.945 1 ATTITUDE -0.073242 2.55127 -0.184082
38.948 1 ESTIMATOR -17.000002 1e-06
39.045 1 ATTITUDE -0.073242 2.551514 -0.183838
39.051 1 DESIRED -0.01 0.14 5. 16. -45. 805. 2.
39.054 1 WP_MOVED 0 506377. 3566344. 757. 12
39.058 1 IMU_GYRO -0.006348 -0.003174 0.018066
39.062 1 NAVIGATION 0 2 10801716. -3566302. 1.29394907546e+14 1.29395570246e+14 0 0
39.100 1 GPS 0 1130805120 0 0 -17000 0 0 0 104750 12 4
39.130 1 NAVIGATION 0 2 10801716. -3566302. 1.29394907546e+14 1.29395570246e+14 0 0
39.145 1 ATTITUDE -0.073242 2.55127 -0.184082
39.166 1 DOWNLINK_STATUS 19 15601 699 0 809. 36. 2.62
39.228 1 COMMANDS -128,449,1776,0
39.245 1 ATTITUDE -0.073242 2.551025 -0.183838
39.251 1 DESIRED -0.01 0.14 5. 16. -45. 805. 2.
39.328 1 ACTUATORS 1000,1437,1584,1500
39.345 1 ATTITUDE -0.073242 2.551025 -0.183594
39.351 1 GPS 0 1130805120 0 0 -17000 0 0 0 105000 12 5
39.380 1 NAVIGATION 0 2 10801716. -3566302. 1.29394907546e+14 1.29395570246e+14 0 0
39.445 1 ATTITUDE -0.073242 2.551025 -0.183594
39.451 1 DESIRED -0.01 0.14 5. 16. -45. 805. 2.
39.453 1 ESTIMATOR -17.000002 1e-06
39.545 1 ATTITUDE -0.073242 2.55127 -0.18335
39.549 1 WP_MOVED 1 506335. 3566302. 765. 12
39.552 1 IMU_ACCEL -1.777344 0.762695 -9.783203
39.600 1 GPS 0 1130805120 0 0 -17000 0 0 0 105250 12 6
39.630 1 NAVIGATION 0 2 10801716. -3566302. 1.29394907546e+14 1.29395570246e+14 0 0
39.645 1 ATTITUDE -0.073242 2.550781 -0.183105
39.651 1 DESIRED -0.01 0.14 5. 16. -45. 805. 2.
39.654 1 IMU_GYRO -0.006348 -0.003174 0.016846
39.745 1 ATTITUDE -0.073242 2.550537 -0.183105
39.747 1 DL_VALUE 10 0.
39.845 1 ATTITUDE -0.07373 2.550049 -0.180664
39.851 1 DESIRED -0.01 0.14 5. 16. -45. 805. 2.
39.857 1 GPS 0 1130805120 0 0 -17000 0 0 0 105500 12 7
39.880 1 NAVIGATION 0 2 10801716. -3566302. 1.29394907546e+14 1.29395570246e+14 0 0
39.945 1 ATTITUDE -0.076416 2.550293 -0.151123
39.947 1 ESTIMATOR -17.000002 2e-06
39.951 1 BAT -128 0 0 0 1 105 103 0
39.954 1 IMU_MAG -0.606934 -1.311035 3.029785
39.956 1 CALIBRATION -18. 0
40.045 1 ATTITUDE -0.078857 2.549072 -0.127197
40.051 1 DESIRED -0.01 0.14 5. 16. -45. 805. 2.
40.054 1 WP_MOVED 2 506254.8125 3566257.5 815. 12
40.059 1 NAVIGATION 0 2 10801716. -3566302. 1.29394907546e+14 1.29395570246e+14 0 0
40.099 1 GPS 0 1130805120 0 0 -17000 0 0 0 105750 12 8
40.128 1 FBW_STATUS 0 45 1 0 0
40.132 1 NAVIGATION 0 2 10801716. -3566302. 1.29394907546e+14 1.29395570246e+14 0 0
40.145 1 ATTITUDE -0.083008 2.545898 -0.085205
40.167 1 DOWNLINK_STATUS 20 16421 736 0 820. 37. 2.62
40.245 1 ATTITUDE -0.084473 2.541016 -0.087158
40.251 1 DESIRED -0.01 0.14 5. 16. -45. 805. 2.
40.254 1 IMU_GYRO -0.246826 0.340332 0.04248
40.258 1 ENERGY 0. 0. 0 0.
40.345 1 ATTITUDE -0.111328 2.550537 -0.047119
40.351 1 GPS 0 1130805120 0 0 -17000 0 0 0 106000 12 9
40.354 1 IMU_ACCEL 0.475586 0.119141 -10.685547
40.358 1 ALIVE 252,192,30,119,76,2,109,81,4,151,152,78,131,68,22,125
40.380 1 NAVIGATION 0 2 10801716. -3566302. 1.29394907546e+14 1.29395570246e+14 0 0
40.445 1 ATTITUDE -0.145752 2.537842 0.029297
40.451 1 DESIRED -0.01 0.17 5. 16. -45. 805. 2.
40.453 1 ESTIMATOR -17.000002 2e-06
40.455 1 PPRZ_MODE 1 3 3 0 0 21
40.545 1 ATTITUDE -0.182373 2.524414 0.071289
40.548 1 WP_MOVED 3 506350.5 3566257. 805. 12
40.602 1 GPS 0 1130805120 0 0 -17000 0 0 0 106250 12 10
40.630 1 NAVIGATION 0 2 10801716. -3566302. 1.29394907546e+14 1.29395570246e+14 0 0
40.644 1 ATTITUDE -0.177246 2.504395 0.04248
40.651 1 DESIRED -0.01 0.18 5. 16. -45. 805. 2.
40.654 1 PONG 
40.745 1 ATTITUDE -0.156006 2.465088 0.031738
40.747 1 STATE_FILTER_STATUS 3 0
40.845 1 ATTITUDE -0.165527 2.429688 0.002686
40.851 1 DESIRED -0.01 0.18 5. 16. -45. 805. 2.
40.857 1 GPS 0 1130805120 0 0 -17000 0 0 0 106500 12 11
40.860 1 IMU_GYRO -0.642578 -0.362793 -0.897949
40.863 1 GPS_SOL 649519232 5500 9999 0
40.880 1 NAVIGATION 0 2 10801716. -3566302. 1.29394907546e+14 1.29395570246e+14 0 0
40.945 1 ATTITUDE -0.216797 2.355225 -0.090576
40.947 1 ESTIMATOR -17.000002 3e-06
41.045 1 ATTITUDE -0.251465 2.297607 -0.171387
41.051 1 DESIRED -0.01 0.22 5. 16. -45. 805. 2.
41.054 1 WP_MOVED 4 506374.40625 3566337.75 805. 12
41.059 1 NAVIGATION 0 2 10801716. -3566302. 1.29394907546e+14 1.29395570246e+14 0 0
41.062 1 BAT -128 0 0 0 1 106 104 0
41.101 1 GPS 0 1130805120 0 0 -17000 0 0 0 106750 12 12
41.130 1 NAVIGATION 0 2 10801716. -3566302. 1.29394907546e+14 1.29395570246e+14 0 0
41.145 1 ATTITUDE -0.178467 2.324219 -0.14502
41.148 1 IMU_ACCEL -2.50293 1.991211 -9.441406
41.168 1 DOWNLINK_STATUS 21 17280 775 0 859. 39. 2.79
41.245 1 ATTITUDE -0.164795 2.379639 -0.135254
41.251 1 DESIRED -0.01 0.18 5. 16. -45. 805. 2.
41.254 1 IMU_MAG -0.53125 -1.481445 2.788086
41.256 1 DL_VALUE 11 1.
41.345 1 ATTITUDE -0.223633 2.368408 -0.14209
41.351 1 GPS 0 1130805120 0 0 -17000 0 0 0 107000 12 13
41.380 1 NAVIGATION 0 2 10801716. -3566302. 1.29394907546e+14 1.29395570246e+14 0 0
41.445 1 ATTITUDE -0.235107 2.337158 -0.099365
41.451 1 DESIRED -0.01 0.21 5. 16. -45. 805. 2.
41.453 1 ESTIMATOR -17.000002 3e-06
41.456 1 IMU_GYRO -0.282959 1.223633 -0.535156
41.545 1 ATTITUDE -0.242676 2.296387 -0.025146
41.548 1 WP_MOVED 5 506402.3125 3566363.25 820. 12
41.603 1 GPS 0 1130805120 0 0 -17000 0 0 0 107250 12 14
41.630 1 NAVIGATION 0 2 10801716. -3566302. 1.29394907546e+14 1.29395570246e+14 0 0
41.645 1 ATTITUDE -0.267578 2.253906 0.115723
41.651 1 DESIRED -0.01 0.22 5. 16. -45. 805. 2.
41.745 1 ATTITUDE -0.229004 2.230225 0.182373
41.845 1 ATTITUDE -0.19165 2.309082 0.010986
41.851 1 DESIRED -0.01 0.19 5. 16. -45. 805. 2.
41.857 1 GPS 0 1130805120 0 0 -17000 0 0 0 107500 12 15
41.880 1 NAVIGATION 0 2 10801716. -3566302. 1.29394907546e+14 1.29395570246e+14 0 0
41.945 1 ATTITUDE -0.205322 2.406982 -0.266113
41.947 1 ESTIMATOR -17.000002 4e-06
41.950 1 IMU_ACCEL -1.964844 1.665039 -9.545898
42.045 1 ATTITUDE -0.216797 2.448242 -0.343262
42.051 1 DESIRED -0.01 0.2 5. 16. -45. 805. 2.
42.054 1 WP_MOVED 6 506374.40625 3566337.75 820. 12
42.057 1 IMU_GYRO 0.134033 0.038086 -0.114746
42.062 1 NAVIGATION 0 2 10801716. -3566302. 1.29394907546e+14 1.29395570246e+14 0 0
42.064 1 CALIBRATION -18. 0
42.103 1 GPS 0 1130805120 0 0 -17000 0 0 0 107750 12 16
42.128 1 FBW_STATUS 0 45 1 0 0
42.132 1 NAVIGATION 0 2 10801716. -3566302. 1.29394907546e+14 1.29395570246e+14 0 0
42.145 1 ATTITUDE -0.179199 2.433105 -0.248779
42.148 1 BAT -128 0 0 0 1 108 106 0
42.169 1 DOWNLINK_STATUS 22 18088 811 0 808. 36. 2.79
42.245 1 ATTITUDE -0.145996 2.4375 -0.145752
42.251 1 DESIRED -0.01 0.17 5. 16. -45. 805. 2.
42.345 1 ATTITUDE -0.137451 2.450439 -0.136719
42.372 1 GPS 0 1130805120 0 0 -17000 0 0 0 108000 12 1
42.380 1 NAVIGATION 0 2 10801716. -3566302. 1.29394907546e+14 1.29395570246e+14 0 0
42.445 1 ATTITUDE -0.133545 2.450195 -0.150146
42.451 1 DESIRED -0.01 0.17 5. 16. -45. 805. 2.
42.453 1 ESTIMATOR -17. 4e-06
42.545 1 ATTITUDE -0.290039 2.466553 -0.166016
42.548 1 WP_MOVED 7 506350.5 3566270.75 805. 12
42.551 1 IMU_MAG -0.38916 -1.713379 2.491699
42.603 1 GPS 0 1130805120 0 0 -17000 0 0 0 108250 12 2
42.630 1 NAVIGATION 0 2 10801716. -3566302. 1.29394907546e+14 1.29395570246e+14 0 0
42.645 1 ATTITUDE -0.624023 2.513672 -0.214355
42.651 1 DESIRED -0.01 0.38 5. 16. -45. 805. 2.
42.654 1 IMU_GYRO -1.459961 -0.067871 -0.186035
42.745 1 ATTITUDE -0.563232 2.499268 -0.228271
42.748 1 IMU_ACCEL -2.208984 4.324219 -7.328125
42.750 1 DL_VALUE 0 0.
42.753 1 ENERGY 0. 0. 0 0.
42.755 1 DOWNLINK 11 821 3985
42.845 1 ATTITUDE -0.206055 2.4646 -0.219238
42.851 1 DESIRED -0.01 0.2 5. 16. -45. 805. 2.
42.857 1 GPS 0 1130805120 0 0 -17000 0 0 0 108500 12 3
42.859 1 GPS_SOL 649519296 5545 9999 0
42.880 1 NAVIGATION 0 2 10801716. -3566302. 1.29394907546e+14 1.29395570246e+14 0 0
42.945 1 ATTITUDE -0.098633 2.47998 -0.239746
42.947 1 ESTIMATOR -16.999998 3e-06
42.949 1 STATE_FILTER_STATUS 3 0
43.045 1 ATTITUDE -0.10498 2.490723 -0.230469
43.051 1 DESIRED -0.01 0.15 5. 16. -45. 805. 2.
43.054 1 WP_MOVED 8 506254.8125 3566257.5 815. 12
43.059 1 NAVIGATION 0 2 10801716. -3566302. 1.29394907546e+14 1.29395570246e+14 0 0
43.097 1 GPS 0 1130805120 0 0 -17000 0 0 0 108750 12 4
43.130 1 NAVIGATION 0 2 10801716. -3566302. 1.29394907546e+14 1.29395570246e+14 0 0
43.145 1 ATTITUDE -0.111328 2.483643 -0.196533
43.169 1 DOWNLINK_STATUS 23 18890 847 0 802. 36. 2.79
43.245 1 ATTITUDE -0.131836 2.465576 -0.044922
43.251 1 DESIRED -0.01 0.16 5. 16. -45. 805. 2.
43.254 1 IMU_GYRO -0.327637 1.967529 -0.065918
43.257 1 BAT -128 0 0 0 1 109 107 0
43.345 1 ATTITUDE -0.161621 2.445557 0.108154
43.351 1 GPS 0 1130805120 0 0 -17000 0 0 0 109000 12 5
43.380 1 NAVIGATION 0 2 10801716. -3566302. 1.29394907546e+14 1.29395570246e+14 0 0
43.445 1 ATTITUDE -0.169922 2.423096 0.150635
43.451 1 DESIRED -0.01 0.18 5. 16. -45. 805. 2.
43.453 1 ESTIMATOR -16.999998 3e-06
43.545 1 ATTITUDE -0.199463 2.367676 0.305664
43.548 1 WP_MOVED 9 506213.8125 3566287.5 815. 12
43.551 1 IMU_ACCEL 2.751953 1.804688 -8.957031
43.597 1 GPS 0 1130805120 0 0 -17000 0 0 0 109250 12 6
43.630 1 NAVIGATION 0 2 10801716. -3566302. 1.29394907546e+14 1.29395570246e+14 0 0
43.645 1 ATTITUDE -0.217773 2.355469 0.416992
43.651 1 DESIRED -0.01 0.2 5. 16. -45. 805. 2.
43.723 1 WIND_INFO 1 42 0. 0. 0.
43.745 1 ATTITUDE -0.271973 2.292969 0.609375
43.747 1 NAVIGATION_REF 506335 3566302 12
43.845 1 ATTITUDE -0.295898 2.218994 0.663086
43.851 1 DESIRED -0.01 0.24 5. 16. -45. 805. 2.
43.856 1 GPS 0 1130805120 0 0 -17000 0 0 0 109500 12 7
43.860 1 IMU_GYRO 0.389404 -1.184326 0.052979
43.863 1 IMU_MAG -1.68457 -1.464355 2.207031
43.880 1 NAVIGATION 0 2 10801716. -3566302. 1.29394907546e+14 1.29395570246e+14 0 0
43.945 1 ATTITUDE -0.254883 2.203613 0.574219
43.947 1 ESTIMATOR -16.999998 2e-06
44.045 1 ATTITUDE -0.190674 2.250977 0.241455
44.051 1 DESIRED -0.01 0.19 5. 16. -45. 805. 2.
44.054 1 WP_MOVED 0 506377. 3566344. 757. 12
44.059 1 NAVIGATION 0 2 10801716. -3566302. 1.29394907546e+14 1.29395570246e+14 0 0
44.097 1 GPS 0 1130805120 0 0 -17000 0 0 0 109750 12 8
44.126 1 FBW_STATUS 0 45 1 0 0
44.131 1 NAVIGATION 0 2 10801716. -3566302. 1.29394907546e+14 1.29395570246e+14 0 0
44.145 1 ATTITUDE -0.189209 2.316162 -0.116211
44.147 1 CALIBRATION -18. 0
44.170 1 DOWNLINK_STATUS 24 19702 883 0 812. 36. 2.79
44.228 1 COMMANDS -128,1377,2749,0
44.245 1 ATTITUDE -0.222656 2.410889 -0.344238
44.251 1 DESIRED -0.01 0.2 5. 16. -45. 805. 2.
44.252 1 DL_VALUE 1 0.
44.328 1 ACTUATORS 1000,1390,1680,1500
44.345 1 ATTITUDE -0.21875 2.468506 -0.412109
44.351 1 GPS 0 1130805120 0 0 -17000 0 0 0 110000 12 9
44.354 1 IMU_ACCEL -3.136719 1.299805 -9.498047
44.357 1 BAT -128 0 0 0 1 110 108 0
44.380 1 NAVIGATION 0 2 10801716. -3566302. 1.29394907546e+14 1.29395570246e+14 0 0
44.445 1 ATTITUDE -0.194092 2.373291 -0.001465
44.451 1 DESIRED -0.01 0.19 5. 16. -45. 805. 2.
44.453 1 ESTIMATOR -16.999998 2e-06
44.456 1 IMU_GYRO 0.006348 3.456543 -0.27124
44.545 1 ATTITUDE -0.220215 2.323242 0.254639
44.548 1 WP_MOVED 1 506335. 3566302. 765. 12
44.597 1 GPS 0 1130805120 0 0 -17000 0 0 0 110250 12 10
44.630 1 NAVIGATION 0 2 10801716. -3566302. 1.29394907546e+14 1.29395570246e+14 0 0
44.644 1 ATTITUDE -0.191406 2.351074 0.167236
44.651 1 DESIRED -0.01 0.19 5. 16. -45. 805. 2.
44.745 1 ATTITUDE -0.17749 2.410889 -0.157715
44.845 1 ATTITUDE -0.181396 2.453613 -0.370361
44.851 1 DESIRED -0.01 0.19 5. 16. -45. 805. 2.
44.856 1 GPS 0 1130805120 0 0 -17000 0 0 0 110500 12 11
44.859 1 GPS_SOL 649519296 5590 9999 0
44.880 1 NAVIGATION 0 2 10801716. -3566302. 1.29394907546e+14 1.29395570246e+14 0 0
44.945 1 ATTITUDE -0.149658 2.46875 -0.359863
44.947 1 ESTIMATOR -16.999998 1e-06
45.045 1 ATTITUDE -0.118896 2.487305 -0.158936
45.051 1 DESIRED -0.01 0.16 5. 16. -45. 805. 2.
45.054 1 WP_MOVED 2 506254.8125 3566257.5 815. 12
45.057 1 IMU_GYRO 0.263916 -0.238281 0.38501
45.062 1 NAVIGATION 0 2 10801716. -3566302. 1.29394907546e+14 1.29395570246e+14 0 0
45.097 1 GPS 0 1130805120 0 0 -17000 0 0 0 110750 12 12
45.130 1 NAVIGATION 0 2 10801716. -3566302. 1.29394907546e+14 1.29395570246e+14 0 0
45.144 1 ATTITUDE -0.095703 2.52832 -0.283936
45.147 1 IMU_ACCEL -0.551758 -2.231445 -4.525391
45.150 1 IMU_MAG -0.300781 -1.293457 2.833984
45.152 1 STATE_FILTER_STATUS 3 0
45.171 1 DOWNLINK_STATUS 25 20559 922 0 857. 39. 2.79
45.245 1 ATTITUDE -0.011963 2.544434 -0.280518
45.251 1 DESIRED -0.01 0.11 5. 16. -45. 805. 2.
45.254 1 ENERGY 0. 0. 0 0.
45.345 1 ATTITUDE -0.006104 2.546631 -0.272949
45.350 1 GPS 0 1130805120 0 0 -17000 0 0 0 111000 12 13
45.354 1 ALIVE 252,192,30,119,76,2,109,81,4,151,152,78,131,68,22,125
45.380 1 NAVIGATION 0 2 10801716. -3566302. 1.29394907546e+14 1.29395570246e+14 0 0
45.445 1 ATTITUDE -0.00708 2.543457 -0.274658
45.451 1 DESIRED -0.01 0.11 5. 16. -45. 805. 2.
45.453 1 ESTIMATOR -16.999998 1e-06
45.457 1 BAT -128 0 0 0 1 111 109 0
45.459 1 PPRZ_MODE 1 3 3 0 0 21
45.545 1 ATTITUDE -0.007324 2.541504 -0.273682
45.548 1 WP_MOVED 3 506350.5 3566257. 805. 12
45.597 1 GPS 0 1130805120 0 0 -17000 0 0 0 111250 12 14
45.630 1 NAVIGATION 0 2 10801716. -3566302. 1.29394907546e+14 1.29395570246e+14 0 0
45.644 1 ATTITUDE -0.007324 2.539307 -0.273438
45.651 1 DESIRED -0.01 0.11 5. 16. -45. 805. 2.
45.654 1 IMU_GYRO -0.00415 -0.001953 0.018066
45.655 1 PONG 
45.745 1 ATTITUDE -0.007568 2.537842 -0.272461
45.747 1 DL_VALUE 2 805.
45.845 1 ATTITUDE -0.007812 2.536133 -0.271484
45.851 1 DESIRED -0.01 0.11 5. 16. -45. 805. 2.
45.856 1 GPS 0 1130805120 0 0 -17000 0 0 0 111500 12 15
45.880 1 NAVIGATION 0 2 10801716. -3566302. 1.29394907546e+14 1.29395570246e+14 0 0
45.945 1 ATTITUDE -0.007812 2.534668 -0.270996
45.947 1 ESTIMATOR -16.999998 -0.
45.950 1 IMU_ACCEL -2.511719 0.158203 -9.678711
46.045 1 ATTITUDE -0.008057 2.533447 -0.27002
46.051 1 DESIRED -0.01 0.11 5. 16. -45. 805. 2.
46.054 1 WP_MOVED 4 506374.40625 3566337.75 805. 12
46.059 1 NAVIGATION 0 2 10801716. -3566302. 1.29394907546e+14 1.29395570246e+14 0 0
46.097 1 GPS 0 1130805120 0 0 -17000 0 0 0 111750 12 16
46.126 1 FBW_STATUS 0 46 1 0 0
46.133 1 NAVIGATION 0 2 10801716. -3566302. 1.29394907546e+14 1.29395570246e+14 0 0
46.144 1 ATTITUDE -0.008057 2.531738 -0.269531
46.172 1 DOWNLINK_STATUS 26 21381 959 0 822. 37. 3.07
46.245 1 ATTITUDE -0.008301 2.530518 -0.268799
46.251 1 DESIRED -0.01 0.11 5. 16. -45. 805. 2.
46.254 1 IMU_GYRO -0.006348 -0.003174 0.016846
46.255 1 CALIBRATION -18. 0
46.345 1 ATTITUDE -0.008545 2.530273 -0.268311
46.350 1 GPS 0 1130805120 0 0 -17000 0 0 0 112000 12 1
46.379 1 NAVIGATION 0 2 10801716. -3566302. 1.29394907546e+14 1.29395570246e+14 0 0
46.445 1 ATTITUDE -0.008301 2.529541 -0.267822
46.451 1 DESIRED -0.01 0.11 5. 16. -45. 805. 2.
46.453 1 ESTIMATOR -16.999998 -1e-06
46.456 1 IMU_MAG -0.345215 -1.168945 2.92041
46.545 1 ATTITUDE -0.008545 2.528809 -0.267334
46.548 1 WP_MOVED 5 506402.3125 3566363.25 820. 12
46.552 1 BAT -128 0 0 0 1 112 110 0
46.597 1 GPS 0 1130805120 0 0 -17000 0 0 0 112250 12 2
46.629 1 NAVIGATION 0 2 10801716. -3566302. 1.29394907546e+14 1.29395570246e+14 0 0
46.644 1 ATTITUDE -0.008545 2.528076 -0.266602
46.651 1 DESIRED -0.01 0.11 5. 16. -45. 805. 2.
46.745 1 ATTITUDE -0.008789 2.5271 -0.266113
46.748 1 IMU_ACCEL -2.511719 0.163086 -9.640625
46.845 1 ATTITUDE -0.008789 2.526611 -0.265625
46.850 1 DESIRED -0.01 0.11 5. 16. -45. 805. 2.
46.856 1 GPS 0 1130805120 0 0 -17000 0 0 0 112500 12 3
46.859 1 IMU_GYRO -0.006348 -0.005127 0.018066
46.861 1 GPS_SOL 649519296 5635 9999 0
46.879 1 NAVIGATION 0 2 10801716. -3566302. 1.29394907546e+14 1.29395570246e+14 0 0
46.945 1 ATTITUDE -0.009033 2.525635 -0.265381
46.947 1 ESTIMATOR -16.999998 -1e-06
47.045 1 ATTITUDE -0.008545 2.524902 -0.265625
47.050 1 DESIRED -0.01 0.11 5. 16. -45. 805. 2.
47.054 1 WP_MOVED 6 506374.40625 3566337.75 820. 12
47.058 1 NAVIGATION 0 2 10801716. -3566302. 1.29394907546e+14 1.29395570246e+14 0 0
47.097 1 GPS 0 1130805120 0 0 -17000 0 0 0 112750 12 4
47.128 1 NAVIGATION 0 2 10801716. -3566302. 1.29394907546e+14 1.29395570246e+14 0 0
47.144 1 ATTITUDE -0.009033 2.52417 -0.265625
47.173 1 DOWNLINK_STATUS 27 22181 994 0 800. 35. 3.07
47.245 1 ATTITUDE -0.009033 2.523926 -0.264404
47.251 1 DESIRED -0.01 0.11 5. 16. -45. 805. 2.
47.252 1 DL_VALUE 3 0.
47.345 1 ATTITUDE -0.008789 2.522949 -0.264893
47.350 1 GPS 0 1130805120 0 0 -17000 0 0 0 113000 12 5
47.351 1 STATE_FILTER_STATUS 3 0
47.379 1 NAVIGATION 0 2 10801716. -3566302. 1.29394907546e+14 1.29395570246e+14 0 0
47.445 1 ATTITUDE -0.008789 2.522217 -0.264648
47.451 1 DESIRED -0.01 0.11 5. 16. -45. 805. 2.
47.453 1 ESTIMATOR -16.999998 -2e-06
47.456 1 IMU_GYRO -0.00415 0.005127 0.02124
47.545 1 ATTITUDE -0.009033 2.52124 -0.264404
47.547 1 WP_MOVED 7 506350.5 3566270.75 805. 12
47.550 1 IMU_ACCEL -2.618164 0.133789 -9.640625
47.597 1 GPS 0 1130805120 0 0 -17000 0 0 0 113250 12 6
47.629 1 NAVIGATION 0 2 10801716. -3566302. 1.29394907546e+14 1.29395570246e+14 0 0
47.644 1 ATTITUDE -0.009033 2.520996 -0.264404
47.649 1 DESIRED -0.01 0.11 5. 16. -45. 805. 2.
47.653 1 BAT -128 0 0 0 1 113 111 0
47.745 1 ATTITUDE -0.009033 2.52002 -0.26416
47.748 1 IMU_MAG -0.335449 -1.171875 2.90918
47.751 1 ENERGY 0. 0. 0 0.
47.845 1 ATTITUDE -0.009033 2.519287 -0.263916
47.850 1 DESIRED -0.01 0.11 5. 16. -45. 805. 2.
47.856 1 GPS 0 1130805120 0 0 -17000 0 0 0 113500 12 7
47.857 1 DOWNLINK 11 824 4173
47.879 1 NAVIGATION 0 2 10801716. -3566302. 1.29394907546e+14 1.29395570246e+14 0 0
47.945 1 ATTITUDE -0.009277 2.518555 -0.263428
47.947 1 ESTIMATOR -16.999998 -3e-06
48.046 1 ATTITUDE -0.009277 2.517822 -0.262939
48.050 1 DESIRED -0.01 0.11 5. 16. -45. 805. 2.
48.054 1 WP_MOVED 8 506254.8125 3566257.5 815. 12
48.057 1 IMU_GYRO -0.00415 -0.005127 0.018066
48.062 1 NAVIGATION 0 2 10801716. -3566302. 1.29394907546e+14 1.29395570246e+14 0 0
48.097 1 GPS 0 1130805120 0 0 -17000 0 0 0 113750 12 8
48.127 1 FBW_STATUS 0 46 1 0 0
48.131 1 NAVIGATION 0 2 10801716. -3566302. 1.29394907546e+14 1.29395570246e+14 0 0
48.145 1 ATTITUDE -0.009521 2.517334 -0.262695
48.173 1 DOWNLINK_STATUS 28 23018 1032 0 837. 38. 3.07
48.245 1 ATTITUDE -0.009521 2.516846 -0.262451
48.250 1 DESIRED -0.01 0.11 5. 16. -45. 805. 2.
48.345 1 ATTITUDE -0.009521 2.51709 -0.262207
48.350 1 GPS 0 1130805120 0 0 -17000 0 0 0 114000 12 9
48.353 1 IMU_ACCEL -2.541016 0.158203 -9.650391
48.355 1 CALIBRATION -18. 0
48.379 1 NAVIGATION 0 2 10801716. -3566302. 1.29394907546e+14 1.29395570246e+14 0 0
48.445 1 ATTITUDE -0.009521 2.51709 -0.261719
48.450 1 DESIRED -0.01 0.11 5. 16. -45. 805. 2.
48.453 1 ESTIMATOR -16.999998 -3e-06
48.545 1 ATTITUDE -0.009766 2.51709 -0.261719
48.548 1 WP_MOVED 9 506213.8125 3566287.5 815. 12
48.597 1 GPS 0 1130805120 0 0 -17000 0 0 0 114250 12 10
48.629 1 NAVIGATION 0 2 10801716. -3566302. 1.29394907546e+14 1.29395570246e+14 0 0
48.645 1 ATTITUDE -0.009766 2.51709 -0.261475
48.651 1 DESIRED -0.01 0.11 5. 16. -45. 805. 2.
48.653 1 IMU_GYRO -0.006348 -0.005127 0.019043
48.745 1 ATTITUDE -0.009766 2.516602 -0.26123
48.750 1 BAT -128 0 0 0 1 114 112 0
48.751 1 DL_VALUE 4 0.
48.844 1 ATTITUDE -0.01001 2.516357 -0.260986
48.850 1 DESIRED -0.01 0.11 5. 16. -45. 805. 2.
48.857 1 GPS 0 1130805120 0 0 -17000 0 0 0 114500 12 11
48.859 1 GPS_SOL 649519296 5679 9999 0
48.879 1 NAVIGATION 0 2 10801716. -3566302. 1.29394907546e+14 1.29395570246e+14 0 0
48.944 1 ATTITUDE -0.010254 2.516113 -0.260742
48.947 1 ESTIMATOR -16.999998 -4e-06
49.044 1 ATTITUDE -0.010254 2.515869 -0.260742
49.052 1 DESIRED -0.01 0.11 5. 16. -45. 805. 2.
49.054 1 WP_MOVED 0 506377. 3566344. 757. 12
49.058 1 NAVIGATION 0 2 10801716. -3566302. 1.29394907546e+14 1.29395570246e+14 0 0
49.061 1 IMU_MAG -0.340332 -1.160645 2.92041
49.096 1 GPS 0 1130805120 0 0 -17000 0 0 0 114750 12 12
49.131 1 NAVIGATION 0 2 10801716. -3566302. 1.29394907546e+14 1.29395570246e+14 0 0
49.144 1 ATTITUDE -0.010498 2.516113 -0.260498
49.148 1 IMU_ACCEL -2.550781 0.110352 -9.626953
49.174 1 DOWNLINK_STATUS 29 23829 1068 0 811. 36. 3.07
49.227 1 COMMANDS -128,34,2045,0
49.244 1 ATTITUDE -0.010254 2.515381 -0.260498
49.250 1 DESIRED -0.01 0.11 5. 16. -45. 805. 2.
49.254 1 IMU_GYRO -0.00415 -0.001953 0.019043
49.327 1 ACTUATORS 1000,1416,1585,1500
49.344 1 ATTITUDE -0.010254 2.515381 -0.260254
49.350 1 GPS 0 1130805120 0 0 -17000 0 0 0 115000 12 13
49.379 1 NAVIGATION 0 2 10801716. -3566302. 1.29394907546e+14 1.29395570246e+14 0 0
49.444 1 ATTITUDE -0.010498 2.515137 -0.260254
49.450 1 DESIRED -0.01 0.11 5. 16. -45. 805. 2.
49.453 1 ESTIMATOR -16.999998 -4e-06
49.544 1 ATTITUDE -0.010498 2.515137 -0.26001
49.548 1 WP_MOVED 1 506335. 3566302. 765. 12
49.548 1 STATE_FILTER_STATUS 3 0
49.597 1 GPS 0 1130805120 0 0 -17000 0 0 0 115250 12 14
49.629 1 NAVIGATION 0 2 10801716. -3566302. 1.29394907546e+14 1.29395570246e+14 0 0
49.643 1 ATTITUDE -0.010498 2.514648 -0.259766
49.649 1 DESIRED -0.01 0.11 5. 16. -45. 805. 2.
49.744 1 ATTITUDE -0.010498 2.514893 -0.259766
49.844 1 ATTITUDE -0.010498 2.514648 -0.259521
49.850 1 DESIRED -0.01 0.11 5. 16. -45. 805. 2.
49.856 1 GPS 0 1130805120 0 0 -17000 0 0 0 115500 12 15
49.859 1 IMU_GYRO -0.006348 -0.000977 0.02002
49.863 1 BAT -128 0 0 0 1 115 113 0
49.879 1 NAVIGATION 0 2 10801716. -3566302. 1.29394907546e+14 1.29395570246e+14 0 0
49.944 1 ATTITUDE -0.010498 2.51416 -0.259521
49.947 1 ESTIMATOR -17.000002 -4e-06
49.950 1 IMU_ACCEL -2.579102 0.143555 -9.693359
50.044 1 ATTITUDE -0.010742 2.51416 -0.259521
50.050 1 DESIRED -0.01 0.11 5. 16. -45. 805. 2.
50.054 1 WP_MOVED 2 506254.8125 3566257.5 815. 12
50.058 1 NAVIGATION 0 2 10801716. -3566302. 1.29394907546e+14 1.29395570246e+14 0 0
50.097 1 GPS 0 1130805120 0 0 -17000 0 0 0 115750 12 16
50.129 1 NAVIGATION 0 2 10801716. -3566302. 1.29394907546e+14 1.29395570246e+14 0 0
50.131 1 FBW_STATUS 0 46 1 0 0
50.143 1 ATTITUDE -0.010742 2.51416 -0.259521
50.175 1 DOWNLINK_STATUS 30 24636 1104 0 807. 36. 3.07
50.244 1 ATTITUDE -0.010742 2.51416 -0.259521
50.250 1 DESIRED -0.01 0.11 5. 16. -45. 805. 2.
50.252 1 DL_VALUE 5 0.
50.256 1 ENERGY 0. 0. 0 0.
50.344 1 ATTITUDE -0.010742 2.51416 -0.259277
50.350 1 GPS 0 1130805120 0 0 -17000 0 0 0 116000 12 1
50.353 1 IMU_MAG -0.342773 -1.163086 2.91748
50.357 1 ALIVE 252,192,30,119,76,2,109,81,4,151,152,78,131,68,22,125
50.379 1 NAVIGATION 0 2 10801716. -3566302. 1.29394907546e+14 1.29395570246e+14 0 0
50.444 1 ATTITUDE -0.010742 2.513916 -0.259277
50.450 1 DESIRED -0.01 0.11 5. 16. -45. 805. 2.
50.453 1 ESTIMATOR -17.000002 -3e-06
50.456 1 IMU_GYRO -0.006348 -0.005127 0.018066
50.457 1 CALIBRATION -18. 0
50.460 1 PPRZ_MODE 1 3 3 0 0 21
50.544 1 ATTITUDE -0.010742 2.514648 -0.259033
50.548 1 WP_MOVED 3 506350.5 3566257. 805. 12
50.597 1 GPS 0 1130805120 0 0 -17000 0 0 0 116250 12 2
50.629 1 NAVIGATION 0 2 10801716. -3566302. 1.29394907546e+14 1.29395570246e+14 0 0
50.643 1 ATTITUDE -0.010986 2.514893 -0.259033
50.649 1 DESIRED -0.01 0.11 5. 16. -45. 805. 2.
50.655 1 PONG 
50.745 1 ATTITUDE -0.010986 2.515137 -0.259521
50.754 1 IMU_ACCEL -2.478516 0.100586 -9.678711
50.844 1 ATTITUDE -0.010986 2.515381 -0.259277
50.850 1 DESIRED -0.01 0.11 5. 16. -45. 805. 2.
50.856 1 GPS 0 1130805120 0 0 -17000 0 0 0 116500 12 3
50.862 1 GPS_SOL 649519296 5723 9999 0
50.879 1 NAVIGATION 0 2 10801716. -3566302. 1.29394907546e+14 1.29395570246e+14 0 0
50.944 1 ATTITUDE -0.010986 2.515381 -0.258789
50.946 1 ESTIMATOR -17.000002 -2e-06
50.950 1 BAT -128 0 0 0 1 116 114 0
51.044 1 ATTITUDE -0.010986 2.515381 -0.259033
51.050 1 DESIRED -0.01 0.11 5. 16. -45. 805. 2.
51.054 1 WP_MOVED 4 506374.40625 3566337.75 805. 12
51.057 1 IMU_GYRO -0.006348 0. 0.018066
51.061 1 NAVIGATION 0 2 10801716. -3566302. 1.29394907546e+14 1.29395570246e+14 0 0
51.096 1 GPS 0 1130805120 0 0 -17000 0 0 0 116750 12 4
51.129 1 NAVIGATION 0 2 10801716. -3566302. 1.29394907546e+14 1.29395570246e+14 0 0
51.144 1 ATTITUDE -0.010986 2.515137 -0.258789
51.176 1 DOWNLINK_STATUS 31 25508 1144 0 872. 40. 2.72
51.244 1 ATTITUDE -0.010986 2.514893 -0.258789
51.250 1 DESIRED -0.01 0.11 5. 16. -45. 805. 2.
51.343 1 ATTITUDE -0.010986 2.514404 -0.258789
51.349 1 GPS 0 1130805120 0 0 -17000 0 0 0 117000 12 5
51.379 1 NAVIGATION 0 2 10801716. -3566302. 1.29394907546e+14 1.29395570246e+14 0 0
51.444 1 ATTITUDE -0.010986 2.51416 -0.258789
51.450 1 DESIRED -0.01 0.11 5. 16. -45. 805. 2.
51.453 1 ESTIMATOR -17.000002 -2e-06
51.544 1 ATTITUDE -0.010986 2.513916 -0.258789
51.548 1 WP_MOVED 5 506402.3125 3566363.25 820. 12
51.551 1 IMU_ACCEL -2.569336 0.128906 -9.669922
51.597 1 GPS 0 1130805120 0 0 -17000 0 0 0 117250 12 6
51.629 1 NAVIGATION 0 2 10801716. -3566302. 1.29394907546e+14 1.29395570246e+14 0 0
51.644 1 ATTITUDE -0.010986 2.513672 -0.258789
51.650 1 DESIRED -0.01 0.11 5. 16. -45. 805. 2.
51.653 1 IMU_GYRO -0.006348 -0.005127 0.016846
51.656 1 IMU_MAG -0.345215 -1.168945 2.900391
51.744 1 ATTITUDE -0.010986 2.513184 -0.258789
51.746 1 DL_VALUE 6 100.
51.748 1 STATE_FILTER_STATUS 3 0
51.844 1 ATTITUDE -0.01123 2.512939 -0.258789
51.850 1 DESIRED -0.01 0.11 5. 16. -45. 805. 2.
51.856 1 GPS 0 1130805120 0 0 -17000 0 0 0 117500 12 7
51.879 1 NAVIGATION 0 2 10801716. -3566302. 1.29394907546e+14 1.29395570246e+14 0 0
51.944 1 ATTITUDE -0.01123 2.512939 -0.258789
51.947 1 ESTIMATOR -17.000002 -1e-06
52.044 1 ATTITUDE -0.01123 2.512939 -0.258545
52.050 1 DESIRED -0.01 0.11 5. 16. -45. 805. 2.
52.054 1 WP_MOVED 6 506374.40625 3566337.75 820. 12
52.058 1 NAVIGATION 0 2 10801716. -3566302. 1.29394907546e+14 1.29395570246e+14 0 0
52.062 1 BAT -128 0 0 0 1 117 115 0
52.097 1 GPS 0 1130805120 0 0 -17000 0 0 0 117750 12 8
52.127 1 FBW_STATUS 0 46 1 0 0
52.132 1 NAVIGATION 0 2 10801716. -3566302. 1.29394907546e+14 1.29395570246e+14 0 0
52.144 1 ATTITUDE -0.01123 2.512939 -0.258545
52.176 1 DOWNLINK_STATUS 32 26296 1179 0 788. 35. 2.72
52.244 1 ATTITUDE -0.01123 2.512939 -0.258545
52.250 1 DESIRED -0.01 0.11 5. 16. -45. 805. 2.
52.253 1 IMU_GYRO -0.006348 -0.006348 0.016846
52.344 1 ATTITUDE -0.01123 2.513184 -0.258789
52.350 1 GPS 0 1130805120 0 0 -17000 0 0 0 118000 12 9
52.353 1 IMU_ACCEL -2.516602 0.143555 -9.588867
52.379 1 NAVIGATION 0 2 10801716. -3566302. 1.29394907546e+14 1.29395570246e+14 0 0
52.444 1 ATTITUDE -0.01123 2.513428 -0.258789
52.450 1 DESIRED -0.01 0.11 5. 16. -45. 805. 2.
52.453 1 ESTIMATOR -17.000002 -1e-06
52.544 1 ATTITUDE -0.01123 2.513428 -0.258545
52.548 1 WP_MOVED 7 506350.5 3566270.75 805. 12
52.549 1 CALIBRATION -18. 0
52.597 1 GPS 0 1130805120 0 0 -17000 0 0 0 118250 12 10
52.629 1 NAVIGATION 0 2 10801716. -3566302. 1.29394907546e+14 1.29395570246e+14 0 0
52.644 1 ATTITUDE -0.01123 2.513428 -0.258545
52.650 1 DESIRED -0.01 0.11 5. 16. -45. 805. 2.
52.744 1 ATTITUDE -0.01123 2.513184 -0.258545
52.748 1 ENERGY 0. 0. 0 0.
52.750 1 NAVIGATION_REF 506335 3566302 12
52.844 1 ATTITUDE -0.01123 2.513428 -0.258545
52.850 1 DESIRED -0.01 0.11 5. 16. -45. 805. 2.
52.856 1 GPS 0 1130805120 0 0 -17000 0 0 0 118500 12 11
52.859 1 IMU_GYRO -0.00415 -0.001953 0.019043
52.862 1 GPS_SOL 649519296 5766 9999 0
52.879 1 NAVIGATION 0 2 10801716. -3566302. 1.29394907546e+14 1.29395570246e+14 0 0
52.944 1 ATTITUDE -0.01123 2.513184 -0.258545
52.947 1 ESTIMATOR -17.000002 -0.
52.950 1 IMU_MAG -0.342773 -1.166016 2.92041
52.952 1 DOWNLINK 11 822 4362
53.044 1 ATTITUDE -0.010986 2.513428 -0.258545
53.050 1 DESIRED -0.01 0.11 5. 16. -45. 805. 2.
53.054 1 WP_MOVED 8 506254.8125 3566257.5 815. 12
53.058 1 NAVIGATION 0 2 10801716. -3566302. 1.29394907546e+14 1.29395570246e+14 0 0
53.097 1 GPS 0 1130805120 0 0 -17000 0 0 0 118750 12 12
53.129 1 NAVIGATION 0 2 10801716. -3566302. 1.29394907546e+14 1.29395570246e+14 0 0
53.146 1 ATTITUDE -0.010986 2.513428 -0.258545
53.146 1 IMU_ACCEL -2.506836 0.085938 -9.588867
53.150 1 BAT -128 0 0 0 1 119 117 0
53.177 1 DOWNLINK_STATUS 33 27160 1218 0 864. 39. 2.72
