2.044 1 NAVIGATION 0 1 10801716. -3566302. 1.29396962755e+14 1.29395570246e+14 0 0
2.069 1 ATTITUDE 3.077393 0.772461 -0.19458
2.075 1 DESIRED -0.02 1.21 5. -85. -64. 815. 2.
2.157 1 ATTITUDE 3.081055 0.745117 -0.19458
2.277 1 ATTITUDE 3.084229 0.752197 -0.195312
2.283 1 DESIRED -0.02 1.22 5. -85. -64. 815. 2.
2.288 1 GPS 0 1130805120 0 0 -17000 0 0 0 363000 12 5
2.291 1 IMU_GYRO 0.032227 0.046143 0.032227
2.314 1 NAVIGATION 0 1 10801716. -3566302. 1.29396962755e+14 1.29395570246e+14 0 0
2.365 1 ATTITUDE 3.086182 0.781982 -0.195801
2.367 1 ESTIMATOR -17. 0.
2.370 1 IMU_ACCEL -0.709961 -0.145508 -9.980469
2.475 1 ATTITUDE 3.084473 0.759033 -0.196045
2.482 1 DESIRED -0.02 1.22 5. -85. -64. 815. 2.
2.484 1 WP_MOVED 4 506240. 3566357.25 805. 12
2.508 1 NAVIGATION 0 1 10801716. -3566302. 1.29396962755e+14 1.29395570246e+14 0 0
2.539 1 GPS 0 1130805120 0 0 -17000 0 0 0 363250 12 6
2.563 1 FBW_STATUS 0 46 0 123 0
2.568 1 NAVIGATION 0 1 10801716. -3566302. 1.29396962755e+14 1.29395570246e+14 0 0
2.597 1 ATTITUDE 3.086426 0.755859 -0.195557
2.601 1 BAT 0 123 0 0 0 152 152 0
2.603 1 CALIBRATION 0. 0
2.668 1 ATTITUDE 3.085205 0.777344 -0.194824
2.674 1 DESIRED -0.02 1.22 5. -85. -64. 815. 2.
2.675 1 DL_VALUE 2 815.
2.766 1 ATTITUDE 3.083984 0.752686 -0.195312
2.771 1 GPS 0 1130805120 0 0 -17000 0 0 0 363500 12 7
2.797 1 NAVIGATION 0 1 10801716. -3566302. 1.29396962755e+14 1.29395570246e+14 0 0
2.872 1 ATTITUDE 3.085205 0.756348 -0.194824
2.879 1 DESIRED -0.02 1.22 5. -85. -64. 815. 2.
2.880 1 ESTIMATOR -17. 0.
2.902 1 IMU_GYRO 0.011719 0.009521 0.018311
2.962 1 ATTITUDE 3.086182 0.748779 -0.195068
2.964 1 DOWNLINK_STATUS 3 2506 113 0 790. 35. 0.
2.965 1 WP_MOVED 5 506446.09375 3566366.5 820. 12
3.013 1 GPS 0 1130805120 0 0 -17000 0 0 0 363750 12 8
3.044 1 NAVIGATION 0 1 10801716. -3566302. 1.29396962755e+14 1.29395570246e+14 0 0
3.069 1 ATTITUDE 3.090088 0.75708 -0.195068
3.075 1 DESIRED -0.02 1.22 5. -85. -64. 815. 2.
3.165 1 ATTITUDE 3.088135 0.75 -0.195312
3.169 1 IMU_ACCEL -0.672852 -0.217773 -9.789062
3.174 1 IMU_MAG 0.627441 1.019043 -0.23584
3.276 1 ATTITUDE 3.090576 0.751221 -0.195068
3.282 1 DESIRED -0.02 1.22 5. -85. -64. 815. 2.
3.288 1 GPS 0 1130805120 0 0 -17000 0 0 0 364000 12 9
3.291 1 GPS_SOL 796903360 105315 9999 0
3.316 1 NAVIGATION 0 1 10801716. -3566302. 1.29396962755e+14 1.29395570246e+14 0 0
3.363 1 ATTITUDE 3.09082 0.77002 -0.194824
3.364 1 ESTIMATOR -17. 0.
3.366 1 STATE_FILTER_STATUS 3 0
3.478 1 ATTITUDE 3.087402 0.749756 -0.194824
3.485 1 DESIRED -0.02 1.22 5. -85. -64. 815. 2.
3.488 1 WP_MOVED 0 506377. 3566344. 757. 12
3.491 1 IMU_GYRO 0.013916 0.063477 0.020264
3.496 1 NAVIGATION 0 1 10801716. -3566302. 1.29396962755e+14 1.29395570246e+14 0 0
3.522 1 GPS 0 1130805120 0 0 -17000 0 0 0 364250 12 10
3.549 1 NAVIGATION 0 1 10801716. -3566302. 1.29396962755e+14 1.29395570246e+14 0 0
3.572 1 ATTITUDE 3.092529 0.740723 -0.194824
3.670 1 ATTITUDE 3.091309 0.741943 -0.195068
3.677 1 DESIRED -0.02 1.22 5. -85. -64. 815. 2.
3.678 1 BAT 0 123 0 0 0 153 153 0
3.765 1 ATTITUDE 3.089355 0.736572 -0.195312
3.770 1 GPS 0 1130805120 0 0 -17000 0 0 0 364500 12 11
3.797 1 NAVIGATION 0 1 10801716. -3566302. 1.29396962755e+14 1.29395570246e+14 0 0
3.867 1 ATTITUDE 3.0896 0.760742 -0.195312
3.874 1 DESIRED -0.02 1.22 5. -85. -64. 815. 2.
3.876 1 ESTIMATOR -17. 0.
3.965 1 DOWNLINK_STATUS 4 3268 146 0 762. 33. 0.
3.965 1 ATTITUDE 3.088379 0.751953 -0.195557
3.969 1 WP_MOVED 1 506335. 3566302. 765. 12
3.972 1 IMU_ACCEL -0.597656 -0.181641 -10.018555
4.014 1 GPS 0 1130805120 0 0 -17000 0 0 0 364750 12 12
4.045 1 NAVIGATION 0 1 10801716. -3566302. 1.29396962755e+14 1.29395570246e+14 0 0
4.076 1 ATTITUDE 3.085693 0.794189 -0.195312
4.082 1 DESIRED -0.02 1.22 5. -85. -64. 815. 2.
4.084 1 IMU_GYRO 0.020264 0.003174 0.022461
4.164 1 ATTITUDE 3.084473 0.748779 -0.196045
4.165 1 DL_VALUE 3 0.
4.169 1 ENERGY 12.3 0. 0 0.
4.273 1 ATTITUDE 3.090332 0.753418 -0.195801
4.279 1 DESIRED -0.02 1.22 5. -85. -64. 815. 2.
4.284 1 GPS 0 1130805120 0 0 -17000 0 0 0 365000 12 13
4.313 1 NAVIGATION 0 1 10801716. -3566302. 1.29396962755e+14 1.29395570246e+14 0 0
4.361 1 ATTITUDE 3.090088 0.75708 -0.195312
4.362 1 ESTIMATOR -17. 0.
4.479 1 ATTITUDE 3.084717 0.749512 -0.196289
4.486 1 DESIRED -0.02 1.22 5. -85. -64. 815. 2.
4.489 1 WP_MOVED 2 506250.1875 3566238.5 815. 12
4.494 1 NAVIGATION 0 1 10801716. -3566302. 1.29396962755e+14 1.29395570246e+14 0 0
4.496 1 IMU_MAG 0.628906 1.010254 -0.22998
4.524 1 GPS 0 1130805120 0 0 -17000 0 0 0 365250 12 1
4.552 1 FBW_STATUS 0 48 0 123 0
4.558 1 NAVIGATION 0 1 10801716. -3566302. 1.29396962755e+14 1.29395570246e+14 0 0
4.583 1 ATTITUDE 3.085205 0.789307 -0.196289
4.672 1 ATTITUDE 3.08667 0.742188 -0.196045
4.677 1 DESIRED -0.02 1.22 5. -85. -64. 815. 2.
4.680 1 IMU_GYRO 0.011719 0.030029 0.024658
4.682 1 CALIBRATION 0. 0
4.774 1 ATTITUDE 3.085205 0.744629 -0.195801
4.779 1 GPS 0 1130805120 0 0 -17000 0 0 0 365500 12 2
4.781 1 IMU_ACCEL -0.672852 -0.253906 -9.942383
4.785 1 BAT 0 123 0 0 0 154 154 0
4.811 1 NAVIGATION 0 1 10801716. -3566302. 1.29396962755e+14 1.29395570246e+14 0 0
4.868 1 ATTITUDE 3.080566 0.783447 -0.195557
4.874 1 DESIRED -0.02 1.21 5. -85. -64. 815. 2.
4.876 1 ESTIMATOR -17. 0.
4.962 1 ATTITUDE 3.080078 0.744385 -0.195801
4.964 1 DOWNLINK_STATUS 5 4132 185 0 864. 39. 0.
4.966 1 WP_MOVED 3 506436.09375 3566244.75 805. 12
5.014 1 GPS 0 1130805120 0 0 -17000 0 0 0 365750 12 3
5.043 1 NAVIGATION 0 1 10801716. -3566302. 1.29396962755e+14 1.29395570246e+14 0 0
5.075 1 ATTITUDE 3.07959 0.791016 -0.195312
5.081 1 DESIRED -0.02 1.21 5. -85. -64. 815. 2.
5.083 1 DOWNLINK 16 824 5670
5.166 1 ATTITUDE 3.080811 0.749512 -0.195801
5.166 1 NAVIGATION_REF 506335 3566302 12
5.281 1 ATTITUDE 3.082031 0.746094 -0.195557
5.287 1 DESIRED -0.02 1.21 5. -85. -64. 815. 2.
5.291 1 GPS 0 1130805120 0 0 -17000 0 0 0 366000 12 4
5.294 1 IMU_GYRO 0.013916 0.077393 0.01709
5.297 1 GPS_SOL 796917824 105344 9999 0
5.324 1 NAVIGATION 0 1 10801716. -3566302. 1.29396962755e+14 1.29395570246e+14 0 0
5.360 1 ATTITUDE 3.08667 0.777832 -0.194824
5.363 1 ESTIMATOR -17. 0.
5.476 1 ATTITUDE 3.085693 0.759033 -0.194336
5.482 1 DESIRED -0.02 1.22 5. -85. -64. 815. 2.
5.484 1 WP_MOVED 4 506240. 3566357.25 805. 12
5.490 1 NAVIGATION 0 1 10801716. -3566302. 1.29396962755e+14 1.29395570246e+14 0 0
5.514 1 PONG 
5.541 1 GPS 0 1130805120 0 0 -17000 0 0 0 366250 12 5
5.570 1 NAVIGATION 0 1 10801716. -3566302. 1.29396962755e+14 1.29395570246e+14 0 0
5.595 1 ATTITUDE 3.080566 0.772461 -0.195068
5.598 1 IMU_ACCEL -0.74707 -0.253906 -9.942383
5.602 1 STATE_FILTER_STATUS 3 0
5.638 1 COMMANDS 0,-275,-2037
5.669 1 ATTITUDE 3.07959 0.745117 -0.195312
5.675 1 DESIRED -0.02 1.21 5. -85. -64. 815. 2.
5.677 1 DL_VALUE 4 0.
5.738 1 ACTUATORS 1000,1394,1485
5.772 1 ATTITUDE 3.083984 0.769287 -0.195068
5.779 1 GPS 0 1130805120 0 0 -17000 0 0 0 366500 12 6
5.781 1 IMU_MAG 0.649414 0.986328 -0.224121
5.804 1 NAVIGATION 0 1 10801716. -3566302. 1.29396962755e+14 1.29395570246e+14 0 0
5.877 1 ATTITUDE 3.083984 0.780029 -0.195068
5.883 1 DESIRED -0.02 1.22 5. -85. -64. 815. 2.
5.885 1 ESTIMATOR -17. 0.
5.888 1 IMU_GYRO 0.011719 0.019287 0.026855
5.891 1 BAT 0 123 0 0 0 155 155 0
5.962 1 ATTITUDE 3.084229 0.772217 -0.195557
5.964 1 DOWNLINK_STATUS 6 4999 226 0 867. 41. 50.59
5.965 1 WP_MOVED 5 506446.09375 3566366.5 820. 12
6.013 1 GPS 0 1130805120 0 0 -17000 0 0 0 366750 12 7
6.045 1 NAVIGATION 0 1 10801716. -3566302. 1.29396962755e+14 1.29395570246e+14 0 0
6.071 1 ATTITUDE 3.081299 0.800049 -0.195557
6.077 1 DESIRED -0.02 1.21 5. -85. -64. 815. 2.
6.158 1 ATTITUDE 3.082764 0.763672 -0.195557
6.273 1 ATTITUDE 3.085205 0.767578 -0.195312
6.279 1 DESIRED -0.02 1.22 5. -85. -64. 815. 2.
6.284 1 GPS 0 1130805120 0 0 -17000 0 0 0 367000 12 8
6.315 1 NAVIGATION 0 1 10801716. -3566302. 1.29396962755e+14 1.29395570246e+14 0 0
6.365 1 ATTITUDE 3.082275 0.799072 -0.195312
6.367 1 ESTIMATOR -17. 0.
6.370 1 IMU_ACCEL -0.672852 -0.217773 -9.980469
6.480 1 ATTITUDE 3.083008 0.769287 -0.195312
6.486 1 DESIRED -0.02 1.21 5. -85. -64. 815. 2.
6.488 1 WP_MOVED 0 506377. 3566344. 757. 12
6.492 1 IMU_GYRO 0.01709 0.058105 0.030029
6.497 1 NAVIGATION 0 1 10801716. -3566302. 1.29396962755e+14 1.29395570246e+14 0 0
6.523 1 GPS 0 1130805120 0 0 -17000 0 0 0 367250 12 9
6.547 1 FBW_STATUS 0 49 0 123 0
6.552 1 NAVIGATION 0 1 10801716. -3566302. 1.29396962755e+14 1.29395570246e+14 0 0
6.576 1 ATTITUDE 3.085205 0.755859 -0.194824
6.669 1 ATTITUDE 3.083008 0.762939 -0.19458
6.675 1 DESIRED -0.02 1.21 5. -85. -64. 815. 2.
6.679 1 ENERGY 12.3 0. 0 0.
6.773 1 ATTITUDE 3.084473 0.752197 -0.194824
6.779 1 GPS 0 1130805120 0 0 -17000 0 0 0 367500 12 10
6.780 1 CALIBRATION 0. 0
6.784 1 ALIVE 36,70,0,158,161,54,187,248,41,66,149,246,247,166,80,39
6.815 1 NAVIGATION 0 1 10801716. -3566302. 1.29396962755e+14 1.29395570246e+14 0 0
6.871 1 ATTITUDE 3.084717 0.786377 -0.193848
6.877 1 DESIRED -0.02 1.22 5. -85. -64. 815. 2.
6.879 1 ESTIMATOR -17. 0.
6.881 1 PPRZ_MODE 0 3 3 0 0 17
6.965 1 DOWNLINK_STATUS 7 5777 260 0 778. 34. 50.59
6.966 1 ATTITUDE 3.084961 0.75 -0.194824
6.971 1 WP_MOVED 1 506335. 3566302. 765. 12
6.973 1 BAT 1 123 0 0 0 156 156 0
7.012 1 GPS 0 1130805120 0 0 -17000 0 0 0 367750 12 11
7.047 1 NAVIGATION 0 1 10801716. -3566302. 1.29396962755e+14 1.29395570246e+14 0 0
7.077 1 ATTITUDE 3.084473 0.785889 -0.193848
7.082 1 DESIRED -0.02 1.22 5. -85. -64. 815. 2.
7.086 1 IMU_GYRO 0.024658 0.030029 0.031006
7.089 1 IMU_MAG 0.649414 0.990723 -0.226074
7.164 1 ATTITUDE 3.084473 0.750488 -0.194824
7.166 1 IMU_ACCEL -0.523438 -0.253906 -9.828125
7.168 1 DL_VALUE 5 0.
7.276 1 ATTITUDE 3.084717 0.753662 -0.194336
7.282 1 DESIRED -0.02 1.22 5. -85. -64. 815. 2.
7.288 1 GPS 0 1130805120 0 0 -17000 0 0 0 368000 12 12
7.290 1 GPS_SOL 796932480 105372 9999 0
7.312 1 NAVIGATION 0 1 10801716. -3566302. 1.29396962755e+14 1.29395570246e+14 0 0
7.359 1 ATTITUDE 3.086914 0.755615 -0.194092
7.363 1 ESTIMATOR -17. 0.
7.475 1 ATTITUDE 3.084717 0.761475 -0.193604
7.481 1 DESIRED -0.02 1.22 5. -85. -64. 815. 2.
7.484 1 WP_MOVED 2 506250.1875 3566238.5 815. 12
7.489 1 NAVIGATION 0 1 10801716. -3566302. 1.29396962755e+14 1.29395570246e+14 0 0
7.522 1 GPS 0 1130805120 0 0 -17000 0 0 0 368250 12 13
7.546 1 NAVIGATION 0 1 10801716. -3566302. 1.29396962755e+14 1.29395570246e+14 0 0
7.570 1 ATTITUDE 3.085205 0.791992 -0.194092
7.669 1 ATTITUDE 3.083984 0.759521 -0.194824
7.674 1 DESIRED -0.02 1.22 5. -85. -64. 815. 2.
7.678 1 IMU_GYRO 0.016113 0.008545 0.022461
7.767 1 ATTITUDE 3.084229 0.762207 -0.194336
7.772 1 GPS 0 1130805120 0 0 -17000 0 0 0 368500 12 1
7.773 1 STATE_FILTER_STATUS 3 0
7.796 1 NAVIGATION 0 1 10801716. -3566302. 1.29396962755e+14 1.29395570246e+14 0 0
7.868 1 ATTITUDE 3.084229 0.7771 -0.194336
7.874 1 DESIRED -0.02 1.22 5. -85. -64. 815. 2.
7.875 1 ESTIMATOR -17. 0.
7.966 1 ATTITUDE 3.083008 0.756836 -0.19458
7.966 1 DOWNLINK_STATUS 8 6604 297 0 827. 37. 50.59
7.968 1 WP_MOVED 3 506436.09375 3566244.75 805. 12
7.973 1 IMU_ACCEL -0.560547 -0.145508 -10.018555
8.012 1 GPS 0 1130805120 0 0 -17000 0 0 0 368750 12 2
8.044 1 NAVIGATION 0 1 10801716. -3566302. 1.29396962755e+14 1.29395570246e+14 0 0
8.074 1 ATTITUDE 3.084229 0.786621 -0.19458
8.081 1 DESIRED -0.02 1.22 5. -85. -64. 815. 2.
8.084 1 BAT 0 123 0 0 0 157 157 0
8.156 1 ATTITUDE 3.080322 0.761719 -0.195068
8.277 1 ATTITUDE 3.07959 0.755859 -0.195801
8.282 1 DESIRED -0.02 1.21 5. -85. -64. 815. 2.
8.287 1 GPS 0 1130805120 0 0 -17000 0 0 0 369000 12 3
8.290 1 IMU_GYRO 0.045166 -0.011719 0.014893
8.315 1 NAVIGATION 0 1 10801716. -3566302. 1.29396962755e+14 1.29395570246e+14 0 0
8.364 1 ATTITUDE 3.073975 0.779053 -0.197266
8.366 1 ESTIMATOR -17. 0.
8.370 1 IMU_MAG 0.657227 1.03418 -0.218262
8.474 1 ATTITUDE 3.036865 0.768555 -0.199463
8.481 1 DESIRED -0.02 1.19 5. -85. -64. 815. 2.
8.484 1 WP_MOVED 4 506240. 3566357.25 805. 12
8.489 1 NAVIGATION 0 1 10801716. -3566302. 1.29396962755e+14 1.29395570246e+14 0 0
8.518 1 GPS 0 1130805120 0 0 -17000 0 0 0 369250 12 4
8.552 1 FBW_STATUS 0 48 0 123 0
8.553 1 NAVIGATION 0 1 10801716. -3566302. 1.29396962755e+14 1.29395570246e+14 0 0
8.582 1 ATTITUDE 2.952393 0.803711 -0.205078
8.669 1 ATTITUDE 2.906494 0.77124 -0.212646
8.673 1 DESIRED -0.02 1.14 5. -85. -64. 815. 2.
8.676 1 DL_VALUE 6 120.
8.769 1 ATTITUDE 2.808105 0.747559 -0.228027
8.775 1 GPS 0 1130805120 0 0 -17000 0 0 0 369500 12 5
8.777 1 IMU_ACCEL -2.318359 -2.146484 -9.445312
8.806 1 NAVIGATION 0 1 10801716. -3566302. 1.29396962755e+14 1.29395570246e+14 0 0
8.874 1 ATTITUDE 2.526123 0.653076 -0.250244
8.881 1 DESIRED -0.02 0.97 5. -85. -64. 815. 2.
8.882 1 ESTIMATOR -17. 0.
8.885 1 IMU_GYRO 0.325195 -1.779297 -0.074219
8.887 1 CALIBRATION 0. 0
8.962 1 ATTITUDE 2.401855 0.521484 -0.262695
8.965 1 WP_MOVED 5 506446.09375 3566366.5 820. 12
8.966 1 DOWNLINK_STATUS 9 7450 335 0 846. 38. 50.59
9.014 1 GPS 0 1130805120 0 0 -17000 0 0 0 369750 12 6
9.043 1 NAVIGATION 0 1 10801716. -3566302. 1.29396962755e+14 1.29395570246e+14 0 0
9.070 1 ATTITUDE 2.322754 0.425293 -0.272705
9.077 1 DESIRED -0.02 0.88 5. -85. -64. 815. 2.
9.166 1 ATTITUDE 2.24292 0.285889 -0.293457
9.170 1 BAT 0 123 0 0 0 158 158 0
9.173 1 ENERGY 12.3 0. 0 0.
9.276 1 ATTITUDE 2.237061 0.24585 -0.320312
9.282 1 DESIRED -0.02 0.85 5. -85. -64. 815. 2.
9.288 1 GPS 0 1130805120 0 0 -17000 0 0 0 370000 12 7
9.291 1 GPS_SOL 796947072 105401 9999 0
9.318 1 NAVIGATION 0 1 10801716. -3566302. 1.29396962755e+14 1.29395570246e+14 0 0
9.361 1 ATTITUDE 2.155273 0.073975 -0.33374
9.362 1 ESTIMATOR -17. 0.
9.480 1 ATTITUDE 2.078125 -0.087646 -0.335938
9.486 1 DESIRED -0.02 0.78 5. -85. -64. 815. 2.
9.488 1 WP_MOVED 0 506377. 3566344. 757. 12
9.491 1 IMU_GYRO -0.029053 -0.429688 -0.106445
9.497 1 NAVIGATION 0 1 10801716. -3566302. 1.29396962755e+14 1.29395570246e+14 0 0
9.524 1 GPS 0 1130805120 0 0 -17000 0 0 0 370250 12 8
9.552 1 NAVIGATION 0 1 10801716. -3566302. 1.29396962755e+14 1.29395570246e+14 0 0
9.580 1 ATTITUDE 2.049561 -0.214355 -0.34082
9.583 1 IMU_ACCEL -7.703125 -1.52832 -6.768555
9.669 1 ATTITUDE 2.039062 -0.213379 -0.33667
9.675 1 DESIRED -0.02 0.76 5. -85. -64. 815. 2.
9.677 1 IMU_MAG 0.509766 0.842773 0.708008
9.765 1 ATTITUDE 2.047852 -0.170898 -0.337646
9.771 1 GPS 0 1130805120 0 0 -17000 0 0 0 370500 12 9
9.799 1 NAVIGATION 0 1 10801716. -3566302. 1.29396962755e+14 1.29395570246e+14 0 0
9.869 1 ATTITUDE 2.058838 -0.200684 -0.338623
9.874 1 DESIRED -0.02 0.77 5. -85. -64. 815. 2.
9.876 1 ESTIMATOR -17. 0.
9.964 1 ATTITUDE 2.082031 -0.108887 -0.340576
9.966 1 DOWNLINK_STATUS 10 8221 368 0 771. 33. 50.59
9.968 1 WP_MOVED 1 506335. 3566302. 765. 12
9.968 1 STATE_FILTER_STATUS 3 0
10.013 1 GPS 0 1130805120 0 0 -17000 0 0 0 370750 12 10
10.044 1 NAVIGATION 0 1 10801716. -3566302. 1.29396962755e+14 1.29395570246e+14 0 0
10.074 1 ATTITUDE 2.097412 -0.115234 -0.343506
10.081 1 DESIRED -0.02 0.78 5. -85. -64. 815. 2.
10.085 1 IMU_GYRO 0.118408 0.236816 0.094727
10.163 1 ATTITUDE 2.105713 -0.088623 -0.343506
10.164 1 DL_VALUE 7 0.
10.166 1 DOWNLINK 16 812 5857
10.277 1 ATTITUDE 2.098389 -0.087646 -0.340576
10.283 1 DESIRED -0.02 0.79 5. -85. -64. 815. 2.
10.288 1 GPS 0 1130805120 0 0 -17000 0 0 0 371000 12 11
10.291 1 BAT 0 123 0 0 0 159 159 0
10.319 1 NAVIGATION 0 1 10801716. -3566302. 1.29396962755e+14 1.29395570246e+14 0 0
10.365 1 ATTITUDE 2.091064 -0.154053 -0.334229
10.366 1 ESTIMATOR -17. 0.
10.370 1 IMU_ACCEL -8.414062 -2.510742 -5.621094
10.475 1 ATTITUDE 2.10376 -0.087891 -0.342773
10.481 1 DESIRED -0.02 0.79 5. -85. -64. 815. 2.
10.484 1 WP_MOVED 2 506250.1875 3566238.5 815. 12
10.490 1 NAVIGATION 0 1 10801716. -3566302. 1.29396962755e+14 1.29395570246e+14 0 0
10.515 1 PONG 
10.540 1 GPS 0 1130805120 0 0 -17000 0 0 0 371250 12 12
10.562 1 FBW_STATUS 0 49 0 123 0
10.568 1 NAVIGATION 0 1 10801716. -3566302. 1.29396962755e+14 1.29395570246e+14 0 0
10.596 1 ATTITUDE 2.092041 -0.147705 -0.326416
10.638 1 COMMANDS 0,-236,-2094
10.671 1 ATTITUDE 2.088867 -0.095703 -0.271729
10.674 1 DESIRED -0.02 0.78 5. -85. -64. 815. 2.
10.678 1 IMU_GYRO -0.219727 -0.564209 0.48999
10.694 1 WIND_INFO 1 42 0. 0. 0.
10.748 1 ACTUATORS 1000,1395,1485
10.764 1 ATTITUDE 2.005615 -0.1875 -0.222412
10.771 1 GPS 0 1130805120 0 0 -17000 0 0 0 371500 12 13
10.798 1 NAVIGATION 0 1 10801716. -3566302. 1.29396962755e+14 1.29395570246e+14 0 0
10.869 1 ATTITUDE 1.864014 -0.443604 -0.175537
10.875 1 DESIRED -0.02 0.68 5. -85. -64. 815. 2.
10.876 1 ESTIMATOR -17. 0.
10.967 1 DOWNLINK_STATUS 11 9034 406 0 813. 38. 50.62
10.968 1 ATTITUDE 1.678467 -0.724854 -0.143555
10.972 1 WP_MOVED 3 506436.09375 3566244.75 805. 12
10.975 1 IMU_MAG 0.59375 0.537598 0.979004
10.977 1 CALIBRATION 0. 0
11.014 1 GPS 0 1130805120 0 0 -17000 0 0 0 371750 12 1
11.045 1 NAVIGATION 0 1 10801716. -3566302. 1.29396962755e+14 1.29395570246e+14 0 0
11.072 1 ATTITUDE 1.437012 -1.025879 -0.112793
11.080 1 DESIRED -0.02 0.5 5. -85. -64. 815. 2.
11.162 1 ATTITUDE 1.124512 -1.242188 -0.08252
11.165 1 IMU_ACCEL -10.05957 -1.054688 5.544922
11.281 1 ATTITUDE 0.901855 -1.4021 -0.072754
11.287 1 DESIRED -0.02 0.26 5. -85. -64. 815. 2.
11.292 1 GPS 0 1130805120 0 0 -17000 0 0 0 372000 12 2
11.296 1 IMU_GYRO 0.131348 -0.779785 -0.356445
11.298 1 GPS_SOL 796961920 105429 9999 0
11.324 1 NAVIGATION 0 1 10801716. -3566302. 1.29396962755e+14 1.29395570246e+14 0 0
11.366 1 ATTITUDE 0.807373 -1.501709 -0.084961
11.367 1 ESTIMATOR -17. 0.
11.372 1 BAT 0 123 0 0 0 160 160 0
11.475 1 ATTITUDE 0.510986 -1.740967 -0.105225
11.481 1 DESIRED -0.02 0.09 5. -85. -64. 815. 2.
11.484 1 WP_MOVED 4 506240. 3566357.25 805. 12
11.489 1 NAVIGATION 0 1 10801716. -3566302. 1.29396962755e+14 1.29395570246e+14 0 0
11.518 1 GPS 0 1130805120 0 0 -17000 0 0 0 372250 12 3
11.548 1 NAVIGATION 0 1 10801716. -3566302. 1.29396962755e+14 1.29395570246e+14 0 0
11.574 1 ATTITUDE 0.275391 -2.11377 -0.134766
11.672 1 ATTITUDE 0.140625 -2.232666 -0.157715
11.679 1 DESIRED -0.02 -0.07 5. -85. -64. 815. 2.
11.679 1 DL_VALUE 8 0.
11.682 1 ENERGY 12.3 0. 0 0.
11.769 1 ATTITUDE 0.051758 -2.348145 -0.156738
11.775 1 GPS 0 1130805120 0 0 -17000 0 0 0 372500 12 4
11.779 1 ALIVE 36,70,0,158,161,54,187,248,41,66,149,246,247,166,80,39
11.808 1 NAVIGATION 0 1 10801716. -3566302. 1.29396962755e+14 1.29395570246e+14 0 0
11.875 1 ATTITUDE -0.001953 -2.384033 -0.128662
11.881 1 DESIRED -0.02 -0.13 5. -85. -64. 815. 2.
11.882 1 ESTIMATOR -17. 0.
11.885 1 IMU_GYRO 0.272461 0.016113 0.144287
11.887 1 PPRZ_MODE 0 3 3 0 0 17
11.965 1 ATTITUDE -0.010498 -2.373047 -0.094238
11.966 1 DOWNLINK_STATUS 12 9918 446 0 884. 40. 50.62
11.968 1 WP_MOVED 5 506446.09375 3566366.5 820. 12
11.972 1 IMU_ACCEL -0.335938 -2.037109 9.483398
12.013 1 GPS 0 1130805120 0 0 -17000 0 0 0 372750 12 5
12.044 1 NAVIGATION 0 1 10801716. -3566302. 1.29396962755e+14 1.29395570246e+14 0 0
12.071 1 ATTITUDE -0.006104 -2.337158 -0.051025
12.077 1 DESIRED -0.02 -0.13 5. -85. -64. 815. 2.
12.159 1 ATTITUDE -0.011719 -2.317139 -0.008789
12.160 1 STATE_FILTER_STATUS 3 0
12.276 1 ATTITUDE 0.022217 -2.280273 0.022217
12.282 1 DESIRED -0.02 -0.12 5. -85. -64. 815. 2.
12.288 1 GPS 0 1130805120 0 0 -17000 0 0 0 373000 12 6
12.290 1 IMU_MAG 0.595703 -0.818848 0.390625
12.320 1 NAVIGATION 0 1 10801716. -3566302. 1.29396962755e+14 1.29395570246e+14 0 0
12.360 1 ATTITUDE 0.030273 -2.295166 0.044678
12.363 1 ESTIMATOR -17. 0.
12.479 1 ATTITUDE -0.03125 -2.290283 0.068115
12.485 1 DESIRED -0.02 -0.12 5. -85. -64. 815. 2.
12.488 1 WP_MOVED 0 506377. 3566344. 757. 12
12.491 1 IMU_GYRO 0.119385 -0.717285 -0.199219
12.496 1 NAVIGATION 0 1 10801716. -3566302. 1.29396962755e+14 1.29395570246e+14 0 0
12.521 1 GPS 0 1130805120 0 0 -17000 0 0 0 373250 12 7
12.550 1 FBW_STATUS 0 49 0 123 0
12.558 1 NAVIGATION 0 1 10801716. -3566302. 1.29396962755e+14 1.29395570246e+14 0 0
12.577 1 ATTITUDE -0.077393 -2.357178 0.073242
12.665 1 ATTITUDE -0.091553 -2.356934 0.050049
12.671 1 DESIRED -0.02 -0.09 5. -85. -64. 815. 2.
12.769 1 ATTITUDE -0.135254 -2.4021 0.014404
12.775 1 GPS 0 1130805120 0 0 -17000 0 0 0 373500 12 8
12.777 1 IMU_ACCEL 1.495117 -1.819336 10.592773
12.804 1 NAVIGATION 0 1 10801716. -3566302. 1.29396962755e+14 1.29395570246e+14 0 0
12.867 1 ATTITUDE -0.132568 -2.436279 -0.001221
12.874 1 DESIRED -0.02 -0.07 5. -85. -64. 815. 2.
12.876 1 ESTIMATOR -17. 0.
12.961 1 ATTITUDE -0.076416 -2.414551 0.00415
12.964 1 WP_MOVED 1 506335. 3566302. 765. 12
12.967 1 DOWNLINK_STATUS 13 10713 481 0 795. 35. 50.62
13.013 1 GPS 0 1130805120 0 0 -17000 0 0 0 373750 12 9
13.044 1 NAVIGATION 0 1 10801716. -3566302. 1.29396962755e+14 1.29395570246e+14 0 0
13.073 1 ATTITUDE -0.019043 -2.401855 0.014648
13.079 1 DESIRED -0.02 -0.12 5. -85. -64. 815. 2.
13.082 1 IMU_GYRO 0.184082 0.243408 -0.055908
13.084 1 CALIBRATION 0. 0
13.159 1 ATTITUDE -0.012207 -2.393066 0.040039
13.161 1 DL_VALUE 9 0.
13.276 1 ATTITUDE -0.011475 -2.394531 0.075928
13.282 1 DESIRED -0.02 -0.13 5. -85. -64. 815. 2.
13.287 1 GPS 0 1130805120 0 0 -17000 0 0 0 374000 12 10
13.290 1 GPS_SOL 796976640 105457 9999 0
13.320 1 NAVIGATION 0 1 10801716. -3566302. 1.29396962755e+14 1.29395570246e+14 0 0
13.361 1 ATTITUDE -0.017822 -2.416992 0.117188
13.362 1 ESTIMATOR -17. 0.
13.475 1 ATTITUDE -0.036621 -2.412842 0.151611
13.481 1 DESIRED -0.02 -0.11 5. -85. -64. 815. 2.
13.484 1 WP_MOVED 2 506250.1875 3566238.5 815. 12
13.489 1 NAVIGATION 0 1 10801716. -3566302. 1.29396962755e+14 1.29395570246e+14 0 0
13.517 1 GPS 0 1130805120 0 0 -17000 0 0 0 374250 12 11
13.551 1 NAVIGATION 0 1 10801716. -3566302. 1.29396962755e+14 1.29395570246e+14 0 0
13.582 1 ATTITUDE -0.065918 -2.49707 0.169678
13.584 1 IMU_ACCEL 0.485352 0.582031 7.495117
13.587 1 BAT 1 123 0 0 0 163 163 0
13.590 1 IMU_MAG 0.463379 -0.932129 0.359863
13.669 1 ATTITUDE -0.079834 -2.496826 0.178223
13.674 1 DESIRED -0.02 -0.1 5. -85. -64. 815. 2.
13.677 1 IMU_GYRO -0.094727 0.101074 -1.080322
13.765 1 ATTITUDE -0.111816 -2.554688 0.173096
13.770 1 GPS 0 1130805120 0 0 -17000 0 0 0 374500 12 12
13.800 1 NAVIGATION 0 1 10801716. -3566302. 1.29396962755e+14 1.29395570246e+14 0 0
13.867 1 ATTITUDE -0.123047 -2.618896 0.148193
13.874 1 DESIRED -0.02 -0.08 5. -85. -64. 815. 2.
13.876 1 ESTIMATOR -17. 0.
13.961 1 ATTITUDE -0.075928 -2.634277 0.11377
13.965 1 WP_MOVED 3 506436.09375 3566244.75 805. 12
13.968 1 DOWNLINK_STATUS 14 11524 517 0 811. 36. 50.62
14.013 1 GPS 0 1130805120 0 0 -17000 0 0 0 374750 12 13
14.044 1 NAVIGATION 0 1 10801716. -3566302. 1.29396962755e+14 1.29395570246e+14 0 0
14.070 1 ATTITUDE 0.004395 -2.695312 0.08252
14.076 1 DESIRED -0.02 -0.13 5. -85. -64. 815. 2.
14.166 1 ATTITUDE 0.024414 -2.744141 0.053711
14.168 1 ENERGY 12.3 0. 0 0.
14.190 1 NAVIGATION_REF 506335 3566302 12
14.276 1 ATTITUDE -0.011719 -2.850342 0.0354
14.282 1 DESIRED -0.02 -0.13 5. -85. -64. 815. 2.
14.287 1 GPS 0 1130805120 0 0 -17000 0 0 0 375000 12 1
14.306 1 IMU_GYRO -0.115234 -0.577148 -0.572998
14.337 1 NAVIGATION 0 1 10801716. -3566302. 1.29396962755e+14 1.29395570246e+14 0 0
14.366 1 ATTITUDE -0.103271 -2.934814 0.017334
14.368 1 ESTIMATOR -17. 0.
14.371 1 IMU_ACCEL -0.186523 -2.583008 9.712891
14.373 1 STATE_FILTER_STATUS 3 0
14.476 1 ATTITUDE -0.074951 -2.936279 0.020264
14.482 1 DESIRED -0.02 -0.1 5. -85. -64. 815. 2.
14.484 1 WP_MOVED 4 506240. 3566357.25 805. 12
14.490 1 NAVIGATION 0 1 10801716. -3566302. 1.29396962755e+14 1.29395570246e+14 0 0
14.518 1 GPS 0 1130805120 0 0 -17000 0 0 0 375250 12 2
14.547 1 FBW_STATUS 0 49 0 123 0
14.552 1 NAVIGATION 0 1 10801716. -3566302. 1.29396962755e+14 1.29395570246e+14 0 0
14.578 1 ATTITUDE -0.030029 -2.907959 0.030029
14.672 1 ATTITUDE -0.010742 -2.879639 0.041748
14.678 1 DESIRED -0.02 -0.13 5. -85. -64. 815. 2.
14.682 1 BAT 0 123 0 0 0 164 164 0
14.684 1 DL_VALUE 10 0.
14.765 1 ATTITUDE 0.002441 -2.858154 0.054443
14.770 1 GPS 0 1130805120 0 0 -17000 0 0 0 375500 12 3
14.797 1 NAVIGATION 0 1 10801716. -3566302. 1.29396962755e+14 1.29395570246e+14 0 0
14.877 1 ATTITUDE -0.019287 -2.852295 0.059814
14.883 1 DESIRED -0.02 -0.12 5. -85. -64. 815. 2.
14.884 1 ESTIMATOR -17. 0.
14.887 1 IMU_GYRO 0.074219 -0.553467 0.156006
14.890 1 IMU_MAG 0.105957 -0.860352 0.13916
14.962 1 ATTITUDE -0.018555 -2.864014 0.05127
14.966 1 WP_MOVED 5 506446.09375 3566366.5 820. 12
14.969 1 DOWNLINK_STATUS 15 12365 555 0 841. 38. 50.62
15.014 1 GPS 0 1130805120 0 0 -17000 0 0 0 375750 12 4
15.050 1 NAVIGATION 0 1 10801716. -3566302. 1.29396962755e+14 1.29395570246e+14 0 0
15.069 1 ATTITUDE -0.018799 -2.889893 0.028809
15.075 1 DESIRED -0.02 -0.12 5. -85. -64. 815. 2.
15.164 1 ATTITUDE -0.077637 -2.92749 0.003174
15.167 1 IMU_ACCEL 0.822266 -1.054688 11.319336
15.168 1 CALIBRATION 0. 0
15.279 1 ATTITUDE -0.092041 -2.93335 0.01001
15.285 1 DESIRED -0.02 -0.09 5. -85. -64. 815. 2.
15.291 1 GPS 0 1130805120 0 0 -17000 0 0 0 376000 12 5
15.293 1 GPS_SOL 796991616 105486 9999 0
15.295 1 DOWNLINK 17 0 6046
15.324 1 NAVIGATION 0 1 10801716. -3566302. 1.29396962755e+14 1.29395570246e+14 0 0
15.360 1 ATTITUDE -0.102539 -2.885986 0.046875
15.363 1 ESTIMATOR -17. 0.
15.480 1 ATTITUDE -0.123535 -2.837158 0.087158
15.486 1 DESIRED -0.02 -0.08 5. -85. -64. 815. 2.
15.489 1 WP_MOVED 0 506377. 3566344. 757. 12
15.491 1 IMU_GYRO 0.289551 0.162598 -0.348877
15.497 1 NAVIGATION 0 1 10801716. -3566302. 1.29396962755e+14 1.29395570246e+14 0 0
15.518 1 GPS 0 1130805120 0 0 -17000 0 0 0 376250 12 6
15.546 1 NAVIGATION 0 1 10801716. -3566302. 1.29396962755e+14 1.29395570246e+14 0 0
15.573 1 ATTITUDE -0.126953 -2.812256 0.115234
15.638 1 COMMANDS 0,-287,-2030
15.668 1 ATTITUDE -0.116943 -2.79541 0.126709
15.674 1 DESIRED -0.02 -0.08 5. -85. -64. 815. 2.
15.738 1 ACTUATORS 1000,1395,1485
15.769 1 ATTITUDE -0.103516 -2.829102 0.118652
15.774 1 GPS 0 1130805120 0 0 -17000 0 0 0 376500 12 7
15.777 1 BAT 0 123 0 0 0 165 165 0
15.804 1 NAVIGATION 0 1 10801716. -3566302. 1.29396962755e+14 1.29395570246e+14 0 0
15.867 1 ATTITUDE -0.09375 -2.819824 0.0979
15.874 1 DESIRED -0.02 -0.09 5. -85. -64. 815. 2.
15.876 1 ESTIMATOR -17. 0.
15.966 1 ATTITUDE -0.052246 -2.81958 0.091064
15.968 1 WP_MOVED 1 506335. 3566302. 765. 12
15.969 1 DOWNLINK_STATUS 16 13166 591 0 801. 36. -4949.65
15.971 1 IMU_ACCEL 0.223633 -1.164062 8.56543
16.013 1 GPS 0 1130805120 0 0 -17000 0 0 0 376750 12 8
16.046 1 NAVIGATION 0 1 10801716. -3566302. 1.29396962755e+14 1.29395570246e+14 0 0
16.070 1 ATTITUDE -0.049072 -2.849365 0.0896
16.076 1 DESIRED -0.02 -0.11 5. -85. -64. 815. 2.
16.079 1 IMU_GYRO 0.032227 -0.180908 -0.192627
16.163 1 ATTITUDE -0.067383 -2.837158 0.093994
16.166 1 IMU_MAG 0.122559 -0.851562 0.104492
16.168 1 DL_VALUE 0 0.
16.272 1 ATTITUDE -0.072021 -2.822021 0.106445
16.278 1 DESIRED -0.02 -0.1 5. -85. -64. 815. 2.
16.284 1 GPS 0 1130805120 0 0 -17000 0 0 0 377000 12 9
16.313 1 NAVIGATION 0 1 10801716. -3566302. 1.29396962755e+14 1.29395570246e+14 0 0
16.360 1 ATTITUDE -0.083252 -2.809326 0.12207
16.362 1 ESTIMATOR -17. 0.
16.475 1 ATTITUDE -0.10791 -2.793213 0.133057
16.481 1 DESIRED -0.02 -0.08 5. -85. -64. 815. 2.
16.484 1 WP_MOVED 2 506250.1875 3566238.5 815. 12
16.489 1 NAVIGATION 0 1 10801716. -3566302. 1.29396962755e+14 1.29395570246e+14 0 0
16.518 1 GPS 0 1130805120 0 0 -17000 0 0 0 377250 12 10
16.547 1 FBW_STATUS 0 49 0 123 0
16.551 1 NAVIGATION 0 1 10801716. -3566302. 1.29396962755e+14 1.29395570246e+14 0 0
16.579 1 ATTITUDE -0.110107 -2.795166 0.138916
16.579 1 STATE_FILTER_STATUS 3 0
16.673 1 ATTITUDE -0.101562 -2.778809 0.137695
16.679 1 DESIRED -0.02 -0.09 5. -85. -64. 815. 2.
16.681 1 IMU_GYRO 0.00415 0.084961 0.00415
16.685 1 ENERGY 12.3 0. 0 0.
16.774 1 ATTITUDE -0.0979 -2.765625 0.137939
16.780 1 GPS 0 1130805120 0 0 -17000 0 0 0 377500 12 11
16.782 1 IMU_ACCEL 0.597656 -0.108398 9.866211
16.786 1 ALIVE 36,70,0,158,161,54,187,248,41,66,149,246,247,166,80,39
16.815 1 NAVIGATION 0 1 10801716. -3566302. 1.29396962755e+14 1.29395570246e+14 0 0
16.874 1 ATTITUDE -0.069336 -2.77124 0.132568
16.881 1 DESIRED -0.02 -0.1 5. -85. -64. 815. 2.
16.883 1 ESTIMATOR -17. 0.
16.886 1 BAT 0 123 0 0 0 166 166 0
16.888 1 PPRZ_MODE 0 3 3 0 0 17
16.962 1 ATTITUDE -0.062988 -2.761963 0.13208
16.964 1 WP_MOVED 3 506436.09375 3566244.75 805. 12
16.969 1 DOWNLINK_STATUS 17 14045 631 0 879. 40. -4949.65
17.013 1 GPS 0 1130805120 0 0 -17000 0 0 0 377750 12 12
17.047 1 NAVIGATION 0 1 10801716. -3566302. 1.29396962755e+14 1.29395570246e+14 0 0
17.068 1 ATTITUDE -0.071289 -2.756592 0.130371
17.074 1 DESIRED -0.02 -0.1 5. -85. -64. 815. 2.
17.156 1 ATTITUDE -0.078369 -2.768311 0.113525
17.280 1 ATTITUDE -0.093506 -2.783203 0.108398
17.286 1 DESIRED -0.02 -0.09 5. -85. -64. 815. 2.
17.291 1 GPS 0 1130805120 0 0 -17000 0 0 0 378000 12 13
17.294 1 IMU_GYRO 0.068848 -0.114014 0.120605
17.297 1 GPS_SOL 797006528 105514 9999 0
17.326 1 NAVIGATION 0 1 10801716. -3566302. 1.29396962755e+14 1.29395570246e+14 0 0
17.360 1 ATTITUDE -0.105225 -2.79541 0.113525
17.362 1 ESTIMATOR -17. 0.
17.479 1 ATTITUDE -0.118164 -2.763672 0.123535
17.485 1 DESIRED -0.02 -0.08 5. -85. -64. 815. 2.
17.488 1 WP_MOVED 4 506240. 3566357.25 805. 12
17.493 1 NAVIGATION 0 1 10801716. -3566302. 1.29396962755e+14 1.29395570246e+14 0 0
17.497 1 IMU_MAG 0.191406 -0.833984 0.071289
17.521 1 GPS 0 1130805120 0 0 -17000 0 0 0 378250 12 1
17.555 1 NAVIGATION 0 1 10801716. -3566302. 1.29396962755e+14 1.29395570246e+14 0 0
17.581 1 ATTITUDE -0.121826 -2.776855 0.122559
17.584 1 IMU_ACCEL 1.008789 -0.691406 9.445312
17.667 1 ATTITUDE -0.132568 -2.766846 0.11377
17.673 1 DESIRED -0.02 -0.07 5. -85. -64. 815. 2.
17.674 1 DL_VALUE 1 0.
17.764 1 ATTITUDE -0.125488 -2.770996 0.112061
17.770 1 GPS 0 1130805120 0 0 -17000 0 0 0 378500 12 2
17.799 1 NAVIGATION 0 1 10801716. -3566302. 1.29396962755e+14 1.29395570246e+14 0 0
17.871 1 ATTITUDE -0.114502 -2.77124 0.113281
17.878 1 DESIRED -0.02 -0.08 5. -85. -64. 815. 2.
17.881 1 ESTIMATOR -17. 0.
17.883 1 IMU_GYRO 0.084961 0.022461 0.050537
17.967 1 ATTITUDE -0.117432 -2.758301 0.118408
17.969 1 WP_MOVED 5 506446.09375 3566366.5 820. 12
17.970 1 DOWNLINK_STATUS 18 14825 665 0 780. 34. -4949.65
17.974 1 BAT 0 123 0 0 0 167 167 0
18.013 1 GPS 0 1130805120 0 0 -17000 0 0 0 378750 12 3
18.048 1 NAVIGATION 0 1 10801716. -3566302. 1.29396962755e+14 1.29395570246e+14 0 0
18.071 1 ATTITUDE -0.13501 -2.777832 0.116943
18.078 1 DESIRED -0.02 -0.07 5. -85. -64. 815. 2.
18.158 1 ATTITUDE -0.145264 -2.780273 0.108398
18.273 1 ATTITUDE -0.141846 -2.782959 0.096924
18.279 1 DESIRED -0.02 -0.07 5. -85. -64. 815. 2.
18.283 1 GPS 0 1130805120 0 0 -17000 0 0 0 379000 12 4
18.310 1 NAVIGATION 0 1 10801716. -3566302. 1.29396962755e+14 1.29395570246e+14 0 0
18.365 1 ATTITUDE -0.122559 -2.802002 0.095459
18.366 1 ESTIMATOR -17. 0.
18.369 1 IMU_ACCEL 1.196289 -0.145508 9.789062
18.480 1 ATTITUDE -0.132812 -2.773438 0.103516
18.486 1 DESIRED -0.02 -0.07 5. -85. -64. 815. 2.
18.488 1 WP_MOVED 0 506377. 3566344. 757. 12
18.491 1 IMU_GYRO 0.102295 -0.184082 -0.068848
18.497 1 NAVIGATION 0 1 10801716. -3566302. 1.29396962755e+14 1.29395570246e+14 0 0
18.522 1 GPS 0 1130805120 0 0 -17000 0 0 0 379250 12 5
18.554 1 FBW_STATUS 0 48 0 123 0
18.558 1 NAVIGATION 0 1 10801716. -3566302. 1.29396962755e+14 1.29395570246e+14 0 0
18.578 1 ATTITUDE -0.126221 -2.789307 0.112061
18.665 1 ATTITUDE -0.110107 -2.780029 0.115723
18.671 1 DESIRED -0.02 -0.08 5. -85. -64. 815. 2.
18.771 1 ATTITUDE -0.128174 -2.765381 0.114502
18.776 1 GPS 0 1130805120 0 0 -17000 0 0 0 379500 12 6
18.779 1 IMU_MAG 0.191406 -0.836426 0.073242
18.780 1 STATE_FILTER_STATUS 3 0
18.814 1 NAVIGATION 0 1 10801716. -3566302. 1.29396962755e+14 1.29395570246e+14 0 0
18.868 1 ATTITUDE -0.119629 -2.760254 0.113281
18.874 1 DESIRED -0.02 -0.08 5. -85. -64. 815. 2.
18.876 1 ESTIMATOR -17. 0.
18.961 1 ATTITUDE -0.092041 -2.76123 0.116211
18.966 1 WP_MOVED 1 506335. 3566302. 765. 12
18.970 1 DOWNLINK_STATUS 19 15602 699 0 777. 34. -4949.65
19.014 1 GPS 0 1130805120 0 0 -17000 0 0 0 379750 12 7
19.050 1 NAVIGATION 0 1 10801716. -3566302. 1.29396962755e+14 1.29395570246e+14 0 0
19.074 1 ATTITUDE -0.080078 -2.766113 0.121826
19.080 1 DESIRED -0.02 -0.1 5. -85. -64. 815. 2.
19.082 1 IMU_GYRO 0.059082 0.034424 0.
19.086 1 BAT 23 123 0 0 0 168 168 0
19.168 1 ATTITUDE -0.080322 -2.761719 0.123779
19.171 1 IMU_ACCEL 0.859375 -0.399414 9.483398
19.173 1 DL_VALUE 2 815.
19.177 1 ENERGY 12.3 0. 0 0.
19.277 1 ATTITUDE -0.080322 -2.76123 0.118652
19.283 1 DESIRED -0.02 -0.1 5. -85. -64. 815. 2.
19.287 1 GPS 0 1130805120 0 0 -17000 0 0 0 380000 12 8
19.290 1 GPS_SOL 797021568 105543 9999 0
19.320 1 NAVIGATION 0 1 10801716. -3566302. 1.29396962755e+14 1.29395570246e+14 0 0
19.362 1 ATTITUDE -0.087158 -2.775146 0.114258
19.365 1 ESTIMATOR -17. 0.
19.367 1 CALIBRATION 0. 0
19.475 1 ATTITUDE -0.08667 -2.765625 0.111084
19.482 1 DESIRED -0.02 -0.09 5. -85. -64. 815. 2.
19.484 1 WP_MOVED 2 506250.1875 3566238.5 815. 12
19.490 1 NAVIGATION 0 1 10801716. -3566302. 1.29396962755e+14 1.29395570246e+14 0 0
19.517 1 GPS 0 1130805120 0 0 -17000 0 0 0 380250 12 9
19.551 1 NAVIGATION 0 1 10801716. -3566302. 1.29396962755e+14 1.29395570246e+14 0 0
19.577 1 ATTITUDE -0.076172 -2.767578 0.108887
19.670 1 ATTITUDE -0.071777 -2.763672 0.108643
19.675 1 DESIRED -0.02 -0.1 5. -85. -64. 815. 2.
19.681 1 IMU_GYRO 0.022461 0.07959 0.014893
19.765 1 ATTITUDE -0.064209 -2.758301 0.110352
19.771 1 GPS 0 1130805120 0 0 -17000 0 0 0 380500 12 10
19.800 1 NAVIGATION 0 1 10801716. -3566302. 1.29396962755e+14 1.29395570246e+14 0 0
19.869 1 ATTITUDE -0.061523 -2.76123 0.112793
19.875 1 DESIRED -0.02 -0.1 5. -85. -64. 815. 2.
19.876 1 ESTIMATOR -17. 0.
19.967 1 ATTITUDE -0.062012 -2.753662 0.113525
19.970 1 WP_MOVED 3 506436.09375 3566244.75 805. 12
19.970 1 DOWNLINK_STATUS 20 16415 735 0 813. 36. -4949.65
19.972 1 IMU_ACCEL 0.523438 -0.472656 9.712891
20.014 1 GPS 0 1130805120 0 0 -17000 0 0 0 380750 12 11
20.045 1 NAVIGATION 0 1 10801716. -3566302. 1.29396962755e+14 1.29395570246e+14 0 0
20.073 1 ATTITUDE -0.064697 -2.766357 0.111084
20.080 1 DESIRED -0.02 -0.1 5. -85. -64. 815. 2.
20.082 1 IMU_MAG 0.186035 -0.838379 0.133301
20.162 1 ATTITUDE -0.065186 -2.76001 0.11084
20.165 1 BAT 0 123 0 0 0 169 169 0
20.277 1 ATTITUDE -0.064941 -2.759521 0.110107
20.283 1 DESIRED -0.02 -0.1 5. -85. -64. 815. 2.
20.288 1 GPS 0 1130805120 0 0 -17000 0 0 0 381000 12 12
20.292 1 IMU_GYRO 0.010742 0.047363 0.025635
20.317 1 NAVIGATION 0 1 10801716. -3566302. 1.29396962755e+14 1.29395570246e+14 0 0
20.363 1 ATTITUDE -0.062988 -2.768555 0.110107
20.366 1 ESTIMATOR -17. 0.
20.367 1 DOWNLINK 18 810 6230
20.475 1 ATTITUDE -0.061279 -2.759521 0.111572
20.481 1 DESIRED -0.02 -0.1 5. -85. -64. 815. 2.
20.483 1 WP_MOVED 4 506240. 3566357.25 805. 12
20.489 1 NAVIGATION 0 1 10801716. -3566302. 1.29396962755e+14 1.29395570246e+14 0 0
20.512 1 PONG 
20.542 1 GPS 0 1130805120 0 0 -17000 0 0 0 381250 12 13
20.566 1 FBW_STATUS 0 49 0 123 0
20.571 1 NAVIGATION 0 1 10801716. -3566302. 1.29396962755e+14 1.29395570246e+14 0 0
20.595 1 ATTITUDE -0.060791 -2.759033 0.113281
20.638 1 COMMANDS 0,-303,-2021
20.671 1 ATTITUDE -0.060303 -2.762451 0.114014
20.678 1 DESIRED -0.02 -0.1 5. -85. -64. 815. 2.
20.681 1 DL_VALUE 3 0.
20.695 1 WIND_INFO 1 42 0. 0. 0.
20.738 1 ACTUATORS 1000,1395,1486
20.768 1 ATTITUDE -0.060547 -2.75 0.11377
20.774 1 GPS 0 1130805120 0 0 -17000 0 0 0 381500 12 1
20.777 1 IMU_ACCEL 0.560547 -0.508789 9.55957
20.805 1 NAVIGATION 0 1 10801716. -3566302. 1.29396962755e+14 1.29395570246e+14 0 0
20.871 1 ATTITUDE -0.062012 -2.755371 0.112305
20.878 1 DESIRED -0.02 -0.1 5. -85. -64. 815. 2.
20.879 1 ESTIMATOR -17. 0.
20.883 1 IMU_GYRO 0.013916 0.016113 0.036621
20.964 1 ATTITUDE -0.061523 -2.756348 0.112549
20.966 1 WP_MOVED 5 506446.09375 3566366.5 820. 12
20.968 1 STATE_FILTER_STATUS 3 0
20.971 1 DOWNLINK_STATUS 21 17282 776 0 867. 41. 46.64
21.013 1 GPS 0 1130805120 0 0 -17000 0 0 0 381750 12 2
21.044 1 NAVIGATION 0 1 10801716. -3566302. 1.29396962755e+14 1.29395570246e+14 0 0
21.070 1 ATTITUDE -0.061523 -2.768066 0.113037
21.075 1 DESIRED -0.02 -0.1 5. -85. -64. 815. 2.
21.157 1 ATTITUDE -0.062012 -2.759033 0.113525
21.281 1 ATTITUDE -0.062256 -2.758545 0.112549
21.287 1 DESIRED -0.02 -0.1 5. -85. -64. 815. 2.
21.292 1 GPS 0 1130805120 0 0 -17000 0 0 0 382000 12 3
21.295 1 BAT 0 123 0 0 0 170 170 0
21.298 1 GPS_SOL 797036736 105571 9999 0
21.320 1 NAVIGATION 0 1 10801716. -3566302. 1.29396962755e+14 1.29395570246e+14 0 0
21.363 1 ATTITUDE -0.063477 -2.779053 0.110107
21.366 1 ESTIMATOR -17. 0.
21.369 1 IMU_MAG 0.186035 -0.812012 0.135254
21.482 1 ATTITUDE -0.064209 -2.769287 0.101318
21.488 1 DESIRED -0.02 -0.1 5. -85. -64. 815. 2.
21.491 1 WP_MOVED 0 506377. 3566344. 757. 12
21.493 1 IMU_GYRO -0.11084 -0.011719 0.040771
21.499 1 NAVIGATION 0 1 10801716. -3566302. 1.29396962755e+14 1.29395570246e+14 0 0
21.500 1 CALIBRATION 0. 0
21.530 1 GPS 0 1130805120 0 0 -17000 0 0 0 382250 12 4
21.556 1 NAVIGATION 0 1 10801716. -3566302. 1.29396962755e+14 1.29395570246e+14 0 0
21.587 1 ATTITUDE -0.066162 -2.795654 0.08374
21.590 1 IMU_ACCEL 0.785156 -0.873047 9.445312
21.669 1 ATTITUDE -0.066406 -2.794189 0.061035
21.675 1 DESIRED -0.02 -0.1 5. -85. -64. 815. 2.
21.679 1 ENERGY 12.3 0. 0 0.
21.770 1 ATTITUDE -0.065674 -2.820801 0.041016
21.775 1 GPS 0 1130805120 0 0 -17000 0 0 0 382500 12 5
21.780 1 ALIVE 36,70,0,158,161,54,187,248,41,66,149,246,247,166,80,39
21.807 1 NAVIGATION 0 1 10801716. -3566302. 1.29396962755e+14 1.29395570246e+14 0 0
21.870 1 ATTITUDE -0.0625 -2.845703 0.028809
21.876 1 DESIRED -0.02 -0.1 5. -85. -64. 815. 2.
21.879 1 ESTIMATOR -17. 0.
21.902 1 PPRZ_MODE 0 3 3 0 0 17
21.962 1 ATTITUDE -0.061035 -2.838135 0.020752
21.965 1 WP_MOVED 1 506335. 3566302. 765. 12
21.972 1 DOWNLINK_STATUS 22 18119 813 0 837. 37. 46.64
22.013 1 GPS 0 1130805120 0 0 -17000 0 0 0 382750 12 6
22.044 1 NAVIGATION 0 1 10801716. -3566302. 1.29396962755e+14 1.29395570246e+14 0 0
22.073 1 ATTITUDE -0.061279 -2.852051 0.019531
22.079 1 DESIRED -0.02 -0.1 5. -85. -64. 815. 2.
22.082 1 IMU_GYRO 0.046143 0.0354 0.031006
22.183 1 ATTITUDE -0.060547 -2.85376 0.021973
22.185 1 DL_VALUE 4 0.
22.272 1 ATTITUDE -0.062012 -2.842529 0.023682
22.278 1 DESIRED -0.02 -0.1 5. -85. -64. 815. 2.
22.283 1 GPS 0 1130805120 0 0 -17000 0 0 0 383000 12 7
22.308 1 NAVIGATION 0 1 10801716. -3566302. 1.29396962755e+14 1.29395570246e+14 0 0
22.369 1 ATTITUDE -0.063477 -2.876221 0.024414
22.371 1 ESTIMATOR -17. 0.
22.374 1 IMU_ACCEL 0.597656 -1.237305 9.521484
22.377 1 BAT 4 123 0 0 0 171 171 0
22.474 1 ATTITUDE -0.064941 -2.846924 0.025635
22.481 1 DESIRED -0.02 -0.1 5. -85. -64. 815. 2.
22.484 1 WP_MOVED 2 506250.1875 3566238.5 815. 12
22.489 1 NAVIGATION 0 1 10801716. -3566302. 1.29396962755e+14 1.29395570246e+14 0 0
22.516 1 GPS 0 1130805120 0 0 -17000 0 0 0 383250 12 8
22.546 1 FBW_STATUS 0 48 0 123 0
22.554 1 NAVIGATION 0 1 10801716. -3566302. 1.29396962755e+14 1.29395570246e+14 0 0
22.575 1 ATTITUDE -0.064941 -2.847168 0.026123
22.673 1 ATTITUDE -0.063965 -2.848145 0.025391
22.679 1 DESIRED -0.02 -0.1 5. -85. -64. 815. 2.
22.685 1 IMU_GYRO 0.016113 0.021484 0.031006
22.686 1 IMU_MAG 0.10791 -0.808105 0.141113
22.765 1 ATTITUDE -0.063965 -2.8479 0.025879
22.771 1 GPS 0 1130805120 0 0 -17000 0 0 0 383500 12 9
22.794 1 NAVIGATION 0 1 10801716. -3566302. 1.29396962755e+14 1.29395570246e+14 0 0
22.867 1 ATTITUDE -0.062988 -2.852295 0.024658
22.874 1 DESIRED -0.02 -0.1 5. -85. -64. 815. 2.
22.876 1 ESTIMATOR -17. 0.
22.962 1 ATTITUDE -0.063965 -2.850586 0.016357
22.965 1 WP_MOVED 3 506436.09375 3566244.75 805. 12
22.973 1 DOWNLINK_STATUS 23 18916 848 0 797. 35. 46.64
23.013 1 GPS 0 1130805120 0 0 -17000 0 0 0 383750 12 10
23.044 1 NAVIGATION 0 1 10801716. -3566302. 1.29396962755e+14 1.29395570246e+14 0 0
23.077 1 ATTITUDE -0.066406 -2.890869 -0.001221
23.082 1 DESIRED -0.02 -0.1 5. -85. -64. 815. 2.
23.167 1 ATTITUDE -0.063477 -2.890137 -0.029053
23.169 1 IMU_ACCEL 0.635742 -2.000977 9.55957
23.171 1 STATE_FILTER_STATUS 3 0
23.173 1 NAVIGATION_REF 506335 3566302 12
23.281 1 ATTITUDE -0.056885 -2.933105 -0.06543
23.287 1 DESIRED -0.02 -0.11 5. -85. -64. 815. 2.
23.291 1 GPS 0 1130805120 0 0 -17000 0 0 0 384000 12 11
23.295 1 IMU_GYRO -0.345703 0.178711 0.087158
23.297 1 GPS_SOL 797051904 105600 9999 0
23.325 1 NAVIGATION 0 1 10801716. -3566302. 1.29396962755e+14 1.29395570246e+14 0 0
23.360 1 ATTITUDE -0.041016 -2.970947 -0.101074
23.362 1 ESTIMATOR -17. 0.
23.479 1 ATTITUDE -0.015869 -3.007324 -0.138916
23.486 1 DESIRED -0.02 -0.12 5. -85. -64. 815. 2.
23.489 1 WP_MOVED 4 506240. 3566357.25 805. 12
23.494 1 NAVIGATION 0 1 10801716. -3566302. 1.29396962755e+14 1.29395570246e+14 0 0
23.496 1 BAT 0 123 0 0 0 172 172 0
23.523 1 GPS 0 1130805120 0 0 -17000 0 0 0 384250 12 12
23.549 1 NAVIGATION 0 1 10801716. -3566302. 1.29396962755e+14 1.29395570246e+14 0 0
23.577 1 ATTITUDE 0.015625 -3.041016 -0.17749
23.579 1 CALIBRATION 0. 0
23.668 1 ATTITUDE 0.036865 -3.084473 -0.215332
23.674 1 DESIRED -0.02 -0.11 5. -85. -64. 815. 2.
23.675 1 DL_VALUE 5 0.
23.765 1 ATTITUDE 0.04126 3.134766 -0.253418
23.770 1 GPS 0 1130805120 0 0 -17000 0 0 0 384500 12 13
23.796 1 NAVIGATION 0 1 10801716. -3566302. 1.29396962755e+14 1.29395570246e+14 0 0
23.873 1 ATTITUDE 0.034912 3.076416 -0.288818
23.879 1 DESIRED -0.02 -0.12 5. -85. -64. 815. 2.
23.880 1 ESTIMATOR -17. 0.
23.883 1 IMU_GYRO -0.334961 -0.085938 0.072021
23.970 1 ATTITUDE 0.024414 2.952881 -0.321045
23.974 1 WP_MOVED 5 506446.09375 3566366.5 820. 12
23.974 1 DOWNLINK_STATUS 24 19733 885 0 817. 37. 46.64
23.976 1 IMU_ACCEL -0.111328 -4.584961 8.375
23.979 1 IMU_MAG -0.206543 -0.657715 0.216309
24.014 1 GPS 0 1130805120 0 0 -17000 0 0 0 384750 12 1
24.045 1 NAVIGATION 0 1 10801716. -3566302. 1.29396962755e+14 1.29395570246e+14 0 0
24.078 1 ATTITUDE 0.00708 2.920166 -0.343018
24.083 1 DESIRED -0.02 -0.13 5. -85. -64. 815. 2.
24.162 1 ATTITUDE -0.005615 2.916016 -0.351807
24.165 1 ENERGY 12.3 0. 0 0.
24.273 1 ATTITUDE -0.015625 2.905273 -0.355713
24.279 1 DESIRED -0.02 -0.12 5. -85. -64. 815. 2.
24.284 1 GPS 0 1130805120 0 0 -17000 0 0 0 385000 12 2
24.312 1 NAVIGATION 0 1 10801716. -3566302. 1.29396962755e+14 1.29395570246e+14 0 0
24.360 1 ATTITUDE -0.020264 2.934082 -0.357178
24.362 1 ESTIMATOR -17. 0.
24.479 1 ATTITUDE -0.028564 2.905762 -0.355469
24.486 1 DESIRED -0.02 -0.12 5. -85. -64. 815. 2.
24.488 1 WP_MOVED 0 506377. 3566344. 757. 12
24.492 1 IMU_GYRO 0.045166 -0.045166 0.012695
24.497 1 NAVIGATION 0 1 10801716. -3566302. 1.29396962755e+14 1.29395570246e+14 0 0
24.550 1 GPS 0 1130805120 0 0 -17000 0 0 0 385250 12 3
24.578 1 FBW_STATUS 0 49 0 123 0
24.582 1 NAVIGATION 0 1 10801716. -3566302. 1.29396962755e+14 1.29395570246e+14 0 0
24.606 1 ATTITUDE -0.032959 2.915771 -0.352295
24.610 1 BAT 0 123 0 0 0 174 174 0
24.664 1 ATTITUDE -0.040527 2.945312 -0.346436
24.671 1 DESIRED -0.02 -0.11 5. -85. -64. 815. 2.
24.769 1 ATTITUDE -0.049316 2.930176 -0.33667
24.773 1 GPS 0 1130805120 0 0 -17000 0 0 0 385500 12 4
24.778 1 IMU_ACCEL 0.448242 -4.584961 8.413086
24.804 1 NAVIGATION 0 1 10801716. -3566302. 1.29396962755e+14 1.29395570246e+14 0 0
24.868 1 ATTITUDE -0.057861 2.972656 -0.313965
24.874 1 DESIRED -0.02 -0.11 5. -85. -64. 815. 2.
24.875 1 ESTIMATOR -17. 0.
24.962 1 ATTITUDE -0.063232 3.024902 -0.273193
24.965 1 WP_MOVED 1 506335. 3566302. 765. 12
24.974 1 DOWNLINK_STATUS 25 20539 920 0 806. 35. 46.64
25.013 1 GPS 0 1130805120 0 0 -17000 0 0 0 385750 12 5
25.044 1 NAVIGATION 0 1 10801716. -3566302. 1.29396962755e+14 1.29395570246e+14 0 0
25.069 1 ATTITUDE -0.057861 3.128174 -0.2229
25.075 1 DESIRED -0.02 -0.11 5. -85. -64. 815. 2.
25.078 1 IMU_GYRO 0.513672 0.29834 -0.093506
25.160 1 ATTITUDE -0.041016 -3.080322 -0.169922
25.162 1 DL_VALUE 6 120.
25.280 1 ATTITUDE -0.030762 -3.003906 -0.118408
25.286 1 DESIRED -0.02 -0.12 5. -85. -64. 815. 2.
25.291 1 GPS 0 1130805120 0 0 -17000 0 0 0 386000 12 6
25.295 1 IMU_MAG -0.012695 -0.755371 0.146973
25.297 1 GPS_SOL 797067200 105628 9999 0
25.326 1 NAVIGATION 0 1 10801716. -3566302. 1.29396962755e+14 1.29395570246e+14 0 0
25.362 1 ATTITUDE -0.019287 -2.945312 -0.075195
25.364 1 ESTIMATOR -17. 0.
25.365 1 STATE_FILTER_STATUS 3 0
25.477 1 ATTITUDE -0.009521 -2.891357 -0.040039
25.484 1 DESIRED -0.02 -0.13 5. -85. -64. 815. 2.
25.486 1 WP_MOVED 2 506250.1875 3566238.5 815. 12
25.492 1 NAVIGATION 0 1 10801716. -3566302. 1.29396962755e+14 1.29395570246e+14 0 0
25.493 1 DOWNLINK 18 827 6420
25.515 1 PONG 
25.548 1 GPS 0 1130805120 0 0 -17000 0 0 0 386250 12 7
25.571 1 NAVIGATION 0 1 10801716. -3566302. 1.29396962755e+14 1.29395570246e+14 0 0
25.600 1 ATTITUDE -0.006104 -2.863525 -0.011963
25.605 1 IMU_ACCEL 0.074219 -1.673828 9.331055
25.638 1 COMMANDS 0,-291,-2037
25.675 1 ATTITUDE -0.001221 -2.830566 0.01123
25.682 1 DESIRED -0.02 -0.13 5. -85. -64. 815. 2.
25.684 1 IMU_GYRO 0.23584 0.056885 0.006348
25.689 1 BAT 0 123 0 0 0 175 175 0
25.690 1 CALIBRATION 0. 0
25.738 1 ACTUATORS 1000,1395,1485
25.769 1 ATTITUDE -0.005371 -2.801758 0.032715
25.775 1 GPS 0 1130805120 0 0 -17000 0 0 0 386500 12 8
25.803 1 NAVIGATION 0 1 10801716. -3566302. 1.29396962755e+14 1.29395570246e+14 0 0
25.868 1 ATTITUDE -0.016113 -2.794189 0.058594
25.874 1 DESIRED -0.02 -0.12 5. -85. -64. 815. 2.
25.876 1 ESTIMATOR -17. 0.
25.962 1 ATTITUDE -0.026123 -2.751465 0.086426
25.964 1 WP_MOVED 3 506436.09375 3566244.75 805. 12
25.975 1 DOWNLINK_STATUS 26 21402 961 0 863. 41. 48.77
26.012 1 GPS 0 1130805120 0 0 -17000 0 0 0 386750 12 9
26.044 1 NAVIGATION 0 1 10801716. -3566302. 1.29396962755e+14 1.29395570246e+14 0 0
26.068 1 ATTITUDE -0.033447 -2.741455 0.115723
26.074 1 DESIRED -0.02 -0.12 5. -85. -64. 815. 2.
26.157 1 ATTITUDE -0.036377 -2.699707 0.14502
26.277 1 ATTITUDE -0.025146 -2.68457 0.156494
26.282 1 DESIRED -0.02 -0.12 5. -85. -64. 815. 2.
26.287 1 GPS 0 1130805120 0 0 -17000 0 0 0 387000 12 10
26.290 1 IMU_GYRO 0.001953 0.123779 -0.010742
26.318 1 NAVIGATION 0 1 10801716. -3566302. 1.29396962755e+14 1.29395570246e+14 0 0
26.365 1 ATTITUDE -0.016602 -2.693848 0.14917
26.366 1 ESTIMATOR -17. 0.
26.369 1 IMU_ACCEL -0.074219 -0.253906 9.55957
26.474 1 ATTITUDE -0.016846 -2.695312 0.143311
26.481 1 DESIRED -0.02 -0.12 5. -85. -64. 815. 2.
26.484 1 WP_MOVED 4 506240. 3566357.25 805. 12
26.489 1 NAVIGATION 0 1 10801716. -3566302. 1.29396962755e+14 1.29395570246e+14 0 0
26.518 1 GPS 0 1130805120 0 0 -17000 0 0 0 387250 12 11
26.546 1 FBW_STATUS 0 49 0 123 0
26.551 1 NAVIGATION 0 1 10801716. -3566302. 1.29396962755e+14 1.29395570246e+14 0 0
26.580 1 ATTITUDE -0.018311 -2.709717 0.141602
26.582 1 IMU_MAG 0.223145 -0.818848 0.150879
26.672 1 ATTITUDE -0.016602 -2.697754 0.139893
26.678 1 DESIRED -0.02 -0.12 5. -85. -64. 815. 2.
26.679 1 DL_VALUE 7 0.
26.683 1 ENERGY 12.3 0. 0 0.
26.775 1 ATTITUDE -0.011719 -2.691895 0.139648
26.779 1 GPS 0 1130805120 0 0 -17000 0 0 0 387500 12 12
26.784 1 BAT 11 123 0 0 0 176 176 0
26.788 1 ALIVE 36,70,0,158,161,54,187,248,41,66,149,246,247,166,80,39
26.818 1 NAVIGATION 0 1 10801716. -3566302. 1.29396962755e+14 1.29395570246e+14 0 0
26.875 1 ATTITUDE -0.008057 -2.697266 0.140137
26.881 1 DESIRED -0.02 -0.13 5. -85. -64. 815. 2.
26.882 1 ESTIMATOR -17. 0.
26.886 1 IMU_GYRO 0.011719 0.033203 0.020264
26.888 1 PPRZ_MODE 0 3 3 0 0 17
26.962 1 ATTITUDE -0.008301 -2.702393 0.138184
26.976 1 DOWNLINK_STATUS 27 22234 998 0 832. 37. 48.77
26.989 1 WP_MOVED 5 506446.09375 3566366.5 820. 12
27.017 1 GPS 0 1130805120 0 0 -17000 0 0 0 387750 12 13
27.047 1 NAVIGATION 0 1 10801716. -3566302. 1.29396962755e+14 1.29395570246e+14 0 0
27.068 1 ATTITUDE -0.013672 -2.71582 0.134521
27.075 1 DESIRED -0.02 -0.12 5. -85. -64. 815. 2.
27.162 1 ATTITUDE -0.016357 -2.705811 0.130859
27.165 1 IMU_ACCEL 0.223633 -0.253906 9.521484
27.277 1 ATTITUDE -0.015869 -2.712646 0.127197
27.282 1 DESIRED -0.02 -0.12 5. -85. -64. 815. 2.
27.287 1 GPS 0 1130805120 0 0 -17000 0 0 0 388000 12 1
27.290 1 GPS_SOL 797082496 105656 9999 0
27.316 1 NAVIGATION 0 1 10801716. -3566302. 1.29396962755e+14 1.29395570246e+14 0 0
27.361 1 ATTITUDE -0.013916 -2.733887 0.117676
27.362 1 ESTIMATOR -17. 0.
27.480 1 ATTITUDE -0.01416 -2.729248 0.101318
27.486 1 DESIRED -0.02 -0.12 5. -85. -64. 815. 2.
27.489 1 WP_MOVED 0 506377. 3566344. 757. 12
27.491 1 IMU_GYRO -0.181885 0.045166 0.042969
27.497 1 NAVIGATION 0 1 10801716. -3566302. 1.29396962755e+14 1.29395570246e+14 0 0
27.527 1 GPS 0 1130805120 0 0 -17000 0 0 0 388250 12 2
27.552 1 NAVIGATION 0 1 10801716. -3566302. 1.29396962755e+14 1.29395570246e+14 0 0
27.579 1 ATTITUDE -0.013672 -2.760986 0.079102
27.579 1 STATE_FILTER_STATUS 3 0
27.665 1 ATTITUDE -0.016846 -2.772461 0.054932
27.671 1 DESIRED -0.02 -0.12 5. -85. -64. 815. 2.
27.768 1 ATTITUDE -0.020264 -2.800049 0.032959
27.773 1 GPS 0 1130805120 0 0 -17000 0 0 0 388500 12 3
27.774 1 CALIBRATION 0. 0
27.802 1 NAVIGATION 0 1 10801716. -3566302. 1.29396962755e+14 1.29395570246e+14 0 0
27.876 1 ATTITUDE -0.016602 -2.823242 0.014893
27.883 1 DESIRED -0.02 -0.12 5. -85. -64. 815. 2.
27.884 1 ESTIMATOR -17. 0.
27.888 1 BAT 13 123 0 0 0 177 177 0
27.891 1 IMU_MAG 0.109375 -0.796875 0.146973
27.966 1 ATTITUDE -0.017578 -2.832031 -0.001221
27.970 1 WP_MOVED 1 506335. 3566302. 765. 12
27.973 1 IMU_ACCEL 0.223633 -1.52832 9.521484
27.976 1 DOWNLINK_STATUS 28 23063 1035 0 829. 37. 48.77
28.014 1 GPS 0 1130805120 0 0 -17000 0 0 0 388750 12 4
28.044 1 NAVIGATION 0 1 10801716. -3566302. 1.29396962755e+14 1.29395570246e+14 0 0
28.077 1 ATTITUDE -0.017578 -2.849609 -0.015137
28.082 1 DESIRED -0.02 -0.12 5. -85. -64. 815. 2.
28.085 1 IMU_GYRO -0.085938 -0.022461 0.082764
28.160 1 ATTITUDE -0.018311 -2.860596 -0.022705
28.161 1 DL_VALUE 8 0.
28.273 1 ATTITUDE -0.023193 -2.861328 -0.025146
28.279 1 DESIRED -0.02 -0.12 5. -85. -64. 815. 2.
28.284 1 GPS 0 1130805120 0 0 -17000 0 0 0 389000 12 5
28.310 1 NAVIGATION 0 1 10801716. -3566302. 1.29396962755e+14 1.29395570246e+14 0 0
28.361 1 ATTITUDE -0.023682 -2.876953 -0.025146
28.362 1 ESTIMATOR -17. 0.
28.475 1 ATTITUDE -0.023926 -2.856445 -0.023193
28.482 1 DESIRED -0.02 -0.12 5. -85. -64. 815. 2.
28.484 1 WP_MOVED 2 506250.1875 3566238.5 815. 12
28.490 1 NAVIGATION 0 1 10801716. -3566302. 1.29396962755e+14 1.29395570246e+14 0 0
28.513 1 GPS 0 1130805120 0 0 -17000 0 0 0 389250 12 6
28.544 1 FBW_STATUS 0 49 0 123 0
28.550 1 NAVIGATION 0 1 10801716. -3566302. 1.29396962755e+14 1.29395570246e+14 0 0
28.576 1 ATTITUDE -0.02124 -2.867432 -0.020508
28.669 1 ATTITUDE -0.02002 -2.860596 -0.018311
28.675 1 DESIRED -0.02 -0.12 5. -85. -64. 815. 2.
28.678 1 IMU_GYRO 0.0354 -0.005371 0.019287
28.769 1 ATTITUDE -0.023682 -2.857178 -0.016602
28.774 1 GPS 0 1130805120 0 0 -17000 0 0 0 389500 12 7
28.777 1 IMU_ACCEL 0.411133 -1.783203 9.55957
28.806 1 NAVIGATION 0 1 10801716. -3566302. 1.29396962755e+14 1.29395570246e+14 0 0
28.867 1 ATTITUDE -0.023926 -2.856689 -0.014404
28.874 1 DESIRED -0.02 -0.12 5. -85. -64. 815. 2.
28.875 1 ESTIMATOR -17. 0.
28.966 1 ATTITUDE -0.022461 -2.84375 -0.00708
28.970 1 WP_MOVED 3 506436.09375 3566244.75 805. 12
28.972 1 BAT 0 123 0 0 0 178 178 0
28.976 1 DOWNLINK_STATUS 29 23842 1069 0 779. 34. 48.77
29.013 1 GPS 0 1130805120 0 0 -17000 0 0 0 389750 12 8
29.046 1 NAVIGATION 0 1 10801716. -3566302. 1.29396962755e+14 1.29395570246e+14 0 0
29.069 1 ATTITUDE -0.022705 -2.833496 0.010498
29.075 1 DESIRED -0.02 -0.12 5. -85. -64. 815. 2.
29.166 1 ATTITUDE -0.017578 -2.806885 0.028809
29.168 1 IMU_MAG 0.124512 -0.790527 0.150879
29.171 1 ENERGY 12.3 0. 0 0.
29.280 1 ATTITUDE -0.019287 -2.792236 0.043213
29.286 1 DESIRED -0.02 -0.12 5. -85. -64. 815. 2.
29.292 1 GPS 0 1130805120 0 0 -17000 0 0 0 390000 12 9
29.294 1 IMU_GYRO 0.125977 0.032227 -0.022461
29.298 1 GPS_SOL 797097920 105685 9999 0
29.326 1 NAVIGATION 0 1 10801716. -3566302. 1.29396962755e+14 1.29395570246e+14 0 0
29.359 1 ATTITUDE -0.017334 -2.795898 0.05127
29.362 1 ESTIMATOR -17. 0.
29.474 1 ATTITUDE -0.015869 -2.772461 0.054932
29.481 1 DESIRED -0.02 -0.12 5. -85. -64. 815. 2.
29.484 1 WP_MOVED 4 506240. 3566357.25 805. 12
29.489 1 NAVIGATION 0 1 10801716. -3566302. 1.29396962755e+14 1.29395570246e+14 0 0
29.517 1 GPS 0 1130805120 0 0 -17000 0 0 0 390250 12 10
29.551 1 NAVIGATION 0 1 10801716. -3566302. 1.29396962755e+14 1.29395570246e+14 0 0
29.581 1 ATTITUDE -0.018066 -2.784912 0.056152
29.585 1 IMU_ACCEL 0.261719 -1.054688 9.521484
29.667 1 ATTITUDE -0.016357 -2.776855 0.056396
29.673 1 DESIRED -0.02 -0.12 5. -85. -64. 815. 2.
29.674 1 DL_VALUE 9 0.
29.767 1 ATTITUDE -0.019287 -2.776611 0.056396
29.772 1 GPS 0 1130805120 0 0 -17000 0 0 0 390500 12 11
29.773 1 STATE_FILTER_STATUS 3 0
29.801 1 NAVIGATION 0 1 10801716. -3566302. 1.29396962755e+14 1.29395570246e+14 0 0
29.874 1 ATTITUDE -0.020752 -2.782959 0.055664
29.881 1 DESIRED -0.02 -0.12 5. -85. -64. 815. 2.
29.882 1 ESTIMATOR -17. 0.
29.885 1 IMU_GYRO 0.025635 0.045166 0.016113
29.887 1 CALIBRATION 0. 0
29.962 1 ATTITUDE -0.019043 -2.782471 0.057861
29.965 1 WP_MOVED 5 506446.09375 3566366.5 820. 12
29.977 1 DOWNLINK_STATUS 30 24662 1106 0 820. 37. 48.77
30.013 1 GPS 0 1130805120 0 0 -17000 0 0 0 390750 12 12
30.044 1 NAVIGATION 0 1 10801716. -3566302. 1.29396962755e+14 1.29395570246e+14 0 0
30.069 1 ATTITUDE -0.016846 -2.785889 0.060547
30.074 1 DESIRED -0.02 -0.12 5. -85. -64. 815. 2.
30.078 1 BAT 0 123 0 0 0 179 179 0
30.157 1 ATTITUDE -0.018066 -2.772705 0.0625
30.272 1 ATTITUDE -0.018311 -2.773193 0.061035
30.278 1 DESIRED -0.02 -0.12 5. -85. -64. 815. 2.
30.284 1 GPS 0 1130805120 0 0 -17000 0 0 0 391000 12 13
30.309 1 NAVIGATION 0 1 10801716. -3566302. 1.29396962755e+14 1.29395570246e+14 0 0
30.365 1 ATTITUDE -0.01709 -2.782471 0.060059
30.367 1 ESTIMATOR -17. 0.
30.369 1 IMU_ACCEL 0.149414 -1.054688 9.445312
30.480 1 ATTITUDE -0.014893 -2.774414 0.060791
30.485 1 DESIRED -0.02 -0.12 5. -85. -64. 815. 2.
30.488 1 WP_MOVED 0 506377. 3566344. 757. 12
30.491 1 IMU_GYRO 0.023682 0.041992 0.011719
30.497 1 NAVIGATION 0 1 10801716. -3566302. 1.29396962755e+14 1.29395570246e+14 0 0
30.516 1 PONG 
30.545 1 GPS 0 1130805120 0 0 -17000 0 0 0 391250 12 1
30.572 1 FBW_STATUS 0 49 0 123 0
30.577 1 NAVIGATION 0 1 10801716. -3566302. 1.29396962755e+14 1.29395570246e+14 0 0
30.606 1 ATTITUDE -0.010254 -2.786377 0.062012
30.609 1 DOWNLINK 19 824 6609
30.638 1 COMMANDS 0,-266,-2067
30.672 1 ATTITUDE -0.009766 -2.77832 0.060791
30.678 1 DESIRED -0.02 -0.13 5. -85. -64. 815. 2.
30.704 1 WIND_INFO 1 42 0. 0. 0.
30.739 1 ACTUATORS 1000,1394,1485
30.767 1 ATTITUDE -0.01416 -2.779541 0.061035
30.773 1 GPS 0 1130805120 0 0 -17000 0 0 0 391500 12 2
30.798 1 NAVIGATION 0 1 10801716. -3566302. 1.29396962755e+14 1.29395570246e+14 0 0
30.867 1 ATTITUDE -0.018799 -2.789307 0.062012
30.874 1 DESIRED -0.02 -0.12 5. -85. -64. 815. 2.
30.876 1 ESTIMATOR -17. 0.
30.962 1 ATTITUDE -0.019043 -2.777588 0.063477
30.964 1 WP_MOVED 1 506335. 3566302. 765. 12
30.978 1 DOWNLINK_STATUS 31 25455 1142 0 793. 36. 49.71
31.014 1 GPS 0 1130805120 0 0 -17000 0 0 0 391750 12 3
31.044 1 NAVIGATION 0 1 10801716. -3566302. 1.29396962755e+14 1.29395570246e+14 0 0
31.072 1 ATTITUDE -0.018555 -2.78418 0.06543
31.078 1 DESIRED -0.02 -0.12 5. -85. -64. 815. 2.
31.080 1 IMU_GYRO 0.032227 0.040771 0.013916
31.169 1 ATTITUDE -0.01709 -2.773926 0.06665
31.171 1 IMU_ACCEL 0.186523 -0.90918 9.55957
31.174 1 BAT 0 123 0 0 0 180 180 0
31.176 1 DL_VALUE 10 0.
31.276 1 ATTITUDE -0.018799 -2.770264 0.066895
31.282 1 DESIRED -0.02 -0.12 5. -85. -64. 815. 2.
31.287 1 GPS 0 1130805120 0 0 -17000 0 0 0 392000 12 4
31.290 1 GPS_SOL 797113472 105713 9999 0
31.312 1 NAVIGATION 0 1 10801716. -3566302. 1.29396962755e+14 1.29395570246e+14 0 0
31.360 1 ATTITUDE -0.016846 -2.789062 0.066406
31.362 1 ESTIMATOR -17. 0.
31.475 1 ATTITUDE -0.018555 -2.780273 0.064453
31.482 1 DESIRED -0.02 -0.12 5. -85. -64. 815. 2.
31.484 1 WP_MOVED 2 506250.1875 3566238.5 815. 12
31.490 1 NAVIGATION 0 1 10801716. -3566302. 1.29396962755e+14 1.29395570246e+14 0 0
31.520 1 GPS 0 1130805120 0 0 -17000 0 0 0 392250 12 5
31.551 1 NAVIGATION 0 1 10801716. -3566302. 1.29396962755e+14 1.29395570246e+14 0 0
31.576 1 ATTITUDE -0.018555 -2.790527 0.063721
31.674 1 ATTITUDE -0.018555 -2.790527 0.06543
31.680 1 DESIRED -0.02 -0.12 5. -85. -64. 815. 2.
31.682 1 IMU_GYRO 0.036621 0.063477 0.013916
31.685 1 ENERGY 12.3 0. 0 0.
31.774 1 ATTITUDE -0.015137 -2.767822 0.06665
31.779 1 GPS 0 1130805120 0 0 -17000 0 0 0 392500 12 6
31.782 1 IMU_MAG 0.158203 -0.796875 0.14502
31.787 1 ALIVE 36,70,0,158,161,54,187,248,41,66,149,246,247,166,80,39
31.815 1 NAVIGATION 0 1 10801716. -3566302. 1.29396962755e+14 1.29395570246e+14 0 0
31.870 1 ATTITUDE -0.01416 -2.778809 0.067139
31.877 1 DESIRED -0.02 -0.12 5. -85. -64. 815. 2.
31.880 1 ESTIMATOR -17. 0.
31.882 1 PPRZ_MODE 0 3 3 0 0 17
31.971 1 ATTITUDE -0.013428 -2.773926 0.06665
31.974 1 WP_MOVED 3 506436.09375 3566244.75 805. 12
31.976 1 IMU_ACCEL 0.037109 -0.90918 9.521484
31.979 1 CALIBRATION 0. 0
31.979 1 DOWNLINK_STATUS 32 26339 1182 0 884. 40. 49.71
31.980 1 STATE_FILTER_STATUS 3 0
32.014 1 GPS 0 1130805120 0 0 -17000 0 0 0 392750 12 7
32.044 1 NAVIGATION 0 1 10801716. -3566302. 1.29396962755e+14 1.29395570246e+14 0 0
32.074 1 ATTITUDE -0.010986 -2.782227 0.06543
32.079 1 DESIRED -0.02 -0.13 5. -85. -64. 815. 2.
32.160 1 ATTITUDE -0.013184 -2.775635 0.064697
32.163 1 NAVIGATION_REF 506335 3566302 12
32.281 1 ATTITUDE -0.016113 -2.774658 0.06543
32.287 1 DESIRED -0.02 -0.12 5. -85. -64. 815. 2.
32.292 1 GPS 0 1130805120 0 0 -17000 0 0 0 393000 12 8
32.295 1 IMU_GYRO 0.030029 -0.029053 0.014893
32.299 1 BAT 0 123 0 0 0 181 181 0
32.326 1 NAVIGATION 0 1 10801716. -3566302. 1.29396962755e+14 1.29395570246e+14 0 0
32.360 1 ATTITUDE -0.019531 -2.789307 0.064941
32.362 1 ESTIMATOR -17. 0.
32.476 1 ATTITUDE -0.018555 -2.773926 0.064697
32.482 1 DESIRED -0.02 -0.12 5. -85. -64. 815. 2.
32.485 1 WP_MOVED 4 506240. 3566357.25 805. 12
32.490 1 NAVIGATION 0 1 10801716. -3566302. 1.29396962755e+14 1.29395570246e+14 0 0
32.522 1 GPS 0 1130805120 0 0 -17000 0 0 0 393250 12 9
32.549 1 FBW_STATUS 0 48 0 123 0
32.554 1 NAVIGATION 0 1 10801716. -3566302. 1.29396962755e+14 1.29395570246e+14 0 0
32.583 1 ATTITUDE -0.017822 -2.787598 0.065918
32.668 1 ATTITUDE -0.019775 -2.771973 0.067383
32.674 1 DESIRED -0.02 -0.12 5. -85. -64. 815. 2.
32.675 1 DL_VALUE 0 0.
32.769 1 ATTITUDE -0.018311 -2.768066 0.067871
32.774 1 GPS 0 1130805120 0 0 -17000 0 0 0 393500 12 10
32.777 1 IMU_ACCEL 0.223633 -0.836914 9.55957
32.802 1 NAVIGATION 0 1 10801716. -3566302. 1.29396962755e+14 1.29395570246e+14 0 0
32.872 1 ATTITUDE -0.017822 -2.784668 0.066895
32.878 1 DESIRED -0.02 -0.12 5. -85. -64. 815. 2.
32.879 1 ESTIMATOR -17. 0.
32.883 1 IMU_GYRO 0.009521 0.060303 0.041992
32.962 1 ATTITUDE -0.013916 -2.769531 0.066895
32.964 1 WP_MOVED 5 506446.09375 3566366.5 820. 12
32.979 1 DOWNLINK_STATUS 33 27142 1218 0 803. 36. 49.71
33.012 1 GPS 0 1130805120 0 0 -17000 0 0 0 393750 12 11
33.044 1 NAVIGATION 0 1 10801716. -3566302. 1.29396962755e+14 1.29395570246e+14 0 0
33.072 1 ATTITUDE -0.013672 -2.782959 0.067139
33.078 1 DESIRED -0.02 -0.12 5. -85. -64. 815. 2.
33.081 1 IMU_MAG 0.150391 -0.796875 0.150879
33.157 1 ATTITUDE -0.012451 -2.776367 0.066895
33.276 1 ATTITUDE -0.013184 -2.773193 0.066406
33.282 1 DESIRED -0.02 -0.12 5. -85. -64. 815. 2.
33.287 1 GPS 0 1130805120 0 0 -17000 0 0 0 394000 12 12
33.290 1 GPS_SOL 797129088 105742 9999 0
33.317 1 NAVIGATION 0 1 10801716. -3566302. 1.29396962755e+14 1.29395570246e+14 0 0
33.364 1 ATTITUDE -0.011719 -2.785156 0.067139
33.366 1 ESTIMATOR -17. 0.
33.370 1 BAT 11 123 0 0 0 182 182 0
33.479 1 ATTITUDE -0.010254 -2.763672 0.069824
33.485 1 DESIRED -0.02 -0.13 5. -85. -64. 815. 2.
33.488 1 WP_MOVED 0 506377. 3566344. 757. 12
33.491 1 IMU_GYRO 0.029053 0.010742 0.021484
33.496 1 NAVIGATION 0 1 10801716. -3566302. 1.29396962755e+14 1.29395570246e+14 0 0
33.519 1 GPS 0 1130805120 0 0 -17000 0 0 0 394250 12 13
33.549 1 NAVIGATION 0 1 10801716. -3566302. 1.29396962755e+14 1.29395570246e+14 0 0
33.576 1 ATTITUDE -0.009033 -2.777832 0.068848
33.578 1 IMU_ACCEL 0.037109 -0.691406 9.636719
33.665 1 ATTITUDE -0.010498 -2.772217 0.069092
33.671 1 DESIRED -0.02 -0.13 5. -85. -64. 815. 2.
33.763 1 ATTITUDE -0.012695 -2.766357 0.069824
33.769 1 GPS 0 1130805120 0 0 -17000 0 0 0 394500 12 1
33.796 1 NAVIGATION 0 1 10801716. -3566302. 1.29396962755e+14 1.29395570246e+14 0 0
33.868 1 ATTITUDE -0.017578 -2.781494 0.069092
33.874 1 DESIRED -0.02 -0.12 5. -85. -64. 815. 2.
33.877 1 ESTIMATOR -17. 0.
33.962 1 ATTITUDE -0.018799 -2.756836 0.068359
33.964 1 WP_MOVED 1 506335. 3566302. 765. 12
33.980 1 DOWNLINK_STATUS 34 27913 1251 0 771. 33. 49.71
34.013 1 GPS 0 1130805120 0 0 -17000 0 0 0 394750 12 2
34.044 1 NAVIGATION 0 1 10801716. -3566302. 1.29396962755e+14 1.29395570246e+14 0 0
34.074 1 ATTITUDE -0.013184 -2.773438 0.069824
34.081 1 DESIRED -0.02 -0.12 5. -85. -64. 815. 2.
34.084 1 IMU_GYRO 0.021484 0.238037 0.046143
34.085 1 CALIBRATION 0. 0
34.166 1 ATTITUDE 0.011963 -2.759277 0.074219
34.167 1 DL_VALUE 1 0.
34.170 1 STATE_FILTER_STATUS 3 0
34.174 1 ENERGY 12.3 0. 0 0.
34.272 1 ATTITUDE 0.033203 -2.73877 0.082275
34.278 1 DESIRED -0.02 -0.12 5. -85. -64. 815. 2.
34.283 1 GPS 0 1130805120 0 0 -17000 0 0 0 395000 12 3
34.308 1 NAVIGATION 0 1 10801716. -3566302. 1.29396962755e+14 1.29395570246e+14 0 0
34.368 1 ATTITUDE 0.039795 -2.736084 0.092041
34.370 1 ESTIMATOR -17. 0.
34.374 1 IMU_ACCEL -0.785156 -0.253906 9.866211
34.376 1 IMU_MAG 0.170898 -0.799316 0.191406
34.480 1 ATTITUDE 0.074219 -2.706055 0.103027
34.486 1 DESIRED -0.02 -0.1 5. -85. -64. 815. 2.
34.489 1 WP_MOVED 2 506250.1875 3566238.5 815. 12
34.494 1 NAVIGATION 0 1 10801716. -3566302. 1.29396962755e+14 1.29395570246e+14 0 0
34.497 1 BAT 0 123 0 0 0 183 183 0
34.520 1 GPS 0 1130805120 0 0 -17000 0 0 0 395250 12 4
34.547 1 FBW_STATUS 0 49 0 123 0
34.552 1 NAVIGATION 0 1 10801716. -3566302. 1.29396962755e+14 1.29395570246e+14 0 0
34.576 1 ATTITUDE 0.090576 -2.681641 0.120117
34.669 1 ATTITUDE 0.072754 -2.678467 0.127441
34.675 1 DESIRED -0.02 -0.1 5. -85. -64. 815. 2.
34.678 1 IMU_GYRO 0.008545 -0.195801 0.303711
34.766 1 ATTITUDE 0.048584 -2.687988 0.127197
34.770 1 GPS 0 1130805120 0 0 -17000 0 0 0 395500 12 5
34.796 1 NAVIGATION 0 1 10801716. -3566302. 1.29396962755e+14 1.29395570246e+14 0 0
34.868 1 ATTITUDE -0.00293 -2.692139 0.131348
34.874 1 DESIRED -0.02 -0.13 5. -85. -64. 815. 2.
34.876 1 ESTIMATOR -17. 0.
34.962 1 ATTITUDE 0.000488 -2.687012 0.13208
34.964 1 WP_MOVED 3 506436.09375 3566244.75 805. 12
34.981 1 DOWNLINK_STATUS 35 28750 1289 0 837. 38. 49.71
35.012 1 GPS 0 1130805120 0 0 -17000 0 0 0 395750 12 6
35.043 1 NAVIGATION 0 1 10801716. -3566302. 1.29396962755e+14 1.29395570246e+14 0 0
35.075 1 ATTITUDE 0.001953 -2.689697 0.137207
35.077 1 DESIRED -0.02 -0.13 5. -85. -64. 815. 2.
35.162 1 ATTITUDE 0.006592 -2.678711 0.140869
35.164 1 IMU_ACCEL 0.186523 -0.544922 9.445312
35.280 1 ATTITUDE 0. -2.662842 0.138428
35.286 1 DESIRED -0.02 -0.13 5. -85. -64. 815. 2.
35.292 1 GPS 0 1130805120 0 0 -17000 0 0 0 396000 12 7
35.295 1 IMU_GYRO -0.016113 -0.010742 0.005371
35.297 1 GPS_SOL 797144704 105770 9999 0
35.325 1 NAVIGATION 0 1 10801716. -3566302. 1.29396962755e+14 1.29395570246e+14 0 0
35.360 1 ATTITUDE -0.00708 -2.694336 0.134766
35.362 1 ESTIMATOR -17. 0.
35.474 1 ATTITUDE -0.020508 -2.664307 0.134277
35.481 1 DESIRED -0.02 -0.12 5. -85. -64. 815. 2.
35.484 1 WP_MOVED 4 506240. 3566357.25 805. 12
35.489 1 NAVIGATION 0 1 10801716. -3566302. 1.29396962755e+14 1.29395570246e+14 0 0
35.517 1 PONG 
35.549 1 GPS 0 1130805120 0 0 -17000 0 0 0 396250 12 8
35.576 1 NAVIGATION 0 1 10801716. -3566302. 1.29396962755e+14 1.29395570246e+14 0 0
35.599 1 ATTITUDE -0.033447 -2.682861 0.131104
35.604 1 BAT 0 123 0 0 0 185 185 0
35.638 1 COMMANDS 0,-278,-2033
35.673 1 ATTITUDE -0.042725 -2.68457 0.129395
35.680 1 DESIRED -0.02 -0.11 5. -85. -64. 815. 2.
35.682 1 IMU_MAG 0.269531 -0.871094 0.071289
35.684 1 DL_VALUE 2 815.
35.686 1 DOWNLINK 19 820 6797
35.740 1 ACTUATORS 1000,1394,1486
35.767 1 ATTITUDE -0.039551 -2.662109 0.130615
35.772 1 GPS 0 1130805120 0 0 -17000 0 0 0 396500 12 9
35.802 1 NAVIGATION 0 1 10801716. -3566302. 1.29396962755e+14 1.29395570246e+14 0 0
35.872 1 ATTITUDE -0.029297 -2.676025 0.12793
35.878 1 DESIRED -0.02 -0.12 5. -85. -64. 815. 2.
35.880 1 ESTIMATOR -17. 0.
35.883 1 IMU_GYRO -0.06665 -0.037598 0.145264
35.965 1 ATTITUDE -0.053955 -2.66626 0.118164
35.969 1 WP_MOVED 5 506446.09375 3566366.5 820. 12
35.972 1 IMU_ACCEL 0.560547 -0.691406 9.828125
35.982 1 DOWNLINK_STATUS 36 29611 1329 0 861. 40. 49.86
36.013 1 GPS 0 1130805120 0 0 -17000 0 0 0 396750 12 10
36.044 1 NAVIGATION 0 1 10801716. -3566302. 1.29396962755e+14 1.29395570246e+14 0 0
36.066 1 ATTITUDE -0.074707 -2.697266 0.110596
36.075 1 DESIRED -0.02 -0.1 5. -85. -64. 815. 2.
36.160 1 ATTITUDE -0.072998 -2.673584 0.11084
36.161 1 CALIBRATION 0. 0
36.273 1 ATTITUDE -0.067871 -2.674805 0.118896
36.279 1 DESIRED -0.02 -0.1 5. -85. -64. 815. 2.
36.284 1 GPS 0 1130805120 0 0 -17000 0 0 0 397000 12 11
36.313 1 NAVIGATION 0 1 10801716. -3566302. 1.29396962755e+14 1.29395570246e+14 0 0
36.363 1 ATTITUDE -0.064941 -2.677734 0.126953
36.364 1 ESTIMATOR -17. 0.
36.366 1 STATE_FILTER_STATUS 3 0
36.479 1 ATTITUDE -0.06665 -2.662598 0.129639
36.486 1 DESIRED -0.02 -0.1 5. -85. -64. 815. 2.
36.488 1 WP_MOVED 0 506377. 3566344. 757. 12
36.492 1 IMU_GYRO 0.01709 0.041992 0.050537
36.497 1 NAVIGATION 0 1 10801716. -3566302. 1.29396962755e+14 1.29395570246e+14 0 0
36.524 1 GPS 0 1130805120 0 0 -17000 0 0 0 397250 12 12
36.556 1 FBW_STATUS 0 48 0 123 0
36.562 1 NAVIGATION 0 1 10801716. -3566302. 1.29396962755e+14 1.29395570246e+14 0 0
36.581 1 ATTITUDE -0.067383 -2.678467 0.129395
36.674 1 ATTITUDE -0.063965 -2.666992 0.125488
36.680 1 DESIRED -0.02 -0.1 5. -85. -64. 815. 2.
36.683 1 BAT 11 123 0 0 0 186 186 0
36.686 1 ENERGY 12.3 0. 0 0.
36.774 1 ATTITUDE -0.070312 -2.673584 0.120605
36.780 1 GPS 0 1130805120 0 0 -17000 0 0 0 397500 12 13
36.783 1 IMU_ACCEL 0.785156 -0.399414 9.750977
36.787 1 ALIVE 36,70,0,158,161,54,187,248,41,66,149,246,247,166,80,39
36.810 1 NAVIGATION 0 1 10801716. -3566302. 1.29396962755e+14 1.29395570246e+14 0 0
36.870 1 ATTITUDE -0.064453 -2.678467 0.117188
36.877 1 DESIRED -0.02 -0.1 5. -85. -64. 815. 2.
36.880 1 ESTIMATOR -17. 0.
36.881 1 PPRZ_MODE 0 3 3 0 0 17
36.965 1 ATTITUDE -0.058838 -2.677734 0.106201
36.969 1 WP_MOVED 1 506335. 3566302. 765. 12
36.972 1 IMU_MAG 0.254883 -0.838379 0.04834
36.983 1 DOWNLINK_STATUS 37 30454 1367 0 843. 38. 49.86
37.013 1 GPS 0 1130805120 0 0 -17000 0 0 0 397750 12 1
37.047 1 NAVIGATION 0 1 10801716. -3566302. 1.29396962755e+14 1.29395570246e+14 0 0
37.077 1 ATTITUDE -0.059814 -2.695801 0.0979
37.081 1 DESIRED -0.02 -0.1 5. -85. -64. 815. 2.
37.082 1 IMU_GYRO 0.027832 0.050537 -0.178711
37.160 1 ATTITUDE -0.065918 -2.69043 0.101318
37.162 1 DL_VALUE 3 0.
37.276 1 ATTITUDE -0.048828 -2.682861 0.109375
37.282 1 DESIRED -0.02 -0.11 5. -85. -64. 815. 2.
37.287 1 GPS 0 1130805120 0 0 -17000 0 0 0 398000 12 2
37.289 1 GPS_SOL 797160384 105798 9999 0
37.316 1 NAVIGATION 0 1 10801716. -3566302. 1.29396962755e+14 1.29395570246e+14 0 0
37.359 1 ATTITUDE -0.043701 -2.700439 0.11377
37.363 1 ESTIMATOR -17. 0.
37.474 1 ATTITUDE -0.045898 -2.682373 0.12915
37.481 1 DESIRED -0.02 -0.11 5. -85. -64. 815. 2.
37.483 1 WP_MOVED 2 506250.1875 3566238.5 815. 12
37.489 1 NAVIGATION 0 1 10801716. -3566302. 1.29396962755e+14 1.29395570246e+14 0 0
37.520 1 GPS 0 1130805120 0 0 -17000 0 0 0 398250 12 3
37.551 1 NAVIGATION 0 1 10801716. -3566302. 1.29396962755e+14 1.29395570246e+14 0 0
37.577 1 ATTITUDE -0.017578 -2.734131 0.137695
37.579 1 IMU_ACCEL 0.822266 0. 9.866211
37.669 1 ATTITUDE 0.001221 -2.701416 0.137939
37.675 1 DESIRED -0.02 -0.13 5. -85. -64. 815. 2.
37.678 1 IMU_GYRO -0.033203 0.106445 -0.062256
37.768 1 ATTITUDE 0.002686 -2.700684 0.135742
37.774 1 GPS 0 1130805120 0 0 -17000 0 0 0 398500 12 4
37.777 1 BAT 0 123 0 0 0 187 187 0
37.806 1 NAVIGATION 0 1 10801716. -3566302. 1.29396962755e+14 1.29395570246e+14 0 0
37.867 1 ATTITUDE 0.012207 -2.708984 0.134766
37.874 1 DESIRED -0.02 -0.13 5. -85. -64. 815. 2.
37.875 1 ESTIMATOR -17. 0.
37.962 1 ATTITUDE 0.053955 -2.690918 0.134766
37.965 1 WP_MOVED 3 506436.09375 3566244.75 805. 12
37.984 1 DOWNLINK_STATUS 38 31236 1401 0 782. 34. 49.86
38.012 1 GPS 0 1130805120 0 0 -17000 0 0 0 398750 12 5
38.044 1 NAVIGATION 0 1 10801716. -3566302. 1.29396962755e+14 1.29395570246e+14 0 0
38.078 1 ATTITUDE 0.079346 -2.67749 0.135986
38.081 1 DESIRED -0.02 -0.1 5. -85. -64. 815. 2.
38.157 1 ATTITUDE 0.07373 -2.675049 0.137451
38.280 1 ATTITUDE 0.06543 -2.678467 0.137695
38.286 1 DESIRED -0.02 -0.1 5. -85. -64. 815. 2.
38.292 1 GPS 0 1130805120 0 0 -17000 0 0 0 399000 12 6
38.294 1 IMU_GYRO 0.00415 0.009521 0.063477
38.297 1 IMU_MAG 0.20459 -0.816406 0.218262
38.323 1 NAVIGATION 0 1 10801716. -3566302. 1.29396962755e+14 1.29395570246e+14 0 0
38.364 1 ATTITUDE 0.064209 -2.695068 0.136719
38.366 1 ESTIMATOR -17. 0.
38.370 1 IMU_ACCEL -0.597656 -0.291016 9.55957
38.475 1 ATTITUDE 0.059814 -2.683594 0.138184
38.481 1 DESIRED -0.02 -0.1 5. -85. -64. 815. 2.
38.484 1 WP_MOVED 4 506240. 3566357.25 805. 12
38.489 1 NAVIGATION 0 1 10801716. -3566302. 1.29396962755e+14 1.29395570246e+14 0 0
38.521 1 GPS 0 1130805120 0 0 -17000 0 0 0 399250 12 7
38.552 1 NAVIGATION 0 1 10801716. -3566302. 1.29396962755e+14 1.29395570246e+14 0 0
38.553 1 FBW_STATUS 0 49 0 123 0
38.579 1 ATTITUDE 0.05542 -2.692871 0.136963
38.579 1 STATE_FILTER_STATUS 3 0
38.667 1 ATTITUDE 0.05542 -2.686768 0.128662
38.673 1 DESIRED -0.02 -0.11 5. -85. -64. 815. 2.
38.674 1 DL_VALUE 4 0.
38.765 1 ATTITUDE 0.056152 -2.69043 0.120117
38.769 1 GPS 0 1130805120 0 0 -17000 0 0 0 399500 12 8
38.799 1 NAVIGATION 0 1 10801716. -3566302. 1.29396962755e+14 1.29395570246e+14 0 0
38.876 1 ATTITUDE 0.056885 -2.724854 0.114258
38.883 1 DESIRED -0.02 -0.11 5. -85. -64. 815. 2.
38.885 1 ESTIMATOR -17. 0.
38.887 1 IMU_GYRO -0.01709 0.01709 -0.727051
38.891 1 BAT 8 123 0 0 0 188 188 0
38.962 1 ATTITUDE 0.052002 -2.73877 0.10791
38.964 1 WP_MOVED 5 506446.09375 3566366.5 820. 12
38.985 1 DOWNLINK_STATUS 39 32042 1437 0 806. 36. 49.86
39.012 1 GPS 0 1130805120 0 0 -17000 0 0 0 399750 12 9
39.044 1 NAVIGATION 0 1 10801716. -3566302. 1.29396962755e+14 1.29395570246e+14 0 0
39.072 1 ATTITUDE 0.05957 -2.744873 0.116455
39.078 1 DESIRED -0.02 -0.1 5. -85. -64. 815. 2.
39.166 1 ATTITUDE 0.013428 -2.745117 0.133057
39.169 1 IMU_ACCEL -0.261719 -0.363281 9.101562
39.171 1 ENERGY 12.3 0. 0 0.
39.276 1 ATTITUDE -0.130859 -2.756592 0.151367
39.282 1 DESIRED -0.02 -0.07 5. -85. -64. 815. 2.
39.288 1 GPS 0 1130805120 0 0 -17000 0 0 0 400000 12 10
39.291 1 GPS_SOL 797176256 105827 9999 0
39.316 1 NAVIGATION 0 1 10801716. -3566302. 1.29396962755e+14 1.29395570246e+14 0 0
39.361 1 ATTITUDE -0.267578 -2.750732 0.165771
39.362 1 ESTIMATOR -17. 0.
39.478 1 ATTITUDE -0.385986 -2.682617 0.174072
39.485 1 DESIRED -0.02 0.04 5. -85. -64. 815. 2.
39.488 1 WP_MOVED 0 506377. 3566344. 757. 12
39.491 1 IMU_GYRO 0.215332 -1.175049 0.247559
39.496 1 NAVIGATION 0 1 10801716. -3566302. 1.29396962755e+14 1.29395570246e+14 0 0
39.519 1 GPS 0 1130805120 0 0 -17000 0 0 0 400250 12 11
39.544 1 NAVIGATION 0 1 10801716. -3566302. 1.29396962755e+14 1.29395570246e+14 0 0
39.571 1 ATTITUDE -0.496338 -2.649414 0.172607
39.579 1 IMU_MAG 0.234375 -0.783691 -0.338379
39.665 1 ATTITUDE -0.571777 -2.548828 0.165771
39.671 1 DESIRED -0.02 0.12 5. -85. -64. 815. 2.
39.764 1 ATTITUDE -0.570312 -2.544922 0.156006
39.770 1 GPS 0 1130805120 0 0 -17000 0 0 0 400500 12 12
39.796 1 NAVIGATION 0 1 10801716. -3566302. 1.29396962755e+14 1.29395570246e+14 0 0
39.867 1 ATTITUDE -0.480957 -2.622314 0.147705
39.874 1 DESIRED -0.02 0.08 5. -85. -64. 815. 2.
39.876 1 ESTIMATOR -17. 0.
39.970 1 ATTITUDE -0.313965 -2.708984 0.141846
39.974 1 WP_MOVED 1 506335. 3566302. 765. 12
39.977 1 IMU_ACCEL 2.766602 -0.145508 9.369141
39.980 1 BAT 26 123 0 0 0 189 189 0
39.985 1 DOWNLINK_STATUS 40 32851 1472 0 809. 35. 49.86
40.013 1 GPS 0 1130805120 0 0 -17000 0 0 0 400750 12 13
40.043 1 NAVIGATION 0 1 10801716. -3566302. 1.29396962755e+14 1.29395570246e+14 0 0
40.073 1 ATTITUDE -0.140381 -2.771973 0.13623
40.080 1 DESIRED -0.02 -0.07 5. -85. -64. 815. 2.
40.082 1 IMU_GYRO -0.085938 1.593018 0.242188
40.160 1 ATTITUDE 0.024658 -2.731201 0.125732
40.161 1 DL_VALUE 5 0.
40.272 1 ATTITUDE 0.142822 -2.670898 0.112793
40.279 1 DESIRED -0.02 -0.07 5. -85. -64. 815. 2.
40.284 1 GPS 0 1130805120 0 0 -17000 0 0 0 401000 12 1
40.310 1 NAVIGATION 0 1 10801716. -3566302. 1.29396962755e+14 1.29395570246e+14 0 0
40.363 1 ATTITUDE 0.237061 -2.623291 0.099854
40.365 1 ESTIMATOR -17. 0.
40.368 1 CALIBRATION 0. 0
40.476 1 ATTITUDE 0.333984 -2.506104 0.084229
40.481 1 DESIRED -0.02 0.02 5. -85. -64. 815. 2.
40.484 1 WP_MOVED 2 506250.1875 3566238.5 815. 12
40.489 1 NAVIGATION 0 1 10801716. -3566302. 1.29396962755e+14 1.29395570246e+14 0 0
40.509 1 PONG 
40.542 1 GPS 0 1130805120 0 0 -17000 0 0 0 401250 12 2
40.568 1 FBW_STATUS 0 49 0 123 0
40.574 1 NAVIGATION 0 1 10801716. -3566302. 1.29396962755e+14 1.29395570246e+14 0 0
40.605 1 ATTITUDE 0.439209 -2.410889 0.068115
40.639 1 COMMANDS 0,-294,-2003
40.668 1 ATTITUDE 0.520264 -2.285645 0.056641
40.675 1 DESIRED -0.02 0.1 5. -85. -64. 815. 2.
40.677 1 IMU_GYRO 0.014893 0.553467 0.023682
40.698 1 WIND_INFO 1 42 0. 0. 0.
40.738 1 ACTUATORS 1000,1395,1485
40.774 1 ATTITUDE 0.57959 -2.185059 0.053711
40.779 1 GPS 0 1130805120 0 0 -17000 0 0 0 401500 12 3
40.782 1 IMU_ACCEL -5.683594 -0.836914 7.838867
40.784 1 STATE_FILTER_STATUS 3 0
40.785 1 DOWNLINK 20 816 6984
40.811 1 NAVIGATION 0 1 10801716. -3566302. 1.29396962755e+14 1.29395570246e+14 0 0
40.872 1 ATTITUDE 0.650635 -2.09082 0.050537
40.878 1 DESIRED -0.02 0.15 5. -85. -64. 815. 2.
40.881 1 ESTIMATOR -17. 0.
40.883 1 IMU_MAG 0.159668 -0.533203 0.698242
40.962 1 ATTITUDE 0.72168 -1.935303 0.044922
40.965 1 WP_MOVED 3 506436.09375 3566244.75 805. 12
40.986 1 DOWNLINK_STATUS 41 33691 1512 0 840. 40. 40.43
41.014 1 GPS 0 1130805120 0 0 -17000 0 0 0 401750 12 4
41.044 1 NAVIGATION 0 1 10801716. -3566302. 1.29396962755e+14 1.29395570246e+14 0 0
41.074 1 ATTITUDE 0.772705 -1.881592 0.039307
41.082 1 DESIRED -0.02 0.21 5. -85. -64. 815. 2.
41.084 1 BAT 0 123 0 0 0 190 190 0
41.161 1 ATTITUDE 0.804688 -1.815186 0.040283
41.163 1 NAVIGATION_REF 506335 3566302 12
41.281 1 ATTITUDE 0.806396 -1.797852 0.044189
41.287 1 DESIRED -0.02 0.22 5. -85. -64. 815. 2.
41.292 1 GPS 0 1130805120 0 0 -17000 0 0 0 402000 12 5
41.294 1 IMU_GYRO 0.076416 -0.095703 0.037598
41.297 1 GPS_SOL 797192128 105855 9999 0
41.325 1 NAVIGATION 0 1 10801716. -3566302. 1.29396962755e+14 1.29395570246e+14 0 0
41.360 1 ATTITUDE 0.775879 -1.881592 0.051514
41.363 1 ESTIMATOR -17. 0.
41.476 1 ATTITUDE 0.674561 -1.977539 0.061035
41.482 1 DESIRED -0.02 0.17 5. -85. -64. 815. 2.
41.485 1 WP_MOVED 4 506240. 3566357.25 805. 12
41.490 1 NAVIGATION 0 1 10801716. -3566302. 1.29396962755e+14 1.29395570246e+14 0 0
41.518 1 GPS 0 1130805120 0 0 -17000 0 0 0 402250 12 6
41.544 1 NAVIGATION 0 1 10801716. -3566302. 1.29396962755e+14 1.29395570246e+14 0 0
41.570 1 ATTITUDE 0.494385 -2.296875 0.063232
41.573 1 IMU_ACCEL -4.038086 -0.472656 8.642578
41.672 1 ATTITUDE 0.311523 -2.491455 0.070801
41.678 1 DESIRED -0.02 0.01 5. -85. -64. 815. 2.
41.680 1 DL_VALUE 6 120.
41.684 1 ENERGY 12.3 0. 0 0.
41.769 1 ATTITUDE 0.118896 -2.678955 0.084717
41.774 1 GPS 0 1130805120 0 0 -17000 0 0 0 402500 12 7
41.779 1 ALIVE 36,70,0,158,161,54,187,248,41,66,149,246,247,166,80,39
41.804 1 NAVIGATION 0 1 10801716. -3566302. 1.29396962755e+14 1.29395570246e+14 0 0
41.875 1 ATTITUDE -0.097168 -2.805908 0.103271
41.880 1 DESIRED -0.02 -0.09 5. -85. -64. 815. 2.
41.882 1 ESTIMATOR -17. 0.
41.885 1 IMU_GYRO 0.199219 -2.511719 0.016113
41.887 1 PPRZ_MODE 0 3 3 0 0 17
41.960 1 ATTITUDE -0.307617 -2.780762 0.111328
41.964 1 WP_MOVED 5 506446.09375 3566366.5 820. 12
41.987 1 DOWNLINK_STATUS 42 34543 1550 0 852. 38. 40.43
42.012 1 GPS 0 1130805120 0 0 -17000 0 0 0 402750 12 8
42.044 1 NAVIGATION 0 1 10801716. -3566302. 1.29396962755e+14 1.29395570246e+14 0 0
42.066 1 ATTITUDE -0.465088 -2.739258 0.106201
42.073 1 DESIRED -0.02 0.07 5. -85. -64. 815. 2.
42.166 1 ATTITUDE -0.616211 -2.601074 0.095703
42.169 1 BAT 0 123 0 0 0 191 191 0
42.171 1 IMU_MAG 0.170898 -0.705566 -0.429199
42.272 1 ATTITUDE -0.743408 -2.489746 0.081787
42.278 1 DESIRED -0.02 0.19 5. -85. -64. 815. 2.
42.283 1 GPS 0 1130805120 0 0 -17000 0 0 0 403000 12 9
42.309 1 NAVIGATION 0 1 10801716. -3566302. 1.29396962755e+14 1.29395570246e+14 0 0
42.364 1 ATTITUDE -0.851562 -2.393555 0.06665
42.367 1 ESTIMATOR -17. 0.
42.370 1 IMU_ACCEL 7.291992 -0.253906 6.30957
42.482 1 ATTITUDE -0.898926 -2.295898 0.054443
42.488 1 DESIRED -0.02 0.26 5. -85. -64. 815. 2.
42.492 1 WP_MOVED 0 506377. 3566344. 757. 12
42.493 1 IMU_GYRO 0.034424 -0.184082 0.103271
42.499 1 NAVIGATION 0 1 10801716. -3566302. 1.29396962755e+14 1.29395570246e+14 0 0
42.500 1 CALIBRATION 0. 0
42.527 1 GPS 0 1130805120 0 0 -17000 0 0 0 403250 12 10
42.554 1 FBW_STATUS 0 49 0 123 0
42.558 1 NAVIGATION 0 1 10801716. -3566302. 1.29396962755e+14 1.29395570246e+14 0 0
42.586 1 ATTITUDE -0.914062 -2.317383 0.044678
42.665 1 ATTITUDE -0.880615 -2.308105 0.042725
42.671 1 DESIRED -0.02 0.25 5. -85. -64. 815. 2.
42.765 1 ATTITUDE -0.796143 -2.392822 0.050781
42.769 1 GPS 0 1130805120 0 0 -17000 0 0 0 403500 12 11
42.795 1 NAVIGATION 0 1 10801716. -3566302. 1.29396962755e+14 1.29395570246e+14 0 0
42.868 1 ATTITUDE -0.621338 -2.577881 0.062012
42.874 1 DESIRED -0.02 0.14 5. -85. -64. 815. 2.
42.875 1 ESTIMATOR -17. 0.
42.964 1 ATTITUDE -0.372803 -2.774414 0.068604
42.966 1 WP_MOVED 1 506335. 3566302. 765. 12
42.968 1 STATE_FILTER_STATUS 3 0
42.988 1 DOWNLINK_STATUS 43 35331 1585 0 788. 35. 40.43
43.013 1 GPS 0 1130805120 0 0 -17000 0 0 0 403750 12 12
43.044 1 NAVIGATION 0 1 10801716. -3566302. 1.29396962755e+14 1.29395570246e+14 0 0
43.078 1 ATTITUDE -0.172119 -2.851562 0.070801
43.085 1 DESIRED -0.02 -0.06 5. -85. -64. 815. 2.
43.087 1 IMU_GYRO -0.01709 1.742676 0.056885
43.164 1 ATTITUDE 0.00293 -2.820557 0.071045
43.166 1 IMU_ACCEL -0.149414 -0.727539 9.598633
43.169 1 DL_VALUE 7 0.
43.280 1 ATTITUDE 0.174072 -2.715332 0.067139
43.287 1 DESIRED -0.02 -0.07 5. -85. -64. 815. 2.
43.291 1 GPS 0 1130805120 0 0 -17000 0 0 0 404000 12 13
43.295 1 BAT 0 123 0 0 0 192 192 0
43.298 1 GPS_SOL 797208128 105883 9999 0
43.319 1 NAVIGATION 0 1 10801716. -3566302. 1.29396962755e+14 1.29395570246e+14 0 0
43.359 1 ATTITUDE 0.327637 -2.574463 0.060547
43.363 1 ESTIMATOR -17. 0.
43.479 1 ATTITUDE 0.474854 -2.36084 0.052734
43.485 1 DESIRED -0.02 0.08 5. -85. -64. 815. 2.
43.488 1 WP_MOVED 2 506250.1875 3566238.5 815. 12
43.493 1 NAVIGATION 0 1 10801716. -3566302. 1.29396962755e+14 1.29395570246e+14 0 0
43.495 1 IMU_MAG 0.128418 -0.646484 0.59375
43.526 1 GPS 0 1130805120 0 0 -17000 0 0 0 404250 12 1
43.552 1 NAVIGATION 0 1 10801716. -3566302. 1.29396962755e+14 1.29395570246e+14 0 0
43.574 1 ATTITUDE 0.616455 -2.183838 0.042236
43.669 1 ATTITUDE 0.729492 -1.928955 0.027832
43.675 1 DESIRED -0.02 0.19 5. -85. -64. 815. 2.
43.677 1 IMU_GYRO 0.007324 0.923096 0.049316
43.764 1 ATTITUDE 0.821289 -1.79126 0.017334
43.771 1 GPS 0 1130805120 0 0 -17000 0 0 0 404500 12 2
43.797 1 NAVIGATION 0 1 10801716. -3566302. 1.29396962755e+14 1.29395570246e+14 0 0
43.868 1 ATTITUDE 0.888184 -1.706787 0.011719
43.874 1 DESIRED -0.02 0.26 5. -85. -64. 815. 2.
43.876 1 ESTIMATOR -17. 0.
43.966 1 ATTITUDE 0.888672 -1.685791 0.014648
43.968 1 WP_MOVED 3 506436.09375 3566244.75 805. 12
43.972 1 IMU_ACCEL -7.77832 -0.763672 5.8125
43.988 1 DOWNLINK_STATUS 44 36149 1621 0 818. 36. 40.43
44.012 1 GPS 0 1130805120 0 0 -17000 0 0 0 404750 12 3
44.044 1 NAVIGATION 0 1 10801716. -3566302. 1.29396962755e+14 1.29395570246e+14 0 0
44.071 1 ATTITUDE 0.842041 -1.776367 0.021973
44.077 1 DESIRED -0.02 0.24 5. -85. -64. 815. 2.
44.161 1 ATTITUDE 0.76123 -1.81958 0.028564
44.164 1 ENERGY 12.3 0. 0 0.
44.276 1 ATTITUDE 0.673828 -1.964844 0.032959
44.281 1 DESIRED -0.02 0.16 5. -85. -64. 815. 2.
44.287 1 GPS 0 1130805120 0 0 -17000 0 0 0 405000 12 4
44.290 1 IMU_GYRO -0.01709 -0.843262 0.003174
44.318 1 NAVIGATION 0 1 10801716. -3566302. 1.29396962755e+14 1.29395570246e+14 0 0
44.365 1 ATTITUDE 0.591064 -2.143555 0.039551
44.367 1 ESTIMATOR -17. 0.
44.370 1 BAT 4 123 0 0 0 193 193 0
44.475 1 ATTITUDE 0.490234 -2.246094 0.049072
44.481 1 DESIRED -0.02 0.08 5. -85. -64. 815. 2.
44.484 1 WP_MOVED 4 506240. 3566357.25 805. 12
44.489 1 NAVIGATION 0 1 10801716. -3566302. 1.29396962755e+14 1.29395570246e+14 0 0
44.517 1 GPS 0 1130805120 0 0 -17000 0 0 0 405250 12 5
44.544 1 FBW_STATUS 0 49 0 123 0
44.550 1 NAVIGATION 0 1 10801716. -3566302. 1.29396962755e+14 1.29395570246e+14 0 0
44.574 1 ATTITUDE 0.333008 -2.493408 0.060059
44.576 1 CALIBRATION 0. 0
44.667 1 ATTITUDE 0.143066 -2.657227 0.072998
44.697 1 DESIRED -0.02 -0.05 5. -85. -64. 815. 2.
44.698 1 DL_VALUE 8 0.
44.773 1 ATTITUDE 0.001709 -2.751221 0.08252
44.779 1 GPS 0 1130805120 0 0 -17000 0 0 0 405500 12 6
44.782 1 IMU_ACCEL -0.149414 -0.691406 9.253906
44.784 1 IMU_MAG 0.170898 -0.794922 0.129395
44.811 1 NAVIGATION 0 1 10801716. -3566302. 1.29396962755e+14 1.29395570246e+14 0 0
44.872 1 ATTITUDE -0.05542 -2.775146 0.085449
44.878 1 DESIRED -0.02 -0.11 5. -85. -64. 815. 2.
44.881 1 ESTIMATOR -17. 0.
44.883 1 IMU_GYRO 0.01709 -0.263672 0.076416
44.962 1 ATTITUDE -0.065186 -2.761963 0.085938
44.965 1 WP_MOVED 5 506446.09375 3566366.5 820. 12
44.989 1 DOWNLINK_STATUS 45 36977 1658 0 828. 37. 40.43
45.013 1 GPS 0 1130805120 0 0 -17000 0 0 0 405750 12 7
45.043 1 NAVIGATION 0 1 10801716. -3566302. 1.29396962755e+14 1.29395570246e+14 0 0
45.066 1 ATTITUDE -0.037109 -2.772217 0.092773
45.073 1 DESIRED -0.02 -0.11 5. -85. -64. 815. 2.
45.159 1 ATTITUDE -0.042725 -2.743896 0.103516
45.180 1 STATE_FILTER_STATUS 3 0
45.277 1 ATTITUDE -0.035889 -2.748047 0.100342
45.282 1 DESIRED -0.02 -0.11 5. -85. -64. 815. 2.
45.288 1 GPS 0 1130805120 0 0 -17000 0 0 0 406000 12 8
45.290 1 GPS_SOL 797224256 105912 9999 0
45.318 1 NAVIGATION 0 1 10801716. -3566302. 1.29396962755e+14 1.29395570246e+14 0 0
45.360 1 ATTITUDE -0.04541 -2.775391 0.081543
45.362 1 ESTIMATOR -17. 0.
45.480 1 ATTITUDE -0.07251 -2.762451 0.096436
45.486 1 DESIRED -0.02 -0.1 5. -85. -64. 815. 2.
45.488 1 WP_MOVED 0 506377. 3566344. 757. 12
45.491 1 IMU_GYRO 0.111816 0.536377 0.037598
45.497 1 NAVIGATION 0 1 10801716. -3566302. 1.29396962755e+14 1.29395570246e+14 0 0
45.526 1 GPS 0 1130805120 0 0 -17000 0 0 0 406250 12 9
45.549 1 PONG 
45.580 1 NAVIGATION 0 1 10801716. -3566302. 1.29396962755e+14 1.29395570246e+14 0 0
45.604 1 ATTITUDE -0.028564 -2.767822 0.103516
45.607 1 IMU_ACCEL 0.485352 -1.382812 9.674805
45.638 1 COMMANDS 4,-291,-2003
45.664 1 ATTITUDE 0.004639 -2.750488 0.101074
45.671 1 DESIRED -0.02 -0.13 5. -85. -64. 815. 2.
45.738 1 ACTUATORS 1000,1394,1485
45.768 1 ATTITUDE 0.035156 -2.736084 0.09375
45.773 1 GPS 0 1130805120 0 0 -17000 0 0 0 406500 12 10
45.804 1 NAVIGATION 0 1 10801716. -3566302. 1.29396962755e+14 1.29395570246e+14 0 0
45.871 1 ATTITUDE 0.057373 -2.762939 0.083008
45.877 1 DESIRED -0.02 -0.11 5. -85. -64. 815. 2.
45.878 1 ESTIMATOR -17. 0.
45.880 1 DOWNLINK 21 819 7171
45.962 1 ATTITUDE 0.018066 -2.749512 0.09668
45.965 1 WP_MOVED 1 506335. 3566302. 765. 12
45.990 1 DOWNLINK_STATUS 46 37762 1694 0 785. 36. 79.57
46.013 1 GPS 0 1130805120 0 0 -17000 0 0 0 406750 12 11
46.046 1 NAVIGATION 0 1 10801716. -3566302. 1.29396962755e+14 1.29395570246e+14 0 0
46.072 1 ATTITUDE -0.066406 -2.78418 0.098145
46.079 1 DESIRED -0.02 -0.1 5. -85. -64. 815. 2.
46.087 1 IMU_GYRO -0.104248 -0.846436 0.0979
46.087 1 IMU_MAG 0.150391 -0.790527 -0.007324
46.159 1 ATTITUDE -0.132812 -2.781738 0.099854
46.160 1 DL_VALUE 9 0.
46.272 1 ATTITUDE -0.179199 -2.770752 0.104736
46.278 1 DESIRED -0.02 -0.05 5. -85. -64. 815. 2.
46.284 1 GPS 0 1130805120 0 0 -17000 0 0 0 407000 12 12
46.312 1 NAVIGATION 0 1 10801716. -3566302. 1.29396962755e+14 1.29395570246e+14 0 0
46.364 1 ATTITUDE -0.172852 -2.777588 0.105225
46.367 1 ESTIMATOR -17. 0.
46.369 1 IMU_ACCEL 1.756836 -0.763672 9.291992
46.474 1 ATTITUDE -0.138672 -2.76709 0.108398
46.481 1 DESIRED -0.02 -0.07 5. -85. -64. 815. 2.
46.483 1 WP_MOVED 2 506250.1875 3566238.5 815. 12
46.489 1 NAVIGATION 0 1 10801716. -3566302. 1.29396962755e+14 1.29395570246e+14 0 0
46.514 1 GPS 0 1130805120 0 0 -17000 0 0 0 407250 12 13
46.544 1 FBW_STATUS 0 48 0 123 0
46.549 1 NAVIGATION 0 1 10801716. -3566302. 1.29396962755e+14 1.29395570246e+14 0 0
46.576 1 ATTITUDE -0.119873 -2.775391 0.112305
46.579 1 BAT 4 123 0 0 0 196 196 0
46.676 1 ATTITUDE -0.125732 -2.770508 0.112061
46.682 1 DESIRED -0.02 -0.08 5. -85. -64. 815. 2.
46.684 1 IMU_GYRO 0.01709 -0.029053 0.042969
46.686 1 CALIBRATION 0. 0
46.689 1 ENERGY 12.3 0. 0 0.
46.770 1 ATTITUDE -0.127197 -2.77124 0.112793
46.774 1 GPS 0 1130805120 0 0 -17000 0 0 0 407500 12 1
46.779 1 ALIVE 36,70,0,158,161,54,187,248,41,66,149,246,247,166,80,39
46.809 1 NAVIGATION 0 1 10801716. -3566302. 1.29396962755e+14 1.29395570246e+14 0 0
46.870 1 ATTITUDE -0.121826 -2.768066 0.113281
46.877 1 DESIRED -0.02 -0.08 5. -85. -64. 815. 2.
46.879 1 ESTIMATOR -17. 0.
46.880 1 PPRZ_MODE 0 3 3 0 0 17
46.962 1 ATTITUDE -0.11377 -2.77124 0.113525
46.964 1 WP_MOVED 3 506436.09375 3566244.75 805. 12
46.991 1 DOWNLINK_STATUS 47 38625 1733 0 863. 39. 79.57
47.013 1 GPS 0 1130805120 0 0 -17000 0 0 0 407750 12 2
47.044 1 NAVIGATION 0 1 10801716. -3566302. 1.29396962755e+14 1.29395570246e+14 0 0
47.071 1 ATTITUDE -0.11377 -2.770264 0.11377
47.078 1 DESIRED -0.02 -0.08 5. -85. -64. 815. 2.
47.161 1 ATTITUDE -0.118408 -2.772461 0.113037
47.164 1 IMU_ACCEL 1.196289 -0.327148 9.636719
47.279 1 ATTITUDE -0.115479 -2.767334 0.113525
47.286 1 DESIRED -0.02 -0.08 5. -85. -64. 815. 2.
47.292 1 GPS 0 1130805120 0 0 -17000 0 0 0 408000 12 3
47.295 1 IMU_GYRO 0.010742 0.041992 0.032227
47.298 1 GPS_SOL 797240576 105940 9999 0
47.326 1 NAVIGATION 0 1 10801716. -3566302. 1.29396962755e+14 1.29395570246e+14 0 0
47.365 1 ATTITUDE -0.112305 -2.786621 0.113525
47.369 1 ESTIMATOR -17. 0.
47.372 1 IMU_MAG 0.163574 -0.832031 -0.036621
47.373 1 STATE_FILTER_STATUS 3 0
47.475 1 ATTITUDE -0.113525 -2.769043 0.113281
47.481 1 DESIRED -0.02 -0.08 5. -85. -64. 815. 2.
47.484 1 WP_MOVED 4 506240. 3566357.25 805. 12
47.489 1 NAVIGATION 0 1 10801716. -3566302. 1.29396962755e+14 1.29395570246e+14 0 0
47.517 1 GPS 0 1130805120 0 0 -17000 0 0 0 408250 12 4
47.548 1 NAVIGATION 0 1 10801716. -3566302. 1.29396962755e+14 1.29395570246e+14 0 0
47.571 1 ATTITUDE -0.113525 -2.770264 0.114014
47.671 1 ATTITUDE -0.117676 -2.767578 0.113281
47.677 1 DESIRED -0.02 -0.08 5. -85. -64. 815. 2.
47.680 1 BAT 0 123 0 0 0 197 197 0
47.682 1 DL_VALUE 10 0.
47.765 1 ATTITUDE -0.114258 -2.763428 0.113525
47.769 1 GPS 0 1130805120 0 0 -17000 0 0 0 408500 12 5
47.794 1 NAVIGATION 0 1 10801716. -3566302. 1.29396962755e+14 1.29395570246e+14 0 0
47.871 1 ATTITUDE -0.117188 -2.774414 0.113281
47.878 1 DESIRED -0.02 -0.08 5. -85. -64. 815. 2.
47.881 1 ESTIMATOR -17. 0.
47.884 1 IMU_GYRO 0.021484 0.054932 0.029053
47.965 1 ATTITUDE -0.114014 -2.768066 0.113037
47.969 1 WP_MOVED 5 506446.09375 3566366.5 820. 12
47.972 1 IMU_ACCEL 1.046875 -0.508789 9.598633
47.992 1 DOWNLINK_STATUS 48 39452 1770 0 827. 37. 79.57
48.013 1 GPS 0 1130805120 0 0 -17000 0 0 0 408750 12 6
48.044 1 NAVIGATION 0 1 10801716. -3566302. 1.29396962755e+14 1.29395570246e+14 0 0
48.072 1 ATTITUDE -0.11499 -2.780273 0.112793
48.078 1 DESIRED -0.02 -0.08 5. -85. -64. 815. 2.
48.156 1 ATTITUDE -0.116699 -2.767578 0.112549
48.273 1 ATTITUDE -0.112549 -2.765137 0.113525
48.282 1 DESIRED -0.02 -0.08 5. -85. -64. 815. 2.
48.284 1 GPS 0 1130805120 0 0 -17000 0 0 0 409000 12 7
48.310 1 NAVIGATION 0 1 10801716. -3566302. 1.29396962755e+14 1.29395570246e+14 0 0
48.360 1 ATTITUDE -0.114258 -2.777344 0.113525
48.362 1 ESTIMATOR -17. 0.
48.481 1 ATTITUDE -0.110596 -2.761963 0.114014
48.499 1 DESIRED -0.02 -0.08 5. -85. -64. 815. 2.
48.499 1 WP_MOVED 0 506377. 3566344. 757. 12
48.499 1 IMU_GYRO 0.023682 0.007324 0.037598
48.499 1 NAVIGATION 0 1 10801716. -3566302. 1.29396962755e+14 1.29395570246e+14 0 0
48.524 1 GPS 0 1130805120 0 0 -17000 0 0 0 409250 12 8
48.558 1 FBW_STATUS 0 49 0 123 0
48.560 1 NAVIGATION 0 1 10801716. -3566302. 1.29396962755e+14 1.29395570246e+14 0 0
48.582 1 ATTITUDE -0.113037 -2.784912 0.114014
48.669 1 ATTITUDE -0.111328 -2.769043 0.114014
48.675 1 DESIRED -0.02 -0.08 5. -85. -64. 815. 2.
48.694 1 IMU_MAG 0.163574 -0.751465 -0.038574
48.776 1 ATTITUDE -0.115723 -2.769043 0.114258
48.782 1 GPS 0 1130805120 0 0 -17000 0 0 0 409500 12 9
48.785 1 IMU_ACCEL 1.15918 -0.363281 9.712891
48.787 1 BAT 2 123 0 0 0 198 198 0
48.789 1 CALIBRATION 0. 0
48.814 1 NAVIGATION 0 1 10801716. -3566302. 1.29396962755e+14 1.29395570246e+14 0 0
48.868 1 ATTITUDE -0.11377 -2.780518 0.11377
48.874 1 DESIRED -0.02 -0.08 5. -85. -64. 815. 2.
48.876 1 ESTIMATOR -17. 0.
48.961 1 ATTITUDE -0.112061 -2.759033 0.114014
48.964 1 WP_MOVED 1 506335. 3566302. 765. 12
48.993 1 DOWNLINK_STATUS 49 40231 1804 0 779. 34. 79.57
49.013 1 GPS 0 1130805120 0 0 -17000 0 0 0 409750 12 10
49.044 1 NAVIGATION 0 1 10801716. -3566302. 1.29396962755e+14 1.29395570246e+14 0 0
49.075 1 ATTITUDE -0.115479 -2.774658 0.114014
49.081 1 DESIRED -0.02 -0.08 5. -85. -64. 815. 2.
49.083 1 IMU_GYRO 0.014893 0.049316 0.022461
49.165 1 ATTITUDE -0.112793 -2.763184 0.113525
49.165 1 DL_VALUE 0 0.
49.169 1 ENERGY 12.3 0. 0 0.
49.276 1 ATTITUDE -0.115967 -2.768799 0.113281
49.282 1 DESIRED -0.02 -0.08 5. -85. -64. 815. 2.
49.288 1 GPS 0 1130805120 0 0 -17000 0 0 0 410000 12 11
49.310 1 GPS_SOL 797257024 105968 9999 0
49.340 1 NAVIGATION 0 1 10801716. -3566302. 1.29396962755e+14 1.29395570246e+14 0 0
49.362 1 ATTITUDE -0.113281 -2.776123 0.113525
49.364 1 ESTIMATOR -17. 0.
49.476 1 ATTITUDE -0.11377 -2.779297 0.112793
49.482 1 DESIRED -0.02 -0.08 5. -85. -64. 815. 2.
49.485 1 WP_MOVED 2 506250.1875 3566238.5 815. 12
49.489 1 NAVIGATION 0 1 10801716. -3566302. 1.29396962755e+14 1.29395570246e+14 0 0
49.521 1 GPS 0 1130805120 0 0 -17000 0 0 0 410250 12 12
49.551 1 NAVIGATION 0 1 10801716. -3566302. 1.29396962755e+14 1.29395570246e+14 0 0
49.579 1 ATTITUDE -0.114258 -2.784912 0.112549
49.582 1 IMU_ACCEL 1.121094 -0.436523 9.331055
49.584 1 STATE_FILTER_STATUS 3 0
49.669 1 ATTITUDE -0.112793 -2.765869 0.112793
49.678 1 DESIRED -0.02 -0.08 5. -85. -64. 815. 2.
49.680 1 IMU_GYRO 0.019287 -0.007324 0.027832
49.763 1 ATTITUDE -0.11499 -2.768066 0.113037
49.769 1 GPS 0 1130805120 0 0 -17000 0 0 0 410500 12 13
49.793 1 NAVIGATION 0 1 10801716. -3566302. 1.29396962755e+14 1.29395570246e+14 0 0
49.872 1 ATTITUDE -0.112305 -2.767334 0.113037
49.878 1 DESIRED -0.02 -0.08 5. -85. -64. 815. 2.
49.881 1 ESTIMATOR -17. 0.
49.884 1 BAT 0 123 0 0 0 199 199 0
49.966 1 ATTITUDE -0.114258 -2.766602 0.112793
49.969 1 WP_MOVED 3 506436.09375 3566244.75 805. 12
49.971 1 IMU_MAG 0.161621 -0.705566 -0.055664
49.994 1 DOWNLINK_STATUS 50 41060 1841 0 829. 37. 79.57
50.013 1 GPS 0 1130805120 0 0 -17000 0 0 0 410750 12 1
50.044 1 NAVIGATION 0 1 10801716. -3566302. 1.29396962755e+14 1.29395570246e+14 0 0
50.071 1 ATTITUDE -0.111572 -2.776367 0.112549
50.077 1 DESIRED -0.02 -0.08 5. -85. -64. 815. 2.
50.160 1 ATTITUDE -0.112793 -2.765137 0.112549
50.162 1 NAVIGATION_REF 506335 3566302 12
50.276 1 ATTITUDE -0.113037 -2.765381 0.113281
50.282 1 DESIRED -0.02 -0.08 5. -85. -64. 815. 2.
50.288 1 GPS 0 1130805120 0 0 -17000 0 0 0 411000 12 2
50.290 1 IMU_GYRO 0.01709 0.072021 0.029053
50.316 1 NAVIGATION 0 1 10801716. -3566302. 1.29396962755e+14 1.29395570246e+14 0 0
50.364 1 ATTITUDE -0.108887 -2.783203 0.112793
50.367 1 ESTIMATOR -17. 0.
50.370 1 IMU_ACCEL 0.97168 -0.363281 9.636719
50.475 1 ATTITUDE -0.111816 -2.766602 0.11377
50.481 1 DESIRED -0.02 -0.08 5. -85. -64. 815. 2.
50.483 1 WP_MOVED 4 506240. 3566357.25 805. 12
50.489 1 NAVIGATION 0 1 10801716. -3566302. 1.29396962755e+14 1.29395570246e+14 0 0
50.513 1 PONG 
50.542 1 GPS 0 1130805120 0 0 -17000 0 0 0 411250 12 3
