3.776 1 GPS 0 0 0 0 0 0 0 0 0 0 1
3.805 1 NAVIGATION 0 1 0. 0. 8421.2 0. 0 0
3.820 1 ATTITUDE -0.109131 -0.739258 0.412354
3.826 1 DESIRED -0.01 0.15 4.2 -80. -45. 815. 2.
3.829 1 IMU_GYRO 0. 0.016846 0.
3.920 1 ATTITUDE -0.109375 -0.740234 0.412109
3.922 1 DL_VALUE 4 0.
3.924 1 DOWNLINK 0 820 251
4.020 1 ATTITUDE -0.109619 -0.740967 0.413818
4.026 1 DESIRED -0.01 0.15 4.2 -80. -45. 815. 2.
4.031 1 GPS 0 0 0 0 0 0 0 0 0 0 1
4.034 1 GPS_SOL 0 0 0 0
4.055 1 NAVIGATION 0 1 0. 0. 8421.2 0. 0 0
4.120 1 ATTITUDE -0.109863 -0.741699 0.413574
4.122 1 ESTIMATOR 0. 0.
4.126 1 BAT -114 0 0 0 1 6 6 0
4.228 1 ATTITUDE -0.109863 -0.741699 0.414062
4.228 1 DESIRED -0.01 0.15 4.2 -80. -45. 815. 2.
4.229 1 WP_MOVED 4 506374.40625 3566337.75 805. 12
4.234 1 NAVIGATION 0 1 0. 0. 8421.2 0. 0 0
4.272 1 GPS 0 0 0 0 0 0 0 0 0 0 1
4.305 1 NAVIGATION 0 1 0. 0. 8421.2 0. 0 0
4.323 1 ATTITUDE -0.109863 -0.742676 0.414307
4.323 1 IMU_ACCEL -3.972656 0.268555 8.80957
4.326 1 IMU_MAG -0.315918 0.263184 0.002441
4.420 1 ATTITUDE -0.109863 -0.74292 0.414307
4.427 1 DESIRED -0.01 0.15 4.2 -80. -45. 815. 2.
4.429 1 IMU_GYRO -0.008301 -0.001953 0.026367
4.433 1 CALIBRATION -24. 0
4.464 1 DOWNLINK_STATUS 12 5982 272 0 875. 40. 2.93
4.520 1 ATTITUDE -0.109863 -0.74292 0.414307
4.525 1 GPS 0 0 0 0 0 0 0 0 0 0 1
4.562 1 NAVIGATION 0 1 0. 0. 8421.2 0. 0 0
4.620 1 ATTITUDE -0.109863 -0.743408 0.414551
4.626 1 DESIRED -0.01 0.15 4.2 -80. -45. 815. 2.
4.628 1 ESTIMATOR 0. 0.
4.721 1 ATTITUDE -0.109619 -0.743164 0.414551
4.723 1 WP_MOVED 5 506402.3125 3566363.25 820. 12
4.773 1 GPS 0 0 0 0 0 0 0 0 0 0 1
4.805 1 NAVIGATION 0 1 0. 0. 8421.2 0. 0 0
4.820 1 ATTITUDE -0.109863 -0.743896 0.414307
4.826 1 DESIRED -0.01 0.15 4.2 -80. -45. 815. 2.
4.920 1 ATTITUDE -0.110107 -0.743896 0.414551
4.921 1 STATE_FILTER_STATUS 3 0
5.020 1 ATTITUDE -0.110107 -0.744141 0.414307
5.026 1 DESIRED -0.01 0.15 4.2 -80. -45. 815. 2.
5.031 1 GPS 0 0 0 0 0 0 0 0 0 0 1
5.034 1 IMU_GYRO -0.00415 -0.005127 0.012695
5.055 1 NAVIGATION 0 1 0. 0. 8421.2 0. 0 0
5.120 1 ATTITUDE -0.110107 -0.744385 0.414551
5.122 1 ESTIMATOR 0. 0.
5.125 1 IMU_ACCEL -4.078125 0.234375 8.804688
5.220 1 ATTITUDE -0.109863 -0.745117 0.414795
5.226 1 DESIRED -0.01 0.15 4.2 -80. -45. 815. 2.
5.229 1 WP_MOVED 6 506374.40625 3566337.75 820. 12
5.234 1 NAVIGATION 0 1 0. 0. 8421.2 0. 0 0
5.237 1 BAT -114 0 0 0 1 7 7 0
5.273 1 GPS 0 0 0 0 0 0 0 0 0 0 1
5.302 1 FBW_STATUS 0 45 1 0 0
5.307 1 NAVIGATION 0 1 0. 0. 8421.2 0. 0 0
5.320 1 ATTITUDE -0.109863 -0.745361 0.414307
5.420 1 ATTITUDE -0.110107 -0.745361 0.415039
5.426 1 DESIRED -0.01 0.15 4.2 -80. -45. 815. 2.
5.427 1 DL_VALUE 5 0.
5.464 1 DOWNLINK_STATUS 13 6752 306 0 770. 34. 2.93
5.520 1 ATTITUDE -0.109863 -0.74585 0.414795
5.525 1 GPS 0 0 0 0 0 0 0 0 0 0 1
5.554 1 NAVIGATION 0 1 0. 0. 8421.2 0. 0 0
5.620 1 ATTITUDE -0.109863 -0.746338 0.414551
5.626 1 DESIRED -0.01 0.15 4.2 -80. -45. 815. 2.
5.628 1 ESTIMATOR 0. 0.
5.631 1 IMU_GYRO -0.00415 0.003174 0.016846
5.634 1 IMU_MAG -0.320801 0.260254 -0.002441
5.720 1 ATTITUDE -0.110107 -0.74585 0.415039
5.723 1 WP_MOVED 7 506350.5 3566270.75 805. 12
5.776 1 GPS 0 0 0 0 0 0 0 0 0 0 1
5.805 1 NAVIGATION 0 1 0. 0. 8421.2 0. 0 0
5.820 1 ATTITUDE -0.109863 -0.746582 0.414551
5.826 1 DESIRED -0.01 0.15 4.2 -80. -45. 815. 2.
5.920 1 ATTITUDE -0.110107 -0.74707 0.414551
5.923 1 IMU_ACCEL -4.112305 0.27832 8.819336
5.926 1 ENERGY 0. 0. 0 0.
6.020 1 ATTITUDE -0.110107 -0.747559 0.415039
6.026 1 DESIRED -0.01 0.15 4.2 -80. -45. 815. 2.
6.031 1 GPS 0 0 0 0 0 0 0 0 0 0 1
6.034 1 GPS_SOL 0 0 0 0
6.054 1 NAVIGATION 0 1 0. 0. 8421.2 0. 0 0
6.120 1 ATTITUDE -0.109863 -0.747803 0.414551
6.122 1 ESTIMATOR 0. 0.
6.220 1 ATTITUDE -0.110107 -0.747803 0.414795
6.225 1 DESIRED -0.01 0.15 4.2 -80. -45. 815. 2.
6.231 1 WP_MOVED 8 506254.8125 3566257.5 815. 12
6.232 1 IMU_GYRO -0.00415 -0.001953 0.016846
6.237 1 NAVIGATION 0 1 0. 0. 8421.2 0. 0 0
6.272 1 GPS 0 0 0 0 0 0 0 0 0 0 1
6.306 1 NAVIGATION 0 1 0. 0. 8421.2 0. 0 0
6.320 1 ATTITUDE -0.110107 -0.748291 0.414795
6.323 1 BAT -114 0 0 0 1 9 9 0
6.420 1 ATTITUDE -0.110107 -0.748047 0.414062
6.426 1 DESIRED -0.01 0.15 4.2 -80. -45. 815. 2.
6.464 1 DOWNLINK_STATUS 14 7561 341 0 809. 35. 2.93
6.520 1 ATTITUDE -0.110352 -0.748047 0.414307
6.525 1 GPS 0 0 0 0 0 0 0 0 0 0 1
6.527 1 CALIBRATION -24. 0
6.554 1 NAVIGATION 0 1 0. 0. 8421.2 0. 0 0
6.620 1 ATTITUDE -0.110107 -0.748047 0.414307
6.625 1 DESIRED -0.01 0.15 4.2 -80. -45. 815. 2.
6.628 1 ESTIMATOR 0. 0.
6.720 1 ATTITUDE -0.110107 -0.748291 0.413818
6.723 1 WP_MOVED 9 506213.8125 3566287.5 815. 12
6.726 1 IMU_ACCEL -4.068359 0.282227 8.814453
6.772 1 GPS 0 0 0 0 0 0 0 0 0 0 1
6.805 1 NAVIGATION 0 1 0. 0. 8421.2 0. 0 0
6.820 1 ATTITUDE -0.110107 -0.748291 0.414062
6.825 1 DESIRED -0.01 0.15 4.2 -80. -45. 815. 2.
6.829 1 IMU_GYRO -0.008301 -0.003174 0.019043
6.920 1 ATTITUDE -0.109863 -0.748291 0.413574
6.923 1 IMU_MAG -0.313477 0.266113 -0.002441
6.925 1 DL_VALUE 6 100.
7.020 1 ATTITUDE -0.110107 -0.748291 0.413574
7.025 1 DESIRED -0.01 0.15 4.2 -80. -45. 815. 2.
7.031 1 GPS 0 0 0 0 0 0 0 0 0 0 1
7.054 1 NAVIGATION 0 1 0. 0. 8421.2 0. 0 0
7.120 1 ATTITUDE -0.110107 -0.748291 0.414062
7.122 1 ESTIMATOR 0. 0.
7.124 1 STATE_FILTER_STATUS 3 0
7.220 1 ATTITUDE -0.109863 -0.748047 0.413574
7.225 1 DESIRED -0.01 0.15 4.2 -80. -45. 815. 2.
7.229 1 WP_MOVED 0 506377. 3566344. 757. 12
7.233 1 NAVIGATION 0 1 0. 0. 8421.2 0. 0 0
7.272 1 GPS 0 0 0 0 0 0 0 0 0 0 1
7.302 1 FBW_STATUS 0 45 1 0 0
7.307 1 NAVIGATION 0 1 0. 0. 8421.2 0. 0 0
7.320 1 ATTITUDE -0.110352 -0.748291 0.413818
7.402 1 COMMANDS -114,694,-1426,0
7.420 1 ATTITUDE -0.110107 -0.748535 0.414307
7.425 1 DESIRED -0.01 0.15 4.2 -80. -45. 815. 2.
7.429 1 IMU_GYRO -0.008301 -0.00415 0.016846
7.432 1 BAT -114 0 0 0 1 10 10 0
7.465 1 DOWNLINK_STATUS 15 8393 379 0 832. 38. 2.93
7.502 1 ACTUATORS 1000,1575,1457,1500
7.520 1 ATTITUDE -0.110107 -0.749023 0.413818
7.525 1 GPS 0 0 0 0 0 0 0 0 0 0 1
7.528 1 IMU_ACCEL -4.010742 0.349609 8.767578
7.554 1 NAVIGATION 0 1 0. 0. 8421.2 0. 0 0
7.620 1 ATTITUDE -0.109131 -0.749268 0.411865
7.625 1 DESIRED -0.01 0.15 4.2 -80. -45. 815. 2.
7.628 1 ESTIMATOR 0. 0.
7.720 1 ATTITUDE -0.109619 -0.75 0.413086
7.723 1 WP_MOVED 1 506335. 3566302. 765. 12
7.772 1 GPS 0 0 0 0 0 0 0 0 0 0 1
7.804 1 NAVIGATION 0 1 0. 0. 8421.2 0. 0 0
7.820 1 ATTITUDE -0.109863 -0.750244 0.413086
7.825 1 DESIRED -0.01 0.15 4.2 -80. -45. 815. 2.
7.920 1 ATTITUDE -0.099121 -0.749023 0.384277
7.922 1 NAVIGATION_REF 506335 3566302 12
7.957 1 PONG 
8.020 1 ATTITUDE -0.091797 -0.762207 0.285889
8.025 1 DESIRED -0.01 0.15 4.2 -80. -45. 815. 2.
8.031 1 GPS 0 0 0 0 0 0 0 0 0 0 1
8.034 1 IMU_GYRO 0.102051 -0.635254 0.244629
8.037 1 GPS_SOL 0 0 0 0
8.054 1 NAVIGATION 0 1 0. 0. 8421.2 0. 0 0
8.119 1 ATTITUDE -0.090576 -0.761963 0.180908
8.122 1 ESTIMATOR 0. 0.
8.219 1 ATTITUDE -0.105469 -0.752197 0.137939
8.225 1 DESIRED -0.01 0.15 4.2 -80. -45. 815. 2.
8.229 1 WP_MOVED 2 506254.8125 3566257.5 815. 12
8.233 1 NAVIGATION 0 1 0. 0. 8421.2 0. 0 0
8.236 1 IMU_MAG -0.511719 0.208008 -0.065918
8.272 1 GPS 0 0 0 0 0 0 0 0 0 0 1
8.304 1 NAVIGATION 0 1 0. 0. 8421.2 0. 0 0
8.319 1 ATTITUDE -0.083496 -0.726074 0.097168
8.323 1 IMU_ACCEL -1.003906 0.791016 9.394531
8.419 1 ATTITUDE -0.055908 -0.696533 0.040283
8.425 1 DESIRED -0.01 0.13 4.2 -80. -45. 815. 2.
8.427 1 DL_VALUE 7 1.
8.431 1 ENERGY 0. 0. 0 0.
8.466 1 DOWNLINK_STATUS 16 9229 417 0 836. 38. 2.7
8.519 1 ATTITUDE -0.059082 -0.677979 0.02002
8.525 1 GPS 0 0 0 0 0 0 0 0 0 0 1
8.529 1 BAT -114 0 0 0 1 11 11 0
8.533 1 ALIVE 172,207,224,230,129,122,240,95,196,110,101,144,17,83,16,224
8.554 1 NAVIGATION 0 1 0. 0. 8421.2 0. 0 0
8.619 1 ATTITUDE -0.055664 -0.650879 -0.017334
8.625 1 DESIRED -0.01 0.13 4.2 -80. -45. 815. 2.
8.628 1 ESTIMATOR 0. 0.
8.631 1 IMU_GYRO 0.061523 -0.134033 0.080811
8.633 1 CALIBRATION -24. 0
8.635 1 PPRZ_MODE 1 3 3 0 0 21
8.719 1 ATTITUDE -0.048828 -0.630859 -0.045898
8.723 1 WP_MOVED 3 506350.5 3566257. 805. 12
8.772 1 GPS 0 0 0 0 0 0 0 0 0 0 1
8.804 1 NAVIGATION 0 1 0. 0. 8421.2 0. 0 0
8.819 1 ATTITUDE -0.047607 -0.605713 -0.044678
8.825 1 DESIRED -0.01 0.13 4.2 -80. -45. 815. 2.
8.919 1 ATTITUDE -0.047363 -0.582764 -0.056641
9.019 1 ATTITUDE -0.032227 -0.557617 -0.099121
9.025 1 DESIRED -0.01 0.12 4.2 -80. -45. 815. 2.
9.031 1 GPS 0 0 0 0 0 0 0 0 0 0 1
9.033 1 DOWNLINK 0 825 439
9.054 1 NAVIGATION 0 1 0. 0. 8421.2 0. 0 0
9.119 1 ATTITUDE -0.027344 -0.524414 -0.171875
9.122 1 ESTIMATOR 0. 0.
9.125 1 IMU_ACCEL 1.998047 0.402344 8.097656
9.219 1 ATTITUDE -0.018066 -0.488525 -0.220703
9.225 1 DESIRED -0.01 0.12 4.2 -80. -45. 815. 2.
9.229 1 WP_MOVED 4 506374.40625 3566337.75 805. 12
9.232 1 IMU_GYRO 0.055176 0.005127 0.016846
9.236 1 NAVIGATION 0 1 0. 0. 8421.2 0. 0 0
9.272 1 GPS 0 0 0 0 0 0 0 0 0 0 1
9.302 1 FBW_STATUS 0 45 1 0 0
9.307 1 NAVIGATION 0 1 0. 0. 8421.2 0. 0 0
9.319 1 ATTITUDE -0.014648 -0.465088 -0.268311
9.321 1 STATE_FILTER_STATUS 3 0
9.419 1 ATTITUDE -0.008789 -0.443115 -0.305664
9.425 1 DESIRED -0.01 0.11 4.2 -80. -45. 815. 2.
9.468 1 DOWNLINK_STATUS 17 10063 455 0 834. 38. 2.7
9.519 1 ATTITUDE 0.004395 -0.421387 -0.341064
9.525 1 GPS 0 0 0 0 0 0 0 0 0 0 1
9.528 1 IMU_MAG -0.95752 0.231445 0.048828
9.554 1 NAVIGATION 0 1 0. 0. 8421.2 0. 0 0
9.619 1 ATTITUDE 0.014893 -0.397949 -0.399658
9.625 1 DESIRED -0.01 0.11 4.2 -80. -45. 815. 2.
9.628 1 ESTIMATOR 0. 0.
9.631 1 BAT -114 0 0 0 1 12 12 0
9.719 1 ATTITUDE 0.008789 -0.375732 -0.413818
9.723 1 WP_MOVED 5 506402.3125 3566363.25 820. 12
9.772 1 GPS 0 0 0 0 0 0 0 0 0 0 1
9.804 1 NAVIGATION 0 1 0. 0. 8421.2 0. 0 0
9.819 1 ATTITUDE 0.007324 -0.354492 -0.452393
9.825 1 DESIRED -0.01 0.11 4.2 -80. -45. 815. 2.
9.828 1 IMU_GYRO 0.029785 -0.030762 0.043457
9.919 1 ATTITUDE -0.004639 -0.343262 -0.415771
9.922 1 IMU_ACCEL 3.712891 0.676758 8.595703
9.924 1 DL_VALUE 8 0.
10.019 1 ATTITUDE -0.020508 -0.330566 -0.346924
10.025 1 DESIRED -0.01 0.12 4.2 -80. -45. 815. 2.
10.031 1 GPS 0 0 0 0 0 0 0 0 0 0 1
10.034 1 GPS_SOL 0 0 0 0
10.054 1 NAVIGATION 0 1 0. 0. 8421.2 0. 0 0
10.119 1 ATTITUDE -0.030029 -0.323242 -0.323486
10.122 1 ESTIMATOR 0. 0.
10.219 1 ATTITUDE -0.050537 -0.318115 -0.255615
10.225 1 DESIRED -0.01 0.13 4.2 -80. -45. 815. 2.
10.229 1 WP_MOVED 6 506374.40625 3566337.75 820. 12
10.233 1 NAVIGATION 0 1 0. 0. 8421.2 0. 0 0
10.272 1 GPS 0 0 0 0 0 0 0 0 0 0 1
10.304 1 NAVIGATION 0 1 0. 0. 8421.2 0. 0 0
10.319 1 ATTITUDE -0.069336 -0.312988 -0.191895
10.419 1 ATTITUDE -0.0896 -0.310303 -0.144043
10.425 1 DESIRED -0.01 0.15 4.2 -80. -45. 815. 2.
10.428 1 IMU_GYRO 0.063721 0.541504 -0.022217
10.468 1 DOWNLINK_STATUS 18 10863 490 0 800. 35. 2.7
10.519 1 ATTITUDE -0.109863 -0.307129 -0.084229
10.525 1 GPS 0 0 0 0 0 0 0 0 0 0 1
10.554 1 NAVIGATION 0 1 0. 0. 8421.2 0. 0 0
10.619 1 ATTITUDE -0.137695 -0.306885 -0.010254
10.625 1 DESIRED -0.01 0.17 4.2 -80. -45. 815. 2.
10.628 1 ESTIMATOR 0. 0.
10.719 1 ATTITUDE -0.188477 -0.305664 0.126709
10.723 1 WP_MOVED 7 506350.5 3566270.75 805. 12
10.726 1 IMU_ACCEL -1.306641 1.554688 9.280273
10.729 1 BAT -114 0 0 0 1 13 13 0
10.731 1 CALIBRATION -24. 0
10.772 1 GPS 0 0 0 0 0 0 0 0 0 0 1
10.806 1 NAVIGATION 0 1 0. 0. 8421.2 0. 0 0
10.819 1 ATTITUDE -0.201904 -0.294434 0.194336
10.825 1 DESIRED -0.01 0.2 4.2 -80. -45. 815. 2.
10.828 1 IMU_MAG -0.459961 0.115723 -0.120605
10.919 1 ATTITUDE -0.230225 -0.296387 0.251709
10.923 1 ENERGY 0. 0. 0 0.
11.019 1 ATTITUDE -0.273926 -0.311523 0.356689
11.025 1 DESIRED -0.01 0.23 4.2 -80. -45. 815. 2.
11.031 1 GPS 0 0 0 0 0 0 0 0 0 0 1
11.034 1 IMU_GYRO 0.084961 0.154297 0.078613
11.054 1 NAVIGATION 0 1 0. 0. 8421.2 0. 0 0
11.119 1 ATTITUDE -0.256836 -0.307617 0.282227
11.122 1 ESTIMATOR 0. 0.
11.219 1 ATTITUDE -0.197754 -0.280518 0.057129
11.225 1 DESIRED -0.01 0.19 4.2 -80. -45. 815. 2.
11.229 1 WP_MOVED 8 506254.8125 3566257.5 815. 12
11.233 1 NAVIGATION 0 1 0. 0. 8421.2 0. 0 0
11.272 1 GPS 0 0 0 0 0 0 0 0 0 0 1
11.307 1 FBW_STATUS 0 45 1 0 0
11.307 1 NAVIGATION 0 1 0. 0. 8421.2 0. 0 0
11.319 1 ATTITUDE -0.142822 -0.271484 -0.124268
11.419 1 ATTITUDE -0.10791 -0.250244 -0.21582
11.425 1 DESIRED -0.01 0.15 4.2 -80. -45. 815. 2.
11.427 1 DL_VALUE 9 1.
11.470 1 DOWNLINK_STATUS 19 11673 526 0 810. 36. 2.7
11.519 1 ATTITUDE -0.085693 -0.234131 -0.285645
11.525 1 GPS 0 0 0 0 0 0 0 0 0 0 1
11.528 1 IMU_ACCEL 2.59375 1.467773 9.826172
11.530 1 STATE_FILTER_STATUS 3 0
11.554 1 NAVIGATION 0 1 0. 0. 8421.2 0. 0 0
11.619 1 ATTITUDE -0.050293 -0.215332 -0.414795
11.625 1 DESIRED -0.01 0.13 4.2 -80. -45. 815. 2.
11.628 1 ESTIMATOR 0. 0.
11.631 1 IMU_GYRO -0.187256 -0.754395 -0.114746
11.719 1 ATTITUDE -0.018066 -0.20166 -0.513672
11.723 1 WP_MOVED 9 506213.8125 3566287.5 815. 12
11.772 1 GPS 0 0 0 0 0 0 0 0 0 0 1
11.806 1 NAVIGATION 0 1 0. 0. 8421.2 0. 0 0
11.819 1 ATTITUDE -0.018066 -0.19458 -0.521973
11.825 1 DESIRED -0.01 0.11 4.2 -80. -45. 815. 2.
11.828 1 BAT -114 0 0 0 1 14 14 0
11.919 1 ATTITUDE -0.029541 -0.188965 -0.486816
12.019 1 ATTITUDE -0.097656 -0.186523 -0.212891
12.025 1 DESIRED -0.01 0.15 4.2 -80. -45. 815. 2.
12.031 1 GPS 0 0 0 0 0 0 0 0 0 0 1
12.034 1 GPS_SOL 0 0 0 0
12.054 1 NAVIGATION 0 1 0. 0. 8421.2 0. 0 0
12.119 1 ATTITUDE -0.127441 -0.200439 -0.132324
12.122 1 ESTIMATOR 0. 0.
12.125 1 IMU_MAG -0.775879 0.135742 -0.085938
12.219 1 ATTITUDE -0.141113 -0.208008 -0.070312
12.225 1 DESIRED -0.01 0.17 4.2 -80. -45. 815. 2.
12.229 1 WP_MOVED 0 506377. 3566344. 757. 12
12.232 1 IMU_GYRO 0.006348 0.590576 -0.041504
12.236 1 NAVIGATION 0 1 0. 0. 8421.2 0. 0 0
12.272 1 GPS 0 0 0 0 0 0 0 0 0 0 1
12.304 1 NAVIGATION 0 1 0. 0. 8421.2 0. 0 0
12.319 1 ATTITUDE -0.170654 -0.222412 0.043945
12.322 1 IMU_ACCEL -0.383789 1.410156 9.081055
12.402 1 COMMANDS -114,1237,311,0
12.419 1 ATTITUDE -0.208496 -0.254639 0.175781
12.425 1 DESIRED -0.01 0.2 4.2 -80. -45. 815. 2.
12.470 1 DOWNLINK_STATUS 20 12504 563 0 831. 37. 2.7
12.502 1 ACTUATORS 1000,1547,1523,1500
12.519 1 ATTITUDE -0.248291 -0.288086 0.293213
12.525 1 GPS 0 0 0 0 0 0 0 0 0 0 1
12.554 1 NAVIGATION 0 1 0. 0. 8421.2 0. 0 0
12.619 1 ATTITUDE -0.275391 -0.303711 0.352295
12.625 1 DESIRED -0.01 0.23 4.2 -80. -45. 815. 2.
12.628 1 ESTIMATOR 0. 0.
12.719 1 ATTITUDE -0.260498 -0.290527 0.29834
12.723 1 WP_MOVED 1 506335. 3566302. 765. 12
12.772 1 GPS 0 0 0 0 0 0 0 0 0 0 1
12.805 1 NAVIGATION 0 1 0. 0. 8421.2 0. 0 0
12.819 1 ATTITUDE -0.199951 -0.232178 0.027344
12.825 1 DESIRED -0.01 0.19 4.2 -80. -45. 815. 2.
12.828 1 IMU_GYRO -0.070068 -2.365723 0.28833
12.829 1 CALIBRATION -24. 0
12.919 1 ATTITUDE -0.151855 -0.201904 -0.195557
12.923 1 BAT -114 0 0 0 1 15 15 0
12.925 1 DL_VALUE 10 0.
12.958 1 PONG 
13.019 1 ATTITUDE -0.125244 -0.182129 -0.287354
13.025 1 DESIRED -0.01 0.16 4.2 -80. -45. 815. 2.
13.031 1 GPS 0 0 0 0 0 0 0 0 0 0 1
13.054 1 NAVIGATION 0 1 0. 0. 8421.2 0. 0 0
13.119 1 ATTITUDE -0.092285 -0.16748 -0.35791
13.122 1 ESTIMATOR 0. 0.
13.125 1 IMU_ACCEL 3.161133 1.439453 9.109375
13.219 1 ATTITUDE -0.053955 -0.147461 -0.424072
13.225 1 DESIRED -0.01 0.13 4.2 -80. -45. 815. 2.
13.228 1 WP_MOVED 2 506254.8125 3566257.5 815. 12
13.233 1 NAVIGATION 0 1 0. 0. 8421.2 0. 0 0
13.272 1 GPS 0 0 0 0 0 0 0 0 0 0 1
13.302 1 FBW_STATUS 0 45 1 0 0
13.306 1 NAVIGATION 0 1 0. 0. 8421.2 0. 0 0
13.319 1 ATTITUDE -0.014893 -0.130127 -0.563232
13.419 1 ATTITUDE 0.013916 -0.129639 -0.641602
13.425 1 DESIRED -0.01 0.11 4.2 -80. -45. 815. 2.
13.428 1 IMU_GYRO -0.070068 -0.229736 -0.089355
13.431 1 IMU_MAG -1.226562 0.17334 0.207031
13.435 1 ENERGY 0. 0. 0 0.
13.471 1 DOWNLINK_STATUS 21 13353 602 0 849. 39. 2.62
13.519 1 ATTITUDE 0.028809 -0.126709 -0.687988
13.525 1 GPS 0 0 0 0 0 0 0 0 0 0 1
13.529 1 ALIVE 172,207,224,230,129,122,240,95,196,110,101,144,17,83,16,224
13.554 1 NAVIGATION 0 1 0. 0. 8421.2 0. 0 0
13.619 1 ATTITUDE 0.026123 -0.133301 -0.671387
13.625 1 DESIRED -0.01 0.12 4.2 -80. -45. 815. 2.
13.627 1 ESTIMATOR 0. 0.
13.630 1 PPRZ_MODE 1 3 3 0 0 21
13.719 1 ATTITUDE -0.046875 -0.136963 -0.42334
13.723 1 WP_MOVED 3 506350.5 3566257. 805. 12
13.724 1 STATE_FILTER_STATUS 3 0
13.772 1 GPS 0 0 0 0 0 0 0 0 0 0 1
13.804 1 NAVIGATION 0 1 0. 0. 8421.2 0. 0 0
13.820 1 ATTITUDE -0.11499 -0.154541 -0.186035
13.825 1 DESIRED -0.01 0.16 4.2 -80. -45. 815. 2.
13.919 1 ATTITUDE -0.146729 -0.179688 -0.046875
13.922 1 IMU_ACCEL 0.061523 1.429688 9.185547
14.019 1 ATTITUDE -0.183838 -0.204102 0.108643
14.025 1 DESIRED -0.01 0.19 4.2 -80. -45. 815. 2.
14.031 1 GPS 0 0 0 0 0 0 0 0 0 0 1
14.034 1 IMU_GYRO 0.051025 1.320557 0.235107
14.037 1 BAT -114 0 0 0 1 16 16 0
14.054 1 NAVIGATION 0 1 0. 0. 8421.2 0. 0 0
14.119 1 ATTITUDE -0.223877 -0.244385 0.246094
14.122 1 ESTIMATOR 0. 0.
14.123 1 DOWNLINK 1 823 628
14.136 1 WIND_INFO 1 42 0. 0. 0.
14.219 1 ATTITUDE -0.249268 -0.273682 0.324707
14.225 1 DESIRED -0.01 0.22 4.2 -80. -45. 815. 2.
14.228 1 WP_MOVED 4 506374.40625 3566337.75 805. 12
14.233 1 NAVIGATION 0 1 0. 0. 8421.2 0. 0 0
14.272 1 GPS 0 0 0 0 0 0 0 0 0 0 1
14.304 1 NAVIGATION 0 1 0. 0. 8421.2 0. 0 0
14.319 1 ATTITUDE -0.284912 -0.302734 0.416992
14.419 1 ATTITUDE -0.302246 -0.317627 0.453369
14.425 1 DESIRED -0.01 0.24 4.2 -80. -45. 815. 2.
14.427 1 DL_VALUE 11 1.
14.472 1 DOWNLINK_STATUS 22 14155 638 0 802. 36. 2.62
14.519 1 ATTITUDE -0.316895 -0.323486 0.474121
14.525 1 GPS 0 0 0 0 0 0 0 0 0 0 1
14.554 1 NAVIGATION 0 1 0. 0. 8421.2 0. 0 0
14.619 1 ATTITUDE -0.319824 -0.328125 0.478271
14.625 1 DESIRED -0.01 0.25 4.2 -80. -45. 815. 2.
14.627 1 ESTIMATOR 0. 0.
14.631 1 IMU_GYRO 0.02124 0.007324 0.019043
14.719 1 ATTITUDE -0.319336 -0.329346 0.474365
14.722 1 WP_MOVED 5 506402.3125 3566363.25 820. 12
14.726 1 IMU_ACCEL -5.005859 1.953125 8.083008
14.729 1 IMU_MAG -0.203125 0.080566 -0.057129
14.772 1 GPS 0 0 0 0 0 0 0 0 0 0 1
14.804 1 NAVIGATION 0 1 0. 0. 8421.2 0. 0 0
14.819 1 ATTITUDE -0.303223 -0.314941 0.423828
14.826 1 DESIRED -0.01 0.24 4.2 -80. -45. 815. 2.
14.919 1 ATTITUDE -0.267334 -0.285156 0.303955
14.921 1 CALIBRATION -24. 0
15.019 1 ATTITUDE -0.231689 -0.273193 0.190918
15.025 1 DESIRED -0.01 0.21 4.2 -80. -45. 815. 2.
15.031 1 GPS 0 0 0 0 0 0 0 0 0 0 1
15.054 1 NAVIGATION 0 1 0. 0. 8421.2 0. 0 0
15.119 1 ATTITUDE -0.201904 -0.249512 0.044922
15.121 1 ESTIMATOR 0. 0.
15.125 1 BAT -114 0 0 0 1 17 17 0
15.219 1 ATTITUDE -0.171631 -0.224609 -0.083252
15.225 1 DESIRED -0.01 0.18 4.2 -80. -45. 815. 2.
15.228 1 WP_MOVED 6 506374.40625 3566337.75 820. 12
15.232 1 IMU_GYRO -0.114746 -0.675537 -0.010498
15.236 1 NAVIGATION 0 1 0. 0. 8421.2 0. 0 0
15.272 1 GPS 0 0 0 0 0 0 0 0 0 0 1
15.302 1 FBW_STATUS 0 46 1 0 0
15.307 1 NAVIGATION 0 1 0. 0. 8421.2 0. 0 0
15.319 1 ATTITUDE -0.142822 -0.205078 -0.173096
15.419 1 ATTITUDE -0.130615 -0.193115 -0.208252
15.425 1 DESIRED -0.01 0.16 4.2 -80. -45. 815. 2.
15.472 1 DOWNLINK_STATUS 23 14952 673 0 797. 35. 2.62
15.519 1 ATTITUDE -0.12793 -0.185547 -0.21875
15.525 1 GPS 0 0 0 0 0 0 0 0 0 0 1
15.528 1 IMU_ACCEL 1.762695 1.693359 9.588867
15.554 1 NAVIGATION 0 1 0. 0. 8421.2 0. 0 0
15.619 1 ATTITUDE -0.136475 -0.179932 -0.196045
15.625 1 DESIRED -0.01 0.17 4.2 -80. -45. 815. 2.
15.627 1 ESTIMATOR 0. 0.
15.719 1 ATTITUDE -0.134766 -0.176514 -0.176514
15.722 1 WP_MOVED 7 506350.5 3566270.75 805. 12
15.772 1 GPS 0 0 0 0 0 0 0 0 0 0 1
15.804 1 NAVIGATION 0 1 0. 0. 8421.2 0. 0 0
15.820 1 ATTITUDE -0.131348 -0.175049 -0.173828
15.825 1 DESIRED -0.01 0.16 4.2 -80. -45. 815. 2.
15.828 1 IMU_GYRO 0.008301 0.028564 0.015869
15.919 1 ATTITUDE -0.134766 -0.17334 -0.165283
15.921 1 DL_VALUE 0 0.
15.922 1 STATE_FILTER_STATUS 3 0
15.926 1 ENERGY 0. 0. 0 0.
16.019 1 ATTITUDE -0.139648 -0.170654 -0.151611
16.025 1 DESIRED -0.01 0.17 4.2 -80. -45. 815. 2.
16.031 1 GPS 0 0 0 0 0 0 0 0 0 0 1
16.034 1 IMU_MAG -0.805664 0.118652 -0.077637
16.037 1 GPS_SOL 0 0 0 0
16.054 1 NAVIGATION 0 1 0. 0. 8421.2 0. 0 0
16.119 1 ATTITUDE -0.141113 -0.168457 -0.150146
16.121 1 ESTIMATOR 0. 0.
16.219 1 ATTITUDE -0.137451 -0.16748 -0.154053
16.225 1 DESIRED -0.01 0.17 4.2 -80. -45. 815. 2.
16.228 1 WP_MOVED 8 506254.8125 3566257.5 815. 12
16.233 1 NAVIGATION 0 1 0. 0. 8421.2 0. 0 0
16.236 1 BAT -114 0 0 0 1 18 18 0
16.272 1 GPS 0 0 0 0 0 0 0 0 0 0 1
16.304 1 NAVIGATION 0 1 0. 0. 8421.2 0. 0 0
16.319 1 ATTITUDE -0.14209 -0.164795 -0.153564
16.322 1 IMU_ACCEL 1.330078 1.617188 9.522461
16.419 1 ATTITUDE -0.147949 -0.161865 -0.146484
16.425 1 DESIRED -0.01 0.17 4.2 -80. -45. 815. 2.
16.428 1 IMU_GYRO -0.012695 -0.061523 0.012695
16.473 1 DOWNLINK_STATUS 24 15799 711 0 847. 38. 2.62
16.519 1 ATTITUDE -0.144775 -0.1604 -0.153809
16.525 1 GPS 0 0 0 0 0 0 0 0 0 0 1
16.554 1 NAVIGATION 0 1 0. 0. 8421.2 0. 0 0
16.619 1 ATTITUDE -0.14624 -0.157715 -0.151367
16.625 1 DESIRED -0.01 0.17 4.2 -80. -45. 815. 2.
16.627 1 ESTIMATOR 0. 0.
16.719 1 ATTITUDE -0.145264 -0.15625 -0.148438
16.722 1 WP_MOVED 9 506213.8125 3566287.5 815. 12
16.772 1 GPS 0 0 0 0 0 0 0 0 0 0 1
16.805 1 NAVIGATION 0 1 0. 0. 8421.2 0. 0 0
16.819 1 ATTITUDE -0.145508 -0.15625 -0.145508
16.825 1 DESIRED -0.01 0.17 4.2 -80. -45. 815. 2.
16.919 1 ATTITUDE -0.147949 -0.153809 -0.143066
16.922 1 NAVIGATION_REF 506335 3566302 12
17.019 1 ATTITUDE -0.147461 -0.153809 -0.141846
17.025 1 DESIRED -0.01 0.17 4.2 -80. -45. 815. 2.
17.031 1 GPS 0 0 0 0 0 0 0 0 0 0 1
17.034 1 IMU_GYRO 0.001953 -0.001953 0.024414
17.036 1 CALIBRATION -24. 0
17.054 1 NAVIGATION 0 1 0. 0. 8421.2 0. 0 0
17.119 1 ATTITUDE -0.145264 -0.15332 -0.148438
17.121 1 ESTIMATOR 0. 0.
17.124 1 IMU_ACCEL 1.147461 1.592773 9.398438
17.219 1 ATTITUDE -0.145752 -0.152588 -0.14624
17.225 1 DESIRED -0.01 0.17 4.2 -80. -45. 815. 2.
17.228 1 WP_MOVED 0 506377. 3566344. 757. 12
17.233 1 NAVIGATION 0 1 0. 0. 8421.2 0. 0 0
17.272 1 GPS 0 0 0 0 0 0 0 0 0 0 1
17.301 1 FBW_STATUS 0 46 1 0 0
17.306 1 NAVIGATION 0 1 0. 0. 8421.2 0. 0 0
17.319 1 ATTITUDE -0.145264 -0.1521 -0.150635
17.321 1 BAT -114 0 0 0 1 20 20 0
17.325 1 IMU_MAG -0.79834 0.104004 -0.091797
17.402 1 COMMANDS -114,936,1750,0
17.419 1 ATTITUDE -0.147217 -0.150879 -0.146973
17.425 1 DESIRED -0.01 0.17 4.2 -80. -45. 815. 2.
17.427 1 DL_VALUE 1 0.
17.474 1 DOWNLINK_STATUS 25 16619 748 0 820. 37. 2.62
17.502 1 ACTUATORS 1000,1449,1594,1500
17.519 1 ATTITUDE -0.14624 -0.150391 -0.147705
17.525 1 GPS 0 0 0 0 0 0 0 0 0 0 1
17.554 1 NAVIGATION 0 1 0. 0. 8421.2 0. 0 0
17.619 1 ATTITUDE -0.148193 -0.149414 -0.142334
17.625 1 DESIRED -0.01 0.17 4.2 -80. -45. 815. 2.
17.627 1 ESTIMATOR 0. 0.
17.630 1 IMU_GYRO 0. 0.001953 0.02002
17.719 1 ATTITUDE -0.148926 -0.148926 -0.142578
17.722 1 WP_MOVED 1 506335. 3566302. 765. 12
17.771 1 GPS 0 0 0 0 0 0 0 0 0 0 1
17.805 1 NAVIGATION 0 1 0. 0. 8421.2 0. 0 0
17.819 1 ATTITUDE -0.148438 -0.148682 -0.138428
17.825 1 DESIRED -0.01 0.17 4.2 -80. -45. 815. 2.
17.919 1 ATTITUDE -0.155029 -0.147949 -0.130371
17.922 1 IMU_ACCEL 0.955078 1.895508 10.073242
17.959 1 PONG 
18.019 1 ATTITUDE -0.167236 -0.147217 -0.119141
18.025 1 DESIRED -0.01 0.18 4.2 -80. -45. 815. 2.
18.030 1 GPS 0 0 0 0 0 0 0 0 0 0 1
18.033 1 GPS_SOL 0 0 0 0
18.054 1 NAVIGATION 0 1 0. 0. 8421.2 0. 0 0
18.119 1 ATTITUDE -0.167725 -0.145752 -0.120117
18.121 1 ESTIMATOR 0. 0.
18.123 1 STATE_FILTER_STATUS 3 0
18.219 1 ATTITUDE -0.174561 -0.145264 -0.116699
18.225 1 DESIRED -0.01 0.18 4.2 -80. -45. 815. 2.
18.228 1 WP_MOVED 2 506254.8125 3566257.5 815. 12
18.231 1 IMU_GYRO 0.029785 -0.101074 0.033936
18.236 1 NAVIGATION 0 1 0. 0. 8421.2 0. 0 0
18.271 1 GPS 0 0 0 0 0 0 0 0 0 0 1
18.306 1 NAVIGATION 0 1 0. 0. 8421.2 0. 0 0
18.319 1 ATTITUDE -0.174316 -0.143066 -0.118408
18.419 1 ATTITUDE -0.169922 -0.141113 -0.116455
18.425 1 DESIRED -0.01 0.18 4.2 -80. -45. 815. 2.
18.428 1 BAT -114 0 0 0 1 21 21 0
18.432 1 ENERGY 0. 0. 0 0.
18.475 1 DOWNLINK_STATUS 26 17440 785 0 821. 37. 2.71
18.519 1 ATTITUDE -0.174072 -0.141846 -0.119141
18.525 1 GPS 0 0 0 0 0 0 0 0 0 0 1
18.528 1 ALIVE 172,207,224,230,129,122,240,95,196,110,101,144,17,83,16,224
18.554 1 NAVIGATION 0 1 0. 0. 8421.2 0. 0 0
18.619 1 ATTITUDE -0.177246 -0.139648 -0.118164
18.625 1 DESIRED -0.01 0.18 4.2 -80. -45. 815. 2.
18.627 1 ESTIMATOR 0. 0.
18.630 1 IMU_MAG -0.768555 0.075195 -0.100586
18.632 1 PPRZ_MODE 1 3 3 0 0 21
18.719 1 ATTITUDE -0.172119 -0.137939 -0.132324
18.722 1 WP_MOVED 3 506350.5 3566257. 805. 12
18.725 1 IMU_ACCEL 1.027344 1.750977 9.569336
18.772 1 GPS 0 0 0 0 0 0 0 0 0 0 1
18.804 1 NAVIGATION 0 1 0. 0. 8421.2 0. 0 0
18.819 1 ATTITUDE -0.169434 -0.141113 -0.155273
18.825 1 DESIRED -0.01 0.18 4.2 -80. -45. 815. 2.
18.827 1 IMU_GYRO -0.070068 -0.022217 0.065918
18.919 1 ATTITUDE -0.156982 -0.144775 -0.142334
18.921 1 DL_VALUE 2 815.
19.019 1 ATTITUDE -0.144531 -0.154785 -0.121826
19.025 1 DESIRED -0.01 0.17 4.2 -80. -45. 815. 2.
19.030 1 GPS 0 0 0 0 0 0 0 0 0 0 1
19.054 1 NAVIGATION 0 1 0. 0. 8421.2 0. 0 0
19.119 1 ATTITUDE -0.114746 -0.166016 -0.121826
19.121 1 ESTIMATOR 0. 0.
19.123 1 CALIBRATION -24. 0
19.219 1 ATTITUDE -0.08374 -0.174072 -0.121826
19.225 1 DESIRED -0.01 0.14 4.2 -80. -45. 815. 2.
19.228 1 WP_MOVED 4 506374.40625 3566337.75 805. 12
19.233 1 NAVIGATION 0 1 0. 0. 8421.2 0. 0 0
19.235 1 DOWNLINK 1 822 816
19.271 1 GPS 0 0 0 0 0 0 0 0 0 0 1
19.301 1 FBW_STATUS 0 46 1 0 0
19.308 1 NAVIGATION 0 1 0. 0. 8421.2 0. 0 0
19.319 1 ATTITUDE -0.071777 -0.183105 -0.125488
19.419 1 ATTITUDE -0.055908 -0.190918 -0.116943
19.425 1 DESIRED -0.01 0.13 4.2 -80. -45. 815. 2.
19.428 1 IMU_GYRO -0.225586 0.084961 0.076416
19.476 1 DOWNLINK_STATUS 27 18274 823 0 834. 38. 2.71
19.519 1 ATTITUDE -0.035156 -0.20166 -0.109375
19.524 1 GPS 0 0 0 0 0 0 0 0 0 0 1
19.528 1 IMU_ACCEL 1.075195 0.507812 10.044922
19.531 1 BAT -114 0 0 0 1 22 22 0
19.554 1 NAVIGATION 0 1 0. 0. 8421.2 0. 0 0
19.619 1 ATTITUDE -0.039062 -0.207275 -0.11084
19.625 1 DESIRED -0.01 0.12 4.2 -80. -45. 815. 2.
19.627 1 ESTIMATOR 0. 0.
19.719 1 ATTITUDE -0.040283 -0.212402 -0.106689
19.722 1 WP_MOVED 5 506402.3125 3566363.25 820. 12
19.771 1 GPS 0 0 0 0 0 0 0 0 0 0 1
19.806 1 NAVIGATION 0 1 0. 0. 8421.2 0. 0 0
19.819 1 ATTITUDE -0.044189 -0.215576 -0.106689
19.825 1 DESIRED -0.01 0.13 4.2 -80. -45. 815. 2.
19.919 1 ATTITUDE -0.038574 -0.220703 -0.106934
19.922 1 IMU_MAG -0.753906 0.222656 -0.022949
20.019 1 ATTITUDE -0.040283 -0.224854 -0.103027
20.025 1 DESIRED -0.01 0.12 4.2 -80. -45. 815. 2.
20.030 1 GPS 0 0 0 0 0 0 0 0 0 0 1
20.033 1 IMU_GYRO 0.040283 0.067871 0.013672
20.036 1 GPS_SOL 0 0 0 0
20.054 1 NAVIGATION 0 1 0. 0. 8421.2 0. 0 0
20.119 1 ATTITUDE -0.045898 -0.229248 -0.104736
20.121 1 ESTIMATOR 0. 0.
20.219 1 ATTITUDE -0.042236 -0.232178 -0.107422
20.225 1 DESIRED -0.01 0.13 4.2 -80. -45. 815. 2.
20.228 1 WP_MOVED 6 506374.40625 3566337.75 820. 12
20.233 1 NAVIGATION 0 1 0. 0. 8421.2 0. 0 0
20.271 1 GPS 0 0 0 0 0 0 0 0 0 0 1
20.304 1 NAVIGATION 0 1 0. 0. 8421.2 0. 0 0
20.324 1 ATTITUDE -0.034912 -0.236572 -0.106689
20.324 1 IMU_ACCEL 0.969727 0.546875 9.669922
20.324 1 STATE_FILTER_STATUS 3 0
20.419 1 ATTITUDE -0.02832 -0.23999 -0.105957
20.425 1 DESIRED -0.01 0.12 4.2 -80. -45. 815. 2.
20.427 1 DL_VALUE 3 0.
20.476 1 DOWNLINK_STATUS 28 19083 859 0 809. 36. 2.71
20.519 1 ATTITUDE -0.022949 -0.243652 -0.104004
20.524 1 GPS 0 0 0 0 0 0 0 0 0 0 1
20.553 1 NAVIGATION 0 1 0. 0. 8421.2 0. 0 0
20.619 1 ATTITUDE -0.026855 -0.247559 -0.100098
20.625 1 DESIRED -0.01 0.12 4.2 -80. -45. 815. 2.
20.627 1 ESTIMATOR 0. 0.
20.630 1 IMU_GYRO 0.02124 0.045654 0.005127
20.634 1 BAT -114 0 0 0 1 23 23 0
20.719 1 ATTITUDE -0.027344 -0.250977 -0.097412
20.722 1 WP_MOVED 7 506350.5 3566270.75 805. 12
20.771 1 GPS 0 0 0 0 0 0 0 0 0 0 1
20.804 1 NAVIGATION 0 1 0. 0. 8421.2 0. 0 0
20.820 1 ATTITUDE -0.035889 -0.254395 -0.098145
20.825 1 DESIRED -0.01 0.12 4.2 -80. -45. 815. 2.
20.919 1 ATTITUDE -0.041504 -0.256836 -0.09375
20.922 1 ENERGY 0. 0. 0 0.
21.019 1 ATTITUDE -0.039062 -0.260498 -0.092529
21.025 1 DESIRED -0.01 0.12 4.2 -80. -45. 815. 2.
21.030 1 GPS 0 0 0 0 0 0 0 0 0 0 1
21.053 1 NAVIGATION 0 1 0. 0. 8421.2 0. 0 0
21.119 1 ATTITUDE -0.035645 -0.265137 -0.093018
21.121 1 ESTIMATOR 0. 0.
21.124 1 IMU_ACCEL 0.989258 0.474609 9.688477
21.219 1 ATTITUDE -0.040283 -0.267822 -0.098389
21.225 1 DESIRED -0.01 0.12 4.2 -80. -45. 815. 2.
21.228 1 WP_MOVED 8 506254.8125 3566257.5 815. 12
21.231 1 IMU_GYRO 0.180908 -0.038086 0.005127
21.236 1 NAVIGATION 0 1 0. 0. 8421.2 0. 0 0
21.238 1 CALIBRATION -24. 0
21.271 1 GPS 0 0 0 0 0 0 0 0 0 0 1
21.301 1 FBW_STATUS 0 46 1 0 0
21.306 1 NAVIGATION 0 1 0. 0. 8421.2 0. 0 0
21.319 1 ATTITUDE -0.053223 -0.266846 -0.093506
21.419 1 ATTITUDE -0.051025 -0.264893 -0.087891
21.425 1 DESIRED -0.01 0.13 4.2 -80. -45. 815. 2.
21.477 1 DOWNLINK_STATUS 29 19882 894 0 799. 35. 2.71
21.519 1 ATTITUDE -0.045166 -0.265381 -0.080566
21.524 1 GPS 0 0 0 0 0 0 0 0 0 0 1
21.553 1 NAVIGATION 0 1 0. 0. 8421.2 0. 0 0
21.619 1 ATTITUDE -0.047852 -0.265381 -0.076172
21.625 1 DESIRED -0.01 0.13 4.2 -80. -45. 815. 2.
21.627 1 ESTIMATOR 0. 0.
21.719 1 ATTITUDE -0.058594 -0.26416 -0.065186
21.722 1 WP_MOVED 9 506213.8125 3566287.5 815. 12
21.726 1 BAT -114 0 0 0 1 24 24 0
21.771 1 GPS 0 0 0 0 0 0 0 0 0 0 1
21.803 1 NAVIGATION 0 1 0. 0. 8421.2 0. 0 0
21.819 1 ATTITUDE -0.058594 -0.266602 -0.066895
21.825 1 DESIRED -0.01 0.13 4.2 -80. -45. 815. 2.
21.830 1 IMU_GYRO -0.016846 0.090332 0.039307
21.919 1 ATTITUDE -0.055664 -0.270508 -0.06665
21.922 1 IMU_ACCEL 0.571289 0.671875 9.72168
21.924 1 DL_VALUE 4 0.
22.019 1 ATTITUDE -0.056396 -0.268799 -0.060791
22.024 1 DESIRED -0.01 0.13 4.2 -80. -45. 815. 2.
22.030 1 GPS 0 0 0 0 0 0 0 0 0 0 1
22.033 1 GPS_SOL 0 0 0 0
22.054 1 NAVIGATION 0 1 0. 0. 8421.2 0. 0 0
22.119 1 ATTITUDE -0.05957 -0.271484 -0.062988
22.121 1 ESTIMATOR 0. 0.
22.219 1 ATTITUDE -0.059326 -0.270508 -0.057861
22.224 1 DESIRED -0.01 0.13 4.2 -80. -45. 815. 2.
22.228 1 WP_MOVED 0 506377. 3566344. 757. 12
22.232 1 NAVIGATION 0 1 0. 0. 8421.2 0. 0 0
22.271 1 GPS 0 0 0 0 0 0 0 0 0 0 1
22.303 1 NAVIGATION 0 1 0. 0. 8421.2 0. 0 0
22.320 1 ATTITUDE -0.059082 -0.269775 -0.052246
22.401 1 COMMANDS -114,333,1017,0
22.419 1 ATTITUDE -0.054932 -0.272461 -0.054199
22.424 1 DESIRED -0.01 0.13 4.2 -80. -45. 815. 2.
22.428 1 IMU_GYRO 0.008301 -0.02002 0.006348
22.478 1 DOWNLINK_STATUS 30 20679 929 0 797. 35. 2.71
22.501 1 ACTUATORS 1000,1466,1550,1500
22.519 1 ATTITUDE -0.059082 -0.269775 -0.053467
22.524 1 GPS 0 0 0 0 0 0 0 0 0 0 1
22.527 1 IMU_MAG -0.70752 0.210938 -0.057129
22.529 1 STATE_FILTER_STATUS 3 0
22.553 1 NAVIGATION 0 1 0. 0. 8421.2 0. 0 0
22.619 1 ATTITUDE -0.061279 -0.272705 -0.055908
22.624 1 DESIRED -0.01 0.13 4.2 -80. -45. 815. 2.
22.627 1 ESTIMATOR 0. 0.
22.719 1 ATTITUDE -0.063232 -0.271484 -0.054932
22.722 1 WP_MOVED 1 506335. 3566302. 765. 12
22.725 1 IMU_ACCEL 0.441406 0.705078 9.698242
22.771 1 GPS 0 0 0 0 0 0 0 0 0 0 1
22.803 1 NAVIGATION 0 1 0. 0. 8421.2 0. 0 0
22.819 1 ATTITUDE -0.065186 -0.272461 -0.056885
22.824 1 DESIRED -0.01 0.14 4.2 -80. -45. 815. 2.
22.828 1 BAT -114 0 0 0 1 25 25 0
22.918 1 ATTITUDE -0.07373 -0.272705 -0.054932
22.961 1 PONG 
23.017 1 ATTITUDE -0.072998 -0.271484 -0.053223
23.024 1 DESIRED -0.01 0.14 4.2 -80. -45. 815. 2.
23.030 1 GPS 0 0 0 0 0 0 0 0 0 0 1
23.033 1 IMU_GYRO -0.072266 -0.007324 0.027588
23.053 1 NAVIGATION 0 1 0. 0. 8421.2 0. 0 0
23.119 1 ATTITUDE -0.067139 -0.271973 -0.052734
23.120 1 ESTIMATOR 0. 0.
23.219 1 ATTITUDE -0.07251 -0.273193 -0.052979
23.224 1 DESIRED -0.01 0.14 4.2 -80. -45. 815. 2.
23.228 1 WP_MOVED 2 506254.8125 3566257.5 815. 12
23.232 1 NAVIGATION 0 1 0. 0. 8421.2 0. 0 0
23.271 1 GPS 0 0 0 0 0 0 0 0 0 0 1
23.303 1 NAVIGATION 0 1 0. 0. 8421.2 0. 0 0
23.305 1 FBW_STATUS 0 45 1 0 0
23.319 1 ATTITUDE -0.072266 -0.270508 -0.052246
23.319 1 CALIBRATION -24. 0
23.419 1 ATTITUDE -0.071289 -0.272705 -0.05542
23.424 1 DESIRED -0.01 0.14 4.2 -80. -45. 815. 2.
23.426 1 DL_VALUE 5 0.
23.430 1 ENERGY 0. 0. 0 0.
23.479 1 DOWNLINK_STATUS 31 21519 968 0 840. 39. 3.29
23.518 1 ATTITUDE -0.066162 -0.272705 -0.057129
23.524 1 GPS 0 0 0 0 0 0 0 0 0 0 1
23.527 1 IMU_ACCEL 0.239258 0.844727 9.484375
23.531 1 ALIVE 172,207,224,230,129,122,240,95,196,110,101,144,17,83,16,224
23.553 1 NAVIGATION 0 1 0. 0. 8421.2 0. 0 0
23.618 1 ATTITUDE -0.062744 -0.275146 -0.057617
23.624 1 DESIRED -0.01 0.13 4.2 -80. -45. 815. 2.
23.627 1 ESTIMATOR 0. 0.
23.630 1 IMU_GYRO -0.001953 0.023193 0.047852
23.632 1 PPRZ_MODE 1 3 3 0 0 21
23.718 1 ATTITUDE -0.063232 -0.275879 -0.057373
23.722 1 WP_MOVED 3 506350.5 3566257. 805. 12
23.771 1 GPS 0 0 0 0 0 0 0 0 0 0 1
23.803 1 NAVIGATION 0 1 0. 0. 8421.2 0. 0 0
23.818 1 ATTITUDE -0.057861 -0.275391 -0.056152
23.824 1 DESIRED -0.01 0.13 4.2 -80. -45. 815. 2.
23.829 1 IMU_MAG -0.717285 0.208008 -0.042969
23.918 1 ATTITUDE -0.052979 -0.276367 -0.056152
23.922 1 BAT -114 0 0 0 1 26 26 0
24.018 1 ATTITUDE -0.054688 -0.276367 -0.054932
24.024 1 DESIRED -0.01 0.13 4.2 -80. -45. 815. 2.
24.030 1 GPS 0 0 0 0 0 0 0 0 0 0 1
24.033 1 GPS_SOL 0 0 0 0
24.053 1 NAVIGATION 0 1 0. 0. 8421.2 0. 0 0
24.118 1 ATTITUDE -0.053711 -0.278076 -0.052246
24.121 1 ESTIMATOR 0. 0.
24.136 1 WIND_INFO 1 42 0. 0. 0.
24.218 1 ATTITUDE -0.049805 -0.279297 -0.05127
24.224 1 DESIRED -0.01 0.13 4.2 -80. -45. 815. 2.
24.228 1 WP_MOVED 4 506374.40625 3566337.75 805. 12
24.231 1 IMU_GYRO 0.02124 0.025391 0.023193
24.235 1 NAVIGATION 0 1 0. 0. 8421.2 0. 0 0
24.271 1 GPS 0 0 0 0 0 0 0 0 0 0 1
24.303 1 NAVIGATION 0 1 0. 0. 8421.2 0. 0 0
24.318 1 ATTITUDE -0.052246 -0.280518 -0.049561
24.322 1 IMU_ACCEL 0.374023 0.642578 9.62207
24.322 1 DOWNLINK 2 824 1004
24.418 1 ATTITUDE -0.056396 -0.28125 -0.050537
24.424 1 DESIRED -0.01 0.13 4.2 -80. -45. 815. 2.
24.479 1 DOWNLINK_STATUS 32 22372 1006 0 853. 38. 3.29
24.518 1 ATTITUDE -0.052979 -0.282227 -0.052734
24.524 1 GPS 0 0 0 0 0 0 0 0 0 0 1
24.553 1 NAVIGATION 0 1 0. 0. 8421.2 0. 0 0
24.618 1 ATTITUDE -0.051514 -0.283447 -0.053467
24.624 1 DESIRED -0.01 0.13 4.2 -80. -45. 815. 2.
24.627 1 ESTIMATOR 0. 0.
24.718 1 ATTITUDE -0.051758 -0.283447 -0.053711
24.722 1 WP_MOVED 5 506402.3125 3566363.25 820. 12
24.723 1 STATE_FILTER_STATUS 3 0
24.771 1 GPS 0 0 0 0 0 0 0 0 0 0 1
24.803 1 NAVIGATION 0 1 0. 0. 8421.2 0. 0 0
24.818 1 ATTITUDE -0.049805 -0.285156 -0.05542
24.824 1 DESIRED -0.01 0.13 4.2 -80. -45. 815. 2.
24.827 1 IMU_GYRO -0.031738 -0.010498 0.010498
24.918 1 ATTITUDE -0.049561 -0.285889 -0.05542
24.920 1 DL_VALUE 6 100.
25.018 1 ATTITUDE -0.049805 -0.287354 -0.055664
25.024 1 DESIRED -0.01 0.13 4.2 -80. -45. 815. 2.
25.030 1 GPS 0 0 0 0 0 0 0 0 0 0 1
25.034 1 BAT -114 0 0 0 1 27 27 0
25.053 1 NAVIGATION 0 1 0. 0. 8421.2 0. 0 0
25.118 1 ATTITUDE -0.051514 -0.28833 -0.058105
25.121 1 ESTIMATOR 0. 0.
25.124 1 IMU_ACCEL 0.609375 0.561523 9.569336
25.127 1 IMU_MAG -0.709961 0.210938 -0.048828
25.129 1 PPRZ_MODE 0 3 3 0 0 17
25.218 1 ATTITUDE -0.045898 -0.289551 -0.057373
25.224 1 DESIRED -0.01 0.13 4.2 -80. -45. 815. 2.
25.228 1 WP_MOVED 6 506374.40625 3566337.75 820. 12
25.232 1 NAVIGATION 0 1 0. 0. 8421.2 0. 0 0
25.271 1 GPS 0 0 0 0 0 0 0 0 0 0 1
25.303 1 FBW_STATUS 0 45 0 0 0
25.305 1 NAVIGATION 0 1 0. 0. 8421.2 0. 0 0
25.318 1 ATTITUDE -0.045898 -0.289795 -0.05542
25.418 1 ATTITUDE -0.049561 -0.29126 -0.057617
25.424 1 DESIRED -0.01 0.13 4.2 -80. -45. 815. 2.
25.427 1 IMU_GYRO 0.044678 0.027588 -0.005127
25.429 1 CALIBRATION -24. 0
25.480 1 DOWNLINK_STATUS 33 23201 1044 0 829. 38. 3.29
25.518 1 ATTITUDE -0.049805 -0.290283 -0.056641
25.524 1 GPS 0 0 0 0 0 0 0 0 0 0 1
25.553 1 NAVIGATION 0 1 0. 0. 8421.2 0. 0 0
25.618 1 ATTITUDE -0.046875 -0.29248 -0.05835
25.624 1 DESIRED -0.01 0.13 4.2 -80. -45. 815. 2.
25.627 1 ESTIMATOR 0. 0.
25.718 1 ATTITUDE -0.045654 -0.292236 -0.054932
25.722 1 WP_MOVED 7 506350.5 3566270.75 805. 12
25.771 1 GPS 0 0 0 0 0 0 0 0 0 0 1
25.804 1 NAVIGATION 0 1 0. 0. 8421.2 0. 0 0
25.819 1 ATTITUDE -0.044189 -0.292236 -0.054199
25.824 1 DESIRED -0.01 0.13 4.2 -80. -45. 815. 2.
25.918 1 ATTITUDE -0.044678 -0.294678 -0.055664
25.921 1 IMU_ACCEL 0.355469 0.589844 9.660156
25.925 1 ENERGY 0. 0. 0 0.
25.928 1 NAVIGATION_REF 506335 3566302 12
26.018 1 ATTITUDE -0.03833 -0.292725 -0.048828
26.024 1 DESIRED -0.01 0.12 4.2 -80. -45. 815. 2.
26.030 1 GPS 0 0 0 0 0 0 0 0 0 0 1
26.033 1 IMU_GYRO -0.144531 -0.052979 -0.013672
26.036 1 GPS_SOL 0 0 0 0
26.053 1 NAVIGATION 0 1 0. 0. 8421.2 0. 0 0
26.118 1 ATTITUDE -0.030273 -0.293457 -0.047607
26.121 1 ESTIMATOR 0. 0.
26.124 1 BAT -114 0 0 0 1 28 28 0
26.218 1 ATTITUDE -0.034424 -0.292969 -0.04541
26.224 1 DESIRED -0.01 0.12 4.2 -80. -45. 815. 2.
26.228 1 WP_MOVED 8 506254.8125 3566257.5 815. 12
26.232 1 NAVIGATION 0 1 0. 0. 8421.2 0. 0 0
26.271 1 GPS 0 0 0 0 0 0 0 0 0 0 1
26.303 1 NAVIGATION 0 1 0. 0. 8421.2 0. 0 0
26.318 1 ATTITUDE -0.032959 -0.292236 -0.047852
26.418 1 ATTITUDE -0.060547 -0.301758 -0.049072
26.424 1 DESIRED -0.01 0.13 4.2 -80. -45. 815. 2.
26.427 1 IMU_MAG -0.705078 0.210938 -0.060059
26.429 1 DL_VALUE 7 0.
26.481 1 DOWNLINK_STATUS 34 24018 1080 0 817. 36. 3.29
26.518 1 ATTITUDE -0.058838 -0.301758 -0.050781
26.524 1 GPS 0 0 0 0 0 0 0 0 0 0 1
26.553 1 NAVIGATION 0 1 0. 0. 8421.2 0. 0 0
26.618 1 ATTITUDE -0.054688 -0.296387 -0.048096
26.624 1 DESIRED -0.01 0.13 4.2 -80. -45. 815. 2.
26.627 1 ESTIMATOR 0. 0.
26.630 1 IMU_GYRO -0.076416 0.000977 0.043457
26.718 1 ATTITUDE -0.043701 -0.298828 -0.04834
26.722 1 WP_MOVED 9 506213.8125 3566287.5 815. 12
26.725 1 IMU_ACCEL 0.508789 0.474609 9.802734
26.771 1 GPS 0 0 0 0 0 0 0 0 0 0 1
26.806 1 NAVIGATION 0 1 0. 0. 8421.2 0. 0 0
26.818 1 ATTITUDE -0.042969 -0.300293 -0.053955
26.824 1 DESIRED -0.01 0.13 4.2 -80. -45. 815. 2.
26.918 1 ATTITUDE -0.056396 -0.300781 -0.062256
26.919 1 STATE_FILTER_STATUS 3 0
27.018 1 ATTITUDE -0.061035 -0.299561 -0.063232
27.024 1 DESIRED -0.01 0.13 4.2 -80. -45. 815. 2.
27.030 1 GPS 0 0 0 0 0 0 0 0 0 0 1
27.053 1 NAVIGATION 0 1 0. 0. 8421.2 0. 0 0
27.118 1 ATTITUDE -0.061279 -0.297607 -0.064697
27.121 1 ESTIMATOR 0. 0.
27.218 1 ATTITUDE -0.062256 -0.296631 -0.063721
27.224 1 DESIRED -0.01 0.13 4.2 -80. -45. 815. 2.
27.228 1 WP_MOVED 0 506377. 3566344. 757. 12
27.231 1 IMU_GYRO -0.016846 0.037109 0.038086
27.235 1 NAVIGATION 0 1 0. 0. 8421.2 0. 0 0
27.271 1 GPS 0 0 0 0 0 0 0 0 0 0 1
27.305 1 FBW_STATUS 0 45 0 0 0
27.305 1 NAVIGATION 0 1 0. 0. 8421.2 0. 0 0
27.318 1 ATTITUDE -0.05542 -0.295898 -0.060547
27.401 1 COMMANDS -114,-56,1680,0
27.418 1 ATTITUDE -0.058594 -0.294434 -0.061279
27.424 1 DESIRED -0.01 0.13 4.2 -80. -45. 815. 2.
27.481 1 DOWNLINK_STATUS 35 24790 1114 0 772. 34. 3.29
27.501 1 ACTUATORS 1000,1500,1497,1500
27.518 1 ATTITUDE -0.059326 -0.292725 -0.060059
27.524 1 GPS 0 0 0 0 0 0 0 0 0 0 1
27.527 1 IMU_ACCEL 0.609375 0.599609 9.545898
27.529 1 CALIBRATION -24. 0
27.553 1 NAVIGATION 0 1 0. 0. 8421.2 0. 0 0
27.618 1 ATTITUDE -0.062744 -0.294922 -0.064941
27.624 1 DESIRED -0.01 0.13 4.2 -80. -45. 815. 2.
27.627 1 ESTIMATOR 0. 0.
27.718 1 ATTITUDE -0.066406 -0.294922 -0.06958
27.722 1 WP_MOVED 1 506335. 3566302. 765. 12
27.725 1 IMU_MAG -0.719727 0.205078 -0.051758
27.771 1 GPS 0 0 0 0 0 0 0 0 0 0 1
27.806 1 NAVIGATION 0 1 0. 0. 8421.2 0. 0 0
27.818 1 ATTITUDE -0.065918 -0.294434 -0.081543
27.824 1 DESIRED -0.01 0.14 4.2 -80. -45. 815. 2.
27.828 1 IMU_GYRO 0.055176 0.012695 0.056396
27.918 1 ATTITUDE -0.063965 -0.293701 -0.08252
27.919 1 DL_VALUE 8 0.
27.961 1 PONG 
28.018 1 ATTITUDE -0.067139 -0.29248 -0.081543
28.024 1 DESIRED -0.01 0.14 4.2 -80. -45. 815. 2.
28.030 1 GPS 0 0 0 0 0 0 0 0 0 0 1
28.033 1 GPS_SOL 0 0 0 0
28.053 1 NAVIGATION 0 1 0. 0. 8421.2 0. 0 0
28.118 1 ATTITUDE -0.068604 -0.291504 -0.080078
28.121 1 ESTIMATOR 0. 0.
28.218 1 ATTITUDE -0.068848 -0.287598 -0.081055
28.224 1 DESIRED -0.01 0.14 4.2 -80. -45. 815. 2.
28.228 1 WP_MOVED 2 506254.8125 3566257.5 815. 12
28.232 1 NAVIGATION 0 1 0. 0. 8421.2 0. 0 0
28.271 1 GPS 0 0 0 0 0 0 0 0 0 0 1
28.306 1 NAVIGATION 0 1 0. 0. 8421.2 0. 0 0
28.318 1 ATTITUDE -0.06543 -0.284912 -0.084229
28.321 1 IMU_ACCEL 0.662109 0.839844 9.673828
28.325 1 BAT -114 0 0 0 1 31 31 0
28.418 1 ATTITUDE -0.067627 -0.285889 -0.086914
28.424 1 DESIRED -0.01 0.14 4.2 -80. -45. 815. 2.
28.427 1 IMU_GYRO 0.023193 -0.013672 0.051025
28.431 1 ENERGY 0. 0. 0 0.
28.482 1 DOWNLINK_STATUS 36 25660 1154 0 870. 40. 2.92
28.518 1 ATTITUDE -0.068359 -0.283691 -0.089111
28.524 1 GPS 0 0 0 0 0 0 0 0 0 0 1
28.528 1 ALIVE 172,207,224,230,129,122,240,95,196,110,101,144,17,83,16,224
28.553 1 NAVIGATION 0 1 0. 0. 8421.2 0. 0 0
28.618 1 ATTITUDE -0.071045 -0.281006 -0.085693
28.624 1 DESIRED -0.01 0.14 4.2 -80. -45. 815. 2.
28.626 1 ESTIMATOR 0. 0.
28.629 1 PPRZ_MODE 0 3 3 0 0 17
28.718 1 ATTITUDE -0.069824 -0.278076 -0.083252
28.722 1 WP_MOVED 3 506350.5 3566257. 805. 12
28.772 1 GPS 0 0 0 0 0 0 0 0 0 0 1
28.807 1 NAVIGATION 0 1 0. 0. 8421.2 0. 0 0
28.818 1 ATTITUDE -0.070068 -0.274414 -0.084229
28.824 1 DESIRED -0.01 0.14 4.2 -80. -45. 815. 2.
28.918 1 ATTITUDE -0.06958 -0.273438 -0.086426
29.018 1 ATTITUDE -0.067871 -0.272461 -0.08667
29.024 1 DESIRED -0.01 0.14 4.2 -80. -45. 815. 2.
29.030 1 GPS 0 0 0 0 0 0 0 0 0 0 1
29.033 1 IMU_GYRO 0.052979 -0.006348 0.001953
29.036 1 IMU_MAG -0.724609 0.202148 -0.057129
29.053 1 NAVIGATION 0 1 0. 0. 8421.2 0. 0 0
29.118 1 ATTITUDE -0.071289 -0.272217 -0.088135
29.121 1 ESTIMATOR 0. 0.
29.124 1 IMU_ACCEL 0.844727 0.863281 9.569336
29.125 1 STATE_FILTER_STATUS 3 0
29.218 1 ATTITUDE -0.070557 -0.272949 -0.086914
29.224 1 DESIRED -0.01 0.14 4.2 -80. -45. 815. 2.
29.227 1 WP_MOVED 4 506374.40625 3566337.75 805. 12
29.232 1 NAVIGATION 0 1 0. 0. 8421.2 0. 0 0
29.271 1 GPS 0 0 0 0 0 0 0 0 0 0 1
29.301 1 FBW_STATUS 0 45 0 0 0
29.307 1 NAVIGATION 0 1 0. 0. 8421.2 0. 0 0
29.318 1 ATTITUDE -0.072998 -0.271484 -0.085938
29.418 1 ATTITUDE -0.070801 -0.269775 -0.086182
29.424 1 DESIRED -0.01 0.14 4.2 -80. -45. 815. 2.
29.427 1 BAT -114 0 0 0 1 32 32 0
29.429 1 DL_VALUE 9 1.
29.431 1 DOWNLINK 3 818 1192
29.483 1 DOWNLINK_STATUS 37 26494 1192 0 834. 38. 2.92
29.518 1 ATTITUDE -0.065918 -0.271484 -0.08667
29.524 1 GPS 0 0 0 0 0 0 0 0 0 0 1
29.553 1 NAVIGATION 0 1 0. 0. 8421.2 0. 0 0
29.618 1 ATTITUDE -0.065186 -0.270752 -0.083496
29.624 1 DESIRED -0.01 0.14 4.2 -80. -45. 815. 2.
29.626 1 ESTIMATOR 0. 0.
29.630 1 IMU_GYRO 0.012695 -0.00415 0.030762
29.631 1 CALIBRATION -24. 0
29.718 1 ATTITUDE -0.064697 -0.270996 -0.081055
29.722 1 WP_MOVED 5 506402.3125 3566363.25 820. 12
29.771 1 GPS 0 0 0 0 0 0 0 0 0 0 1
29.807 1 NAVIGATION 0 1 0. 0. 8421.2 0. 0 0
29.818 1 ATTITUDE -0.063477 -0.271973 -0.079834
29.824 1 DESIRED -0.01 0.13 4.2 -80. -45. 815. 2.
29.918 1 ATTITUDE -0.0625 -0.272217 -0.074707
29.921 1 IMU_ACCEL 0.657227 0.700195 9.626953
30.018 1 ATTITUDE -0.061279 -0.273682 -0.070801
30.024 1 DESIRED -0.01 0.13 4.2 -80. -45. 815. 2.
30.030 1 GPS 0 0 0 0 0 0 0 0 0 0 1
30.033 1 GPS_SOL 0 0 0 0
30.053 1 NAVIGATION 0 1 0. 0. 8421.2 0. 0 0
30.118 1 ATTITUDE -0.060547 -0.273926 -0.074219
30.120 1 ESTIMATOR 0. 0.
30.218 1 ATTITUDE -0.062012 -0.273926 -0.072998
30.224 1 DESIRED -0.01 0.13 4.2 -80. -45. 815. 2.
30.227 1 WP_MOVED 6 506374.40625 3566337.75 820. 12
30.231 1 IMU_GYRO -0.025391 -0.003174 -0.006348
30.235 1 NAVIGATION 0 1 0. 0. 8421.2 0. 0 0
30.271 1 GPS 0 0 0 0 0 0 0 0 0 0 1
30.309 1 NAVIGATION 0 1 0. 0. 8421.2 0. 0 0
30.318 1 ATTITUDE -0.056641 -0.273438 -0.073486
30.321 1 IMU_MAG -0.724609 0.210938 -0.048828
30.418 1 ATTITUDE -0.059326 -0.274658 -0.072266
30.424 1 DESIRED -0.01 0.13 4.2 -80. -45. 815. 2.
30.483 1 DOWNLINK_STATUS 38 27274 1226 0 780. 34. 2.92
30.518 1 ATTITUDE -0.057861 -0.271973 -0.070801
30.524 1 GPS 0 0 0 0 0 0 0 0 0 0 1
30.527 1 BAT -114 0 0 0 1 33 33 0
30.553 1 NAVIGATION 0 1 0. 0. 8421.2 0. 0 0
30.618 1 ATTITUDE -0.061035 -0.272705 -0.070801
30.624 1 DESIRED -0.01 0.13 4.2 -80. -45. 815. 2.
30.626 1 ESTIMATOR 0. 0.
30.718 1 ATTITUDE -0.062256 -0.270752 -0.067139
30.721 1 WP_MOVED 7 506350.5 3566270.75 805. 12
30.725 1 IMU_ACCEL 0.571289 0.81543 9.716797
30.771 1 GPS 0 0 0 0 0 0 0 0 0 0 1
30.809 1 NAVIGATION 0 1 0. 0. 8421.2 0. 0 0
30.818 1 ATTITUDE -0.062256 -0.271729 -0.069336
30.825 1 DESIRED -0.01 0.13 4.2 -80. -45. 815. 2.
30.826 1 IMU_GYRO 0.031738 0.009521 0.024414
30.918 1 ATTITUDE -0.0625 -0.271729 -0.071777
30.920 1 DL_VALUE 10 0.
30.923 1 ENERGY 0. 0. 0 0.
31.018 1 ATTITUDE -0.062988 -0.272461 -0.071045
31.024 1 DESIRED -0.01 0.13 4.2 -80. -45. 815. 2.
31.030 1 GPS 0 0 0 0 0 0 0 0 0 0 1
31.053 1 NAVIGATION 0 1 0. 0. 8421.2 0. 0 0
31.118 1 ATTITUDE -0.062744 -0.272949 -0.073486
31.120 1 ESTIMATOR 0. 0.
31.218 1 ATTITUDE -0.063721 -0.272949 -0.068604
31.224 1 DESIRED -0.01 0.13 4.2 -80. -45. 815. 2.
31.227 1 WP_MOVED 8 506254.8125 3566257.5 815. 12
31.232 1 NAVIGATION 0 1 0. 0. 8421.2 0. 0 0
31.271 1 GPS 0 0 0 0 0 0 0 0 0 0 1
31.301 1 FBW_STATUS 0 45 0 0 0
31.311 1 NAVIGATION 0 1 0. 0. 8421.2 0. 0 0
31.319 1 ATTITUDE -0.063965 -0.273193 -0.07251
31.320 1 STATE_FILTER_STATUS 3 0
31.418 1 ATTITUDE -0.061768 -0.273438 -0.074707
31.424 1 DESIRED -0.01 0.13 4.2 -80. -45. 815. 2.
31.427 1 IMU_GYRO 0.012695 -0.010498 0.022217
31.484 1 DOWNLINK_STATUS 39 28082 1262 0 808. 36. 2.92
31.518 1 ATTITUDE -0.064209 -0.273438 -0.071533
31.524 1 GPS 0 0 0 0 0 0 0 0 0 0 1
31.527 1 IMU_ACCEL 0.46582 0.743164 9.640625
31.553 1 NAVIGATION 0 1 0. 0. 8421.2 0. 0 0
31.618 1 ATTITUDE -0.063477 -0.273438 -0.073242
31.624 1 DESIRED -0.01 0.13 4.2 -80. -45. 815. 2.
31.626 1 ESTIMATOR 0. 0.
31.630 1 BAT -114 0 0 0 1 34 34 0
31.633 1 IMU_MAG -0.719727 0.199707 -0.048828
31.718 1 ATTITUDE -0.06543 -0.273682 -0.075684
31.721 1 WP_MOVED 9 506213.8125 3566287.5 815. 12
31.723 1 CALIBRATION -24. 0
31.771 1 GPS 0 0 0 0 0 0 0 0 0 0 1
31.803 1 NAVIGATION 0 1 0. 0. 8421.2 0. 0 0
31.818 1 ATTITUDE -0.064941 -0.272461 -0.074463
31.824 1 DESIRED -0.01 0.14 4.2 -80. -45. 815. 2.
31.918 1 ATTITUDE -0.064453 -0.273682 -0.074707
32.018 1 ATTITUDE -0.064697 -0.273193 -0.073975
32.024 1 DESIRED -0.01 0.14 4.2 -80. -45. 815. 2.
32.030 1 GPS 0 0 0 0 0 0 0 0 0 0 1
32.033 1 IMU_GYRO -0.00415 0.044678 0.019043
32.036 1 GPS_SOL 0 0 0 0
32.053 1 NAVIGATION 0 1 0. 0. 8421.2 0. 0 0
32.118 1 ATTITUDE -0.0625 -0.273682 -0.071533
32.120 1 ESTIMATOR 0. 0.
32.219 1 ATTITUDE -0.062988 -0.274902 -0.065918
32.224 1 DESIRED -0.01 0.13 4.2 -80. -45. 815. 2.
32.227 1 WP_MOVED 0 506377. 3566344. 757. 12
32.232 1 NAVIGATION 0 1 0. 0. 8421.2 0. 0 0
32.270 1 GPS 0 0 0 0 0 0 0 0 0 0 1
32.303 1 NAVIGATION 0 1 0. 0. 8421.2 0. 0 0
32.318 1 ATTITUDE -0.060791 -0.274902 -0.060303
32.326 1 IMU_ACCEL 0.518555 0.695312 9.631836
32.401 1 COMMANDS -114,-56,1680,-28
32.418 1 ATTITUDE -0.054932 -0.277588 -0.055664
32.424 1 DESIRED -0.01 0.13 4.2 -80. -45. 815. 2.
32.426 1 DL_VALUE 11 1.
32.485 1 DOWNLINK_STATUS 40 28908 1299 0 826. 37. 2.92
32.501 1 ACTUATORS 1000,1429,1568,1499
32.518 1 ATTITUDE -0.053223 -0.275146 -0.034912
32.524 1 GPS 0 0 0 0 0 0 0 0 0 0 1
32.553 1 NAVIGATION 0 1 0. 0. 8421.2 0. 0 0
32.618 1 ATTITUDE -0.063721 -0.265869 -0.002686
32.624 1 DESIRED -0.01 0.13 4.2 -80. -45. 815. 2.
32.626 1 ESTIMATOR 0. 0.
32.629 1 IMU_GYRO -0.016846 0.014893 -0.014893
32.718 1 ATTITUDE -0.063965 -0.27124 -0.00415
32.721 1 WP_MOVED 1 506335. 3566302. 765. 12
32.725 1 BAT -114 0 0 0 1 35 35 0
32.770 1 GPS 0 0 0 0 0 0 0 0 0 0 1
32.803 1 NAVIGATION 0 1 0. 0. 8421.2 0. 0 0
32.818 1 ATTITUDE -0.064453 -0.270996 0.001709
32.825 1 DESIRED -0.01 0.14 4.2 -80. -45. 815. 2.
32.918 1 ATTITUDE -0.065918 -0.269043 0.009766
32.921 1 IMU_MAG -0.651367 0.210938 -0.057129
32.961 1 PONG 
33.018 1 ATTITUDE -0.067139 -0.273438 0.006348
33.024 1 DESIRED -0.01 0.14 4.2 -80. -45. 815. 2.
33.029 1 GPS 0 0 0 0 0 0 0 0 0 0 1
33.053 1 NAVIGATION 0 1 0. 0. 8421.2 0. 0 0
33.118 1 ATTITUDE -0.066406 -0.275879 0.010498
33.120 1 ESTIMATOR 0. 0.
33.123 1 IMU_ACCEL -0.071289 0.609375 9.669922
33.218 1 ATTITUDE -0.071045 -0.278076 0.004639
33.224 1 DESIRED -0.01 0.14 4.2 -80. -45. 815. 2.
33.227 1 WP_MOVED 2 506254.8125 3566257.5 815. 12
33.230 1 IMU_GYRO 0.006348 -0.112793 0.088135
33.235 1 NAVIGATION 0 1 0. 0. 8421.2 0. 0 0
33.270 1 GPS 0 0 0 0 0 0 0 0 0 0 1
33.300 1 FBW_STATUS 0 45 0 0 0
33.305 1 NAVIGATION 0 1 0. 0. 8421.2 0. 0 0
33.318 1 ATTITUDE -0.069336 -0.282959 -0.002686
33.418 1 ATTITUDE -0.071777 -0.281494 0.000244
33.424 1 DESIRED -0.01 0.14 4.2 -80. -45. 815. 2.
33.427 1 ENERGY 0. 0. 0 0.
33.486 1 DOWNLINK_STATUS 41 29735 1336 0 827. 37. 2.75
33.518 1 ATTITUDE -0.066406 -0.279053 -0.001221
33.524 1 GPS 0 0 0 0 0 0 0 0 0 0 1
33.525 1 STATE_FILTER_STATUS 3 0
33.529 1 ALIVE 172,207,224,230,129,122,240,95,196,110,101,144,17,83,16,224
33.553 1 NAVIGATION 0 1 0. 0. 8421.2 0. 0 0
33.618 1 ATTITUDE -0.065918 -0.282227 0.003174
33.624 1 DESIRED -0.01 0.14 4.2 -80. -45. 815. 2.
33.626 1 ESTIMATOR 0. 0.
33.628 1 PPRZ_MODE 0 3 3 0 0 17
33.718 1 ATTITUDE -0.067139 -0.28418 0.009521
33.721 1 WP_MOVED 3 506350.5 3566257. 805. 12
33.770 1 GPS 0 0 0 0 0 0 0 0 0 0 1
33.803 1 NAVIGATION 0 1 0. 0. 8421.2 0. 0 0
33.818 1 ATTITUDE -0.069092 -0.288818 0.010986
33.827 1 DESIRED -0.01 0.14 4.2 -80. -45. 815. 2.
33.827 1 IMU_GYRO 0.027588 0.005127 0.014893
33.830 1 BAT -114 0 0 0 1 36 36 0
33.831 1 CALIBRATION -24. 0
33.918 1 ATTITUDE -0.071533 -0.28833 0.013916
33.921 1 IMU_ACCEL -0.163086 0.69043 9.665039
33.923 1 DL_VALUE 0 0.
34.018 1 ATTITUDE -0.072021 -0.288574 0.016602
34.024 1 DESIRED -0.01 0.14 4.2 -80. -45. 815. 2.
34.029 1 GPS 0 0 0 0 0 0 0 0 0 0 1
34.032 1 GPS_SOL 0 0 0 0
34.053 1 NAVIGATION 0 1 0. 0. 8421.2 0. 0 0
34.118 1 ATTITUDE -0.072754 -0.290039 0.025635
34.120 1 ESTIMATOR 0. 0.
34.136 1 WIND_INFO 1 42 0. 0. 0.
34.218 1 ATTITUDE -0.073975 -0.287842 0.043213
34.224 1 DESIRED -0.01 0.14 4.2 -80. -45. 815. 2.
34.227 1 WP_MOVED 4 506374.40625 3566337.75 805. 12
34.232 1 NAVIGATION 0 1 0. 0. 8421.2 0. 0 0
34.235 1 IMU_MAG -0.624512 0.219727 -0.051758
34.270 1 GPS 0 0 0 0 0 0 0 0 0 0 1
34.303 1 NAVIGATION 0 1 0. 0. 8421.2 0. 0 0
34.322 1 ATTITUDE -0.079346 -0.288574 0.056885
34.418 1 ATTITUDE -0.085205 -0.284424 0.067627
34.424 1 DESIRED -0.01 0.14 4.2 -80. -45. 815. 2.
34.427 1 IMU_GYRO -0.025391 0.142578 0.026367
34.487 1 DOWNLINK_STATUS 42 30590 1375 0 855. 39. 2.75
34.518 1 ATTITUDE -0.084717 -0.286865 0.069824
34.523 1 GPS 0 0 0 0 0 0 0 0 0 0 1
34.525 1 DOWNLINK 3 815 1378
34.553 1 NAVIGATION 0 1 0. 0. 8421.2 0. 0 0
34.618 1 ATTITUDE -0.084961 -0.28833 0.07251
34.624 1 DESIRED -0.01 0.14 4.2 -80. -45. 815. 2.
34.626 1 ESTIMATOR 0. 0.
34.718 1 ATTITUDE -0.086182 -0.290283 0.082764
34.721 1 WP_MOVED 5 506402.3125 3566363.25 820. 12
34.724 1 IMU_ACCEL -1.071289 0.695312 9.811523
34.770 1 GPS 0 0 0 0 0 0 0 0 0 0 1
34.803 1 NAVIGATION 0 1 0. 0. 8421.2 0. 0 0
34.818 1 ATTITUDE -0.086182 -0.293945 0.085693
34.824 1 DESIRED -0.01 0.14 4.2 -80. -45. 815. 2.
34.918 1 ATTITUDE -0.087402 -0.293701 0.095703
34.921 1 BAT -114 0 0 0 1 37 37 0
34.924 1 NAVIGATION_REF 506335 3566302 12
35.018 1 ATTITUDE -0.087402 -0.29541 0.097412
35.024 1 DESIRED -0.01 0.15 4.2 -80. -45. 815. 2.
35.029 1 GPS 0 0 0 0 0 0 0 0 0 0 1
35.033 1 IMU_GYRO -0.046631 -0.071289 0.062744
35.053 1 NAVIGATION 0 1 0. 0. 8421.2 0. 0 0
35.118 1 ATTITUDE -0.085205 -0.303223 0.113525
35.120 1 ESTIMATOR 0. 0.
35.218 1 ATTITUDE -0.088135 -0.300537 0.13916
35.224 1 DESIRED -0.01 0.15 4.2 -80. -45. 815. 2.
35.227 1 WP_MOVED 6 506374.40625 3566337.75 820. 12
35.232 1 NAVIGATION 0 1 0. 0. 8421.2 0. 0 0
35.270 1 GPS 0 0 0 0 0 0 0 0 0 0 1
35.300 1 FBW_STATUS 0 46 0 0 0
35.305 1 NAVIGATION 0 1 0. 0. 8421.2 0. 0 0
35.318 1 ATTITUDE -0.085693 -0.302734 0.152832
35.418 1 ATTITUDE -0.073486 -0.307861 0.134766
35.424 1 DESIRED -0.01 0.14 4.2 -80. -45. 815. 2.
35.425 1 DL_VALUE 1 0.
35.488 1 DOWNLINK_STATUS 43 31377 1410 0 787. 35. 2.75
35.518 1 ATTITUDE -0.087402 -0.307617 0.100098
35.523 1 GPS 0 0 0 0 0 0 0 0 0 0 1
35.527 1 IMU_ACCEL -1.945312 1.189453 8.847656
35.530 1 IMU_MAG -0.594727 0.196777 -0.060059
35.553 1 NAVIGATION 0 1 0. 0. 8421.2 0. 0 0
35.618 1 ATTITUDE -0.096191 -0.315674 0.067383
35.624 1 DESIRED -0.01 0.15 4.2 -80. -45. 815. 2.
35.626 1 ESTIMATOR 0. 0.
35.629 1 IMU_GYRO 0.287109 -0.689453 -0.123291
35.718 1 ATTITUDE -0.122559 -0.303223 0.053223
35.721 1 WP_MOVED 7 506350.5 3566270.75 805. 12
35.723 1 STATE_FILTER_STATUS 3 0
35.770 1 GPS 0 0 0 0 0 0 0 0 0 0 1
35.803 1 NAVIGATION 0 1 0. 0. 8421.2 0. 0 0
35.818 1 ATTITUDE -0.125 -0.303955 0.054199
35.824 1 DESIRED -0.01 0.16 4.2 -80. -45. 815. 2.
35.918 1 ATTITUDE -0.139648 -0.30127 0.067139
35.920 1 CALIBRATION -24. 0
35.923 1 ENERGY 0. 0. 0 0.
36.018 1 ATTITUDE -0.145752 -0.28833 0.080078
36.024 1 DESIRED -0.01 0.17 4.2 -80. -45. 815. 2.
36.029 1 GPS 0 0 0 0 0 0 0 0 0 0 1
36.033 1 BAT -114 0 0 0 1 38 38 0
36.036 1 GPS_SOL 0 0 0 0
36.052 1 NAVIGATION 0 1 0. 0. 8421.2 0. 0 0
36.118 1 ATTITUDE -0.137207 -0.293945 0.091309
36.120 1 ESTIMATOR 0. 0.
36.218 1 ATTITUDE -0.145752 -0.296143 0.073486
36.224 1 DESIRED -0.01 0.17 4.2 -80. -45. 815. 2.
36.227 1 WP_MOVED 8 506254.8125 3566257.5 815. 12
36.230 1 IMU_GYRO 0.067871 -0.094482 0.131836
36.235 1 NAVIGATION 0 1 0. 0. 8421.2 0. 0 0
36.270 1 GPS 0 0 0 0 0 0 0 0 0 0 1
36.302 1 NAVIGATION 0 1 0. 0. 8421.2 0. 0 0
36.318 1 ATTITUDE -0.144531 -0.296631 0.055176
36.321 1 IMU_ACCEL -0.65332 1.108398 9.285156
36.418 1 ATTITUDE -0.129639 -0.293701 0.042969
36.424 1 DESIRED -0.01 0.16 4.2 -80. -45. 815. 2.
36.488 1 DOWNLINK_STATUS 44 32224 1448 0 847. 38. 2.75
36.518 1 ATTITUDE -0.139893 -0.291748 0.03833
36.523 1 GPS 0 0 0 0 0 0 0 0 0 0 1
36.552 1 NAVIGATION 0 1 0. 0. 8421.2 0. 0 0
36.618 1 ATTITUDE -0.130371 -0.303223 0.028076
36.624 1 DESIRED -0.01 0.16 4.2 -80. -45. 815. 2.
36.626 1 ESTIMATOR 0. 0.
36.718 1 ATTITUDE -0.123535 -0.302979 0.018555
36.721 1 WP_MOVED 9 506213.8125 3566287.5 815. 12
36.770 1 GPS 0 0 0 0 0 0 0 0 0 0 1
36.802 1 NAVIGATION 0 1 0. 0. 8421.2 0. 0 0
36.820 1 ATTITUDE -0.124756 -0.29541 0.023193
36.823 1 DESIRED -0.01 0.16 4.2 -80. -45. 815. 2.
36.827 1 IMU_GYRO -0.046631 0.022217 0.02002
36.833 1 IMU_MAG -0.629395 0.15332 -0.080566
36.867 1 PPRZ_MODE 1 3 3 0 0 21
36.918 1 ATTITUDE -0.122559 -0.288574 0.028076
36.920 1 DL_VALUE 2 815.
37.018 1 ATTITUDE -0.121582 -0.290527 0.026611
37.024 1 DESIRED -0. 0.16 4.2 -80. -45. 815. 2.
37.029 1 GPS 0 0 0 0 0 0 0 0 0 0 1
37.052 1 NAVIGATION 0 1 0. 0. 8421.2 0. 0 0
37.118 1 ATTITUDE -0.104248 -0.290283 0.005371
37.120 1 ESTIMATOR 0. 0.
37.123 1 IMU_ACCEL -0.657227 1.055664 9.807617
37.127 1 BAT -114 0 0 0 1 39 39 0
37.218 1 ATTITUDE -0.074219 -0.289307 -0.030518
37.223 1 DESIRED -0. 0.14 4.2 -80. -45. 815. 2.
37.227 1 WP_MOVED 0 506377. 3566344. 757. 12
37.231 1 NAVIGATION 0 1 0. 0. 8421.2 0. 0 0
37.270 1 GPS 0 0 0 0 0 0 0 0 0 0 1
37.300 1 FBW_STATUS 0 46 1 0 0
37.305 1 NAVIGATION 0 1 0. 0. 8421.2 0. 0 0
37.319 1 ATTITUDE -0.033936 -0.287842 -0.058594
37.400 1 COMMANDS -114,271,997,-28
37.418 1 ATTITUDE -0.049316 -0.293701 -0.059814
37.423 1 DESIRED -0. 0.13 4.2 -80. -45. 815. 2.
37.427 1 IMU_GYRO -0.070068 -0.377686 0.137207
37.489 1 DOWNLINK_STATUS 45 33048 1485 0 824. 37. 2.75
37.500 1 ACTUATORS 1000,1460,1550,1499
37.518 1 ATTITUDE -0.031494 -0.298828 -0.076904
37.523 1 GPS 0 0 0 0 0 0 0 0 0 0 1
37.552 1 NAVIGATION 0 1 0. 0. 8421.2 0. 0 0
37.618 1 ATTITUDE 0.000732 -0.311768 -0.069092
37.623 1 DESIRED -0. 0.11 4.2 -80. -45. 815. 2.
37.626 1 ESTIMATOR 0. 0.
37.718 1 ATTITUDE 0.015625 -0.308594 -0.097168
37.721 1 WP_MOVED 1 506335. 3566302. 765. 12
37.770 1 GPS 0 0 0 0 0 0 0 0 0 0 1
37.802 1 NAVIGATION 0 1 0. 0. 8421.2 0. 0 0
37.820 1 ATTITUDE 0.020752 -0.310059 -0.116943
37.823 1 DESIRED -0. 0.12 4.2 -80. -45. 815. 2.
37.918 1 ATTITUDE 0.033936 -0.310547 -0.131592
37.921 1 IMU_ACCEL 1.489258 -0.008789 9.764648
37.922 1 STATE_FILTER_STATUS 3 0
37.962 1 PONG 
38.018 1 ATTITUDE 0.017578 -0.298828 -0.158203
38.023 1 DESIRED -0. 0.11 4.2 -80. -45. 815. 2.
38.029 1 GPS 0 0 0 0 0 0 0 0 0 0 1
38.032 1 IMU_GYRO 0.008301 0.135986 -0.126465
38.035 1 GPS_SOL 0 0 0 0
38.052 1 NAVIGATION 0 1 0. 0. 8421.2 0. 0 0
38.118 1 ATTITUDE 0.02417 -0.296387 -0.140625
38.120 1 ESTIMATOR 0. 0.
38.123 1 IMU_MAG -0.79834 0.271973 0.022949
38.218 1 ATTITUDE 0.035156 -0.293701 -0.145996
38.223 1 DESIRED -0. 0.12 4.2 -80. -45. 815. 2.
38.227 1 WP_MOVED 2 506254.8125 3566257.5 815. 12
38.231 1 NAVIGATION 0 1 0. 0. 8421.2 0. 0 0
38.235 1 BAT -114 0 0 0 1 40 40 0
38.270 1 GPS 0 0 0 0 0 0 0 0 0 0 1
38.302 1 NAVIGATION 0 1 0. 0. 8421.2 0. 0 0
38.320 1 ATTITUDE 0.04248 -0.298096 -0.150391
38.417 1 ATTITUDE 0.049561 -0.293701 -0.140137
38.423 1 DESIRED -0. 0.13 4.2 -80. -45. 815. 2.
38.424 1 DL_VALUE 3 0.
38.429 1 ENERGY 0. 0. 0 0.
38.490 1 DOWNLINK_STATUS 46 33880 1523 0 832. 38. 2.63
38.518 1 ATTITUDE 0.051025 -0.300781 -0.12207
38.523 1 GPS 0 0 0 0 0 0 0 0 0 0 1
38.527 1 ALIVE 172,207,224,230,129,122,240,95,196,110,101,144,17,83,16,224
38.552 1 NAVIGATION 0 1 0. 0. 8421.2 0. 0 0
38.618 1 ATTITUDE 0.052734 -0.307129 -0.121094
38.623 1 DESIRED -0. 0.13 4.2 -80. -45. 815. 2.
38.626 1 ESTIMATOR 0. 0.
38.629 1 IMU_GYRO 0.05957 -0.094482 0.046631
38.631 1 PPRZ_MODE 1 3 3 0 0 21
38.718 1 ATTITUDE 0.052246 -0.324707 -0.115723
38.721 1 WP_MOVED 3 506350.5 3566257. 805. 12
38.724 1 IMU_ACCEL 1.013672 -0.393555 9.588867
38.770 1 GPS 0 0 0 0 0 0 0 0 0 0 1
38.802 1 NAVIGATION 0 1 0. 0. 8421.2 0. 0 0
38.822 1 ATTITUDE 0.056641 -0.343018 -0.106689
38.823 1 DESIRED -0. 0.13 4.2 -80. -45. 815. 2.
38.917 1 ATTITUDE 0.024658 -0.336914 -0.006348
39.017 1 ATTITUDE 0.020508 -0.339111 0.038818
39.023 1 DESIRED -0. 0.12 4.2 -80. -45. 815. 2.
39.029 1 GPS 0 0 0 0 0 0 0 0 0 0 1
39.052 1 NAVIGATION 0 1 0. 0. 8421.2 0. 0 0
39.117 1 ATTITUDE -0.029297 -0.329834 0.043701
39.120 1 ESTIMATOR 0. 0.
39.217 1 ATTITUDE -0.078857 -0.313965 0.195068
39.223 1 DESIRED -0. 0.14 4.2 -80. -45. 815. 2.
39.227 1 WP_MOVED 4 506374.40625 3566337.75 805. 12
39.230 1 IMU_GYRO -0.029785 0.148926 -0.022217
39.234 1 NAVIGATION 0 1 0. 0. 8421.2 0. 0 0
39.270 1 GPS 0 0 0 0 0 0 0 0 0 0 1
39.300 1 FBW_STATUS 0 46 1 0 0
39.305 1 NAVIGATION 0 1 0. 0. 8421.2 0. 0 0
39.322 1 ATTITUDE -0.078857 -0.31543 0.20166
39.322 1 BAT -114 0 0 0 1 42 42 0
39.417 1 ATTITUDE -0.082764 -0.320557 0.214111
39.423 1 DESIRED -0. 0.14 4.2 -80. -45. 815. 2.
39.426 1 IMU_MAG -0.511719 0.231445 -0.042969
39.491 1 DOWNLINK_STATUS 47 34701 1559 0 821. 36. 2.63
39.517 1 ATTITUDE -0.083496 -0.326904 0.218018
39.523 1 GPS 0 0 0 0 0 0 0 0 0 0 1
39.526 1 IMU_ACCEL -1.911133 0.138672 9.50293
39.552 1 NAVIGATION 0 1 0. 0. 8421.2 0. 0 0
39.617 1 ATTITUDE -0.080811 -0.332764 0.21582
39.623 1 DESIRED -0. 0.14 4.2 -80. -45. 815. 2.
39.626 1 ESTIMATOR 0. 0.
39.628 1 DOWNLINK 4 827 1567
39.717 1 ATTITUDE -0.085205 -0.325684 0.226562
39.721 1 WP_MOVED 5 506402.3125 3566363.25 820. 12
39.770 1 GPS 0 0 0 0 0 0 0 0 0 0 1
39.802 1 NAVIGATION 0 1 0. 0. 8421.2 0. 0 0
39.817 1 ATTITUDE -0.087646 -0.323242 0.231201
39.823 1 DESIRED -0. 0.15 4.2 -80. -45. 815. 2.
39.826 1 IMU_GYRO 0.04248 -0.162598 -0.00415
39.917 1 ATTITUDE -0.087158 -0.328125 0.233398
39.919 1 DL_VALUE 4 0.
40.017 1 ATTITUDE -0.087891 -0.342041 0.235596
40.023 1 DESIRED -0. 0.15 4.2 -80. -45. 815. 2.
40.029 1 GPS 0 0 0 0 0 0 0 0 0 0 1
40.032 1 GPS_SOL 0 0 0 0
40.052 1 NAVIGATION 0 1 0. 0. 8421.2 0. 0 0
40.117 1 ATTITUDE -0.091553 -0.343506 0.241943
40.120 1 ESTIMATOR 0. 0.
40.122 1 CALIBRATION -24. 0
40.123 1 STATE_FILTER_STATUS 3 0
40.217 1 ATTITUDE -0.09082 -0.348877 0.239258
40.223 1 DESIRED -0. 0.15 4.2 -80. -45. 815. 2.
40.227 1 WP_MOVED 6 506374.40625 3566337.75 820. 12
40.231 1 NAVIGATION 0 1 0. 0. 8421.2 0. 0 0
40.270 1 GPS 0 0 0 0 0 0 0 0 0 0 1
40.302 1 NAVIGATION 0 1 0. 0. 8421.2 0. 0 0
40.317 1 ATTITUDE -0.089111 -0.341309 0.241943
40.325 1 IMU_ACCEL -2.137695 0.848633 9.004883
40.492 1 DOWNLINK_STATUS 48 35442 1593 0 741. 34. 2.63
41.493 1 DOWNLINK_STATUS 49 35442 1593 0 0. 0. 2.63
42.494 1 DOWNLINK_STATUS 50 35442 1593 0 0. 0. 2.63
43.495 1 DOWNLINK_STATUS 51 35442 1593 0 0. 0. -4998.54
44.136 1 WIND_INFO 1 42 0. 0. 0.
44.496 1 DOWNLINK_STATUS 52 35442 1593 0 0. 0. -4998.54
