2.250 1 GPS 0 0 0 0 0 0 0 0 0 0 1
2.282 1 NAVIGATION 0 1 0. 0. 8421.2 0. 0 0
2.297 1 ATTITUDE 0.150635 2.437012 -0.274414
2.303 1 DESIRED -0.8 0.17 4.2 -80. -45. 815. 2.
2.397 1 ATTITUDE 0.149902 2.440186 -0.221191
2.497 1 ATTITUDE 0.148438 2.436523 -0.198242
2.503 1 DESIRED -0.8 0.16 4.2 -80. -45. 815. 2.
2.509 1 GPS 0 0 0 0 0 0 0 0 0 0 1
2.511 1 DOWNLINK 0 825 436
2.532 1 NAVIGATION 0 1 0. 0. 8421.2 0. 0 0
2.597 1 ATTITUDE 0.146729 2.429199 -0.197998
2.600 1 ESTIMATOR 0. 0.
2.603 1 IMU_ACCEL -1.695312 -1.291016 -9.602539
2.697 1 ATTITUDE 0.145752 2.422363 -0.199707
2.703 1 DESIRED -0.8 0.16 4.2 -80. -45. 815. 2.
2.707 1 WP_MOVED 4 506374.40625 3566337.75 805. 12
2.710 1 IMU_GYRO 0.02124 0. 0.010498
2.714 1 NAVIGATION 0 1 0. 0. 8421.2 0. 0 0
2.720 1 DOWNLINK_STATUS 6 4991 224 0 866. 40. 2.78
2.750 1 GPS 0 0 0 0 0 0 0 0 0 0 1
2.780 1 FBW_STATUS 2 0 1 0 0
2.784 1 NAVIGATION 0 1 0. 0. 8421.2 0. 0 0
2.797 1 ATTITUDE 0.146484 2.41626 -0.198486
2.799 1 STATE_FILTER_STATUS 3 0
2.897 1 ATTITUDE 0.147461 2.411377 -0.190674
2.903 1 DESIRED -0.8 0.16 4.2 -80. -45. 815. 2.
2.997 1 ATTITUDE 0.147217 2.404785 -0.185059
3.003 1 GPS 0 0 0 0 0 0 0 0 0 0 1
3.006 1 IMU_MAG -0.278809 -0.601562 2.44873
3.032 1 NAVIGATION 0 1 0. 0. 8421.2 0. 0 0
3.097 1 ATTITUDE 0.144287 2.399414 -0.189209
3.103 1 DESIRED -0.8 0.16 4.2 -80. -45. 815. 2.
3.106 1 ESTIMATOR 0. 0.
3.109 1 BAT 0 0 0 0 1 12 12 0
3.197 1 ATTITUDE 0.121338 2.393311 -0.25
3.201 1 WP_MOVED 5 506402.3125 3566363.25 820. 12
3.251 1 GPS 0 0 0 0 0 0 0 0 0 0 1
3.282 1 NAVIGATION 0 1 0. 0. 8421.2 0. 0 0
3.297 1 ATTITUDE 0.094238 2.397705 -0.343506
3.303 1 DESIRED -0.8 0.14 4.2 -80. -45. 815. 2.
3.307 1 IMU_GYRO 0.063721 0.257324 -0.022217
3.397 1 ATTITUDE 0.09668 2.410156 -0.336426
3.400 1 IMU_ACCEL -3.074219 -0.757812 -8.890625
3.402 1 DL_VALUE 8 0.
3.497 1 ATTITUDE 0.06665 2.42041 -0.448975
3.503 1 DESIRED -0.8 0.13 4.2 -80. -45. 815. 2.
3.509 1 GPS 0 0 0 0 0 0 0 0 0 0 1
3.512 1 GPS_SOL 0 0 0 0
3.532 1 NAVIGATION 0 1 0. 0. 8421.2 0. 0 0
3.597 1 ATTITUDE 0.066162 2.427246 -0.504639
3.600 1 ESTIMATOR 0. 0.
3.697 1 ATTITUDE 0.089111 2.446045 -0.431641
3.703 1 DESIRED -0.8 0.14 4.2 -80. -45. 815. 2.
3.707 1 WP_MOVED 6 506374.40625 3566337.75 820. 12
3.711 1 NAVIGATION 0 1 0. 0. 8421.2 0. 0 0
3.721 1 DOWNLINK_STATUS 7 5796 260 0 805. 36. 2.78
3.752 1 GPS 0 0 0 0 0 0 0 0 0 0 1
3.782 1 NAVIGATION 0 1 0. 0. 8421.2 0. 0 0
3.797 1 ATTITUDE 0.102295 2.458496 -0.380859
3.897 1 ATTITUDE 0.109619 2.466553 -0.348389
3.903 1 DESIRED -0.8 0.15 4.2 -80. -45. 815. 2.
3.906 1 IMU_GYRO 0.025391 0.13501 0.024414
3.997 1 ATTITUDE 0.114014 2.472168 -0.325195
4.003 1 GPS 0 0 0 0 0 0 0 0 0 0 1
4.032 1 NAVIGATION 0 1 0. 0. 8421.2 0. 0 0
4.097 1 ATTITUDE 0.11377 2.473145 -0.319092
4.103 1 DESIRED -0.8 0.15 4.2 -80. -45. 815. 2.
4.106 1 ESTIMATOR 0. 0.
4.197 1 ATTITUDE 0.115967 2.472168 -0.310303
4.201 1 WP_MOVED 7 506350.5 3566270.75 805. 12
4.204 1 IMU_ACCEL -2.858398 -0.945312 -9.512695
4.207 1 BAT 0 0 0 0 1 13 13 0
4.209 1 CALIBRATION -104. 0
4.250 1 GPS 0 0 0 0 0 0 0 0 0 0 1
4.282 1 NAVIGATION 0 1 0. 0. 8421.2 0. 0 0
4.297 1 ATTITUDE 0.123779 2.471924 -0.283936
4.303 1 DESIRED -0.8 0.15 4.2 -80. -45. 815. 2.
4.306 1 IMU_MAG -0.171387 -0.653809 2.362305
4.397 1 ATTITUDE 0.128418 2.471191 -0.259033
4.401 1 ENERGY 0. 0. 0 0.
4.497 1 ATTITUDE 0.133057 2.472412 -0.219971
4.503 1 DESIRED -0.8 0.16 4.2 -80. -45. 815. 2.
4.509 1 GPS 0 0 0 0 0 0 0 0 0 0 1
4.512 1 IMU_GYRO 0.131836 0.658691 0.037109
4.532 1 NAVIGATION 0 1 0. 0. 8421.2 0. 0 0
4.597 1 ATTITUDE 0.138428 2.475586 -0.161377
4.600 1 ESTIMATOR 0. 0.
4.697 1 ATTITUDE 0.141357 2.475098 -0.118652
4.703 1 DESIRED -0.8 0.16 4.2 -80. -45. 815. 2.
4.707 1 WP_MOVED 8 506254.8125 3566257.5 815. 12
4.711 1 NAVIGATION 0 1 0. 0. 8421.2 0. 0 0
4.721 1 DOWNLINK_STATUS 8 6599 295 0 803. 35. 2.78
4.750 1 GPS 0 0 0 0 0 0 0 0 0 0 1
4.780 1 FBW_STATUS 2 0 1 0 0
4.784 1 NAVIGATION 0 1 0. 0. 8421.2 0. 0 0
4.797 1 ATTITUDE 0.148682 2.472656 -0.054932
4.897 1 ATTITUDE 0.156982 2.466309 0.020752
4.903 1 DESIRED -0.8 0.17 4.2 -80. -45. 815. 2.
4.905 1 DL_VALUE 9 1.
4.997 1 ATTITUDE 0.161377 2.449707 0.078613
5.003 1 GPS 0 0 0 0 0 0 0 0 0 0 1
5.006 1 IMU_ACCEL 0.946289 -1.401367 -9.560547
5.008 1 STATE_FILTER_STATUS 3 0
5.032 1 NAVIGATION 0 1 0. 0. 8421.2 0. 0 0
5.097 1 ATTITUDE 0.150391 2.422852 0.071777
5.103 1 DESIRED -0.8 0.17 4.2 -80. -45. 815. 2.
5.105 1 ESTIMATOR 0. 0.
5.109 1 IMU_GYRO -0.134033 -0.066895 0.074463
5.197 1 ATTITUDE 0.135498 2.406006 0.058105
5.201 1 WP_MOVED 9 506213.8125 3566287.5 815. 12
5.250 1 GPS 0 0 0 0 0 0 0 0 0 0 1
5.282 1 NAVIGATION 0 1 0. 0. 8421.2 0. 0 0
5.297 1 ATTITUDE 0.128174 2.385498 0.035889
5.303 1 DESIRED -0.8 0.16 4.2 -80. -45. 815. 2.
5.307 1 BAT 0 0 0 0 1 14 14 0
5.397 1 ATTITUDE 0.128174 2.366455 0.006836
5.497 1 ATTITUDE 0.122559 2.357422 -0.030762
5.503 1 DESIRED -0.8 0.15 4.2 -80. -45. 815. 2.
5.509 1 GPS 0 0 0 0 0 0 0 0 0 0 1
5.512 1 GPS_SOL 0 0 0 0
5.536 1 NAVIGATION 0 1 0. 0. 8421.2 0. 0 0
5.597 1 ATTITUDE 0.133789 2.358154 -0.065674
5.600 1 ESTIMATOR 0. 0.
5.603 1 IMU_MAG -0.472656 -0.616211 2.319336
5.697 1 ATTITUDE 0.14209 2.354004 -0.070312
5.703 1 DESIRED -0.8 0.16 4.2 -80. -45. 815. 2.
5.706 1 WP_MOVED 0 506377. 3566344. 757. 12
5.710 1 IMU_GYRO 0.001953 -0.088135 -0.016846
5.714 1 NAVIGATION 0 1 0. 0. 8421.2 0. 0 0
5.723 1 DOWNLINK_STATUS 9 7422 332 0 823. 37. 2.78
5.750 1 GPS 0 0 0 0 0 0 0 0 0 0 1
5.782 1 NAVIGATION 0 1 0. 0. 8421.2 0. 0 0
5.797 1 ATTITUDE 0.134521 2.350586 -0.072754
5.800 1 IMU_ACCEL -0.595703 -1.242188 -9.935547
5.880 1 COMMANDS 0,-6169,1259,0
5.897 1 ATTITUDE 0.133057 2.351562 -0.070312
5.903 1 DESIRED -0.8 0.16 4.2 -80. -45. 815. 2.
5.980 1 ACTUATORS 1000,1304,1410,1500
5.997 1 ATTITUDE 0.129883 2.351562 -0.080811
6.003 1 GPS 0 0 0 0 0 0 0 0 0 0 1
6.032 1 NAVIGATION 0 1 0. 0. 8421.2 0. 0 0
6.097 1 ATTITUDE 0.111328 2.348389 -0.111328
6.103 1 DESIRED -0.8 0.15 4.2 -80. -45. 815. 2.
6.105 1 ESTIMATOR 0. 0.
6.197 1 ATTITUDE 0.067627 2.356689 -0.22998
6.201 1 WP_MOVED 1 506335. 3566302. 765. 12
6.250 1 GPS 0 0 0 0 0 0 0 0 0 0 1
6.282 1 NAVIGATION 0 1 0. 0. 8421.2 0. 0 0
6.297 1 ATTITUDE -0.053467 2.409424 -0.334473
6.303 1 DESIRED -0.8 0.12 4.2 -80. -45. 815. 2.
6.306 1 IMU_GYRO 0.291504 -0.330811 -0.169189
6.308 1 CALIBRATION -122. 0
6.397 1 ATTITUDE -0.054199 2.544922 -0.288818
6.401 1 BAT 0 0 0 0 1 15 15 0
6.402 1 DL_VALUE 10 0.
6.497 1 ATTITUDE -0.057617 2.611572 -0.230957
6.503 1 DESIRED -0.8 0.13 4.2 -80. -45. 815. 2.
6.509 1 GPS 0 0 0 0 0 0 0 0 0 0 1
6.532 1 NAVIGATION 0 1 0. 0. 8421.2 0. 0 0
6.597 1 ATTITUDE 0.026123 2.662842 -0.098389
6.599 1 ESTIMATOR 0. 0.
6.603 1 IMU_ACCEL -0.551758 -0.176758 -9.703125
6.697 1 ATTITUDE 0.120361 2.628662 0.033447
6.703 1 DESIRED -0.8 0.15 4.2 -80. -45. 815. 2.
6.706 1 WP_MOVED 2 506254.8125 3566257.5 815. 12
6.711 1 NAVIGATION 0 1 0. 0. 8421.2 0. 0 0
6.724 1 DOWNLINK_STATUS 10 8228 368 0 806. 36. 2.78
6.750 1 GPS 0 0 0 0 0 0 0 0 0 0 1
6.780 1 FBW_STATUS 2 0 1 0 0
6.784 1 NAVIGATION 0 1 0. 0. 8421.2 0. 0 0
6.797 1 ATTITUDE 0.119629 2.562256 0.067383
6.897 1 ATTITUDE 0.086914 2.498535 -0.03125
6.903 1 DESIRED -0.8 0.14 4.2 -80. -45. 815. 2.
6.906 1 IMU_GYRO 0.285156 -1.444092 -0.041504
6.909 1 IMU_MAG -0.305664 -0.575684 2.307617
6.913 1 ENERGY 0. 0. 0 0.
6.997 1 ATTITUDE 0.130371 2.477295 -0.078369
7.003 1 GPS 0 0 0 0 0 0 0 0 0 0 1
7.007 1 ALIVE 252,192,30,119,76,2,109,81,4,151,152,78,131,68,22,125
7.032 1 NAVIGATION 0 1 0. 0. 8421.2 0. 0 0
7.097 1 ATTITUDE 0.164795 2.445068 -0.067139
7.103 1 DESIRED -0.8 0.17 4.2 -80. -45. 815. 2.
7.105 1 ESTIMATOR 0. 0.
7.107 1 PPRZ_MODE 2 3 3 0 0 6
7.197 1 ATTITUDE 0.186035 2.390381 -0.076904
7.200 1 WP_MOVED 3 506350.5 3566257. 805. 12
7.202 1 STATE_FILTER_STATUS 3 0
7.221 1 PONG 
7.250 1 GPS 0 0 0 0 0 0 0 0 0 0 1
7.282 1 NAVIGATION 0 1 0. 0. 8421.2 0. 0 0
7.297 1 ATTITUDE 0.223633 2.314453 -0.065918
7.303 1 DESIRED -0.8 0.2 4.2 -80. -45. 815. 2.
7.397 1 ATTITUDE 0.268799 2.232422 -0.036133
7.400 1 IMU_ACCEL 0.475586 -3.056641 -9.332031
7.497 1 ATTITUDE 0.229004 2.17749 -0.078369
7.503 1 DESIRED -0.8 0.2 4.2 -80. -45. 815. 2.
7.509 1 GPS 0 0 0 0 0 0 0 0 0 0 1
7.512 1 IMU_GYRO 0.185059 1.337646 -0.253174
7.515 1 BAT 0 0 0 0 1 16 16 0
7.532 1 NAVIGATION 0 1 0. 0. 8421.2 0. 0 0
7.597 1 ATTITUDE 0.202881 2.134033 0.067139
7.599 1 ESTIMATOR 0. 0.
7.601 1 DOWNLINK 1 823 625
7.697 1 ATTITUDE 0.255127 2.077393 0.104004
7.703 1 DESIRED -0.8 0.21 4.2 -80. -45. 815. 2.
7.706 1 WP_MOVED 4 506374.40625 3566337.75 805. 12
7.711 1 NAVIGATION 0 1 0. 0. 8421.2 0. 0 0
7.725 1 DOWNLINK_STATUS 11 9095 408 0 867. 40. 2.76
7.750 1 GPS 0 0 0 0 0 0 0 0 0 0 1
7.782 1 NAVIGATION 0 1 0. 0. 8421.2 0. 0 0
7.797 1 ATTITUDE 0.285156 2.0625 0.08667
7.897 1 ATTITUDE 0.246582 2.041748 0.090088
7.903 1 DESIRED -0.8 0.21 4.2 -80. -45. 815. 2.
7.905 1 DL_VALUE 11 1.
7.997 1 ATTITUDE 0.185303 2.007324 -0.007568
8.003 1 GPS 0 0 0 0 0 0 0 0 0 0 1
8.032 1 NAVIGATION 0 1 0. 0. 8421.2 0. 0 0
8.097 1 ATTITUDE 0.165039 2.062744 0.003418
8.103 1 DESIRED -0.8 0.17 4.2 -80. -45. 815. 2.
8.105 1 ESTIMATOR 0. 0.
8.108 1 IMU_GYRO 0.123291 0.832031 0.715088
8.197 1 ATTITUDE 0.166504 2.11084 -0.022705
8.200 1 WP_MOVED 5 506402.3125 3566363.25 820. 12
8.204 1 IMU_ACCEL -0.148438 -1.472656 -8.786133
8.207 1 IMU_MAG -0.492188 -0.647949 2.681641
8.250 1 GPS 0 0 0 0 0 0 0 0 0 0 1
8.284 1 NAVIGATION 0 1 0. 0. 8421.2 0. 0 0
8.297 1 ATTITUDE 0.161865 2.142334 -0.229492
8.303 1 DESIRED -0.8 0.17 4.2 -80. -45. 815. 2.
8.397 1 ATTITUDE 0.175293 2.152344 -0.320557
8.399 1 CALIBRATION -138. 0
8.497 1 ATTITUDE 0.169922 2.176514 -0.351807
8.503 1 DESIRED -0.8 0.17 4.2 -80. -45. 815. 2.
8.509 1 GPS 0 0 0 0 0 0 0 0 0 0 1
8.532 1 NAVIGATION 0 1 0. 0. 8421.2 0. 0 0
8.597 1 ATTITUDE 0.15332 2.203369 -0.42041
8.599 1 ESTIMATOR 0. 0.
8.603 1 BAT 0 0 0 0 1 17 17 0
8.697 1 ATTITUDE 0.149658 2.230713 -0.490723
8.703 1 DESIRED -0.8 0.17 4.2 -80. -45. 815. 2.
8.706 1 WP_MOVED 6 506374.40625 3566337.75 820. 12
8.709 1 IMU_GYRO 0.185059 -0.544678 0.047852
8.714 1 NAVIGATION 0 1 0. 0. 8421.2 0. 0 0
8.726 1 DOWNLINK_STATUS 12 9889 443 0 794. 35. 2.76
8.749 1 GPS 0 0 0 0 0 0 0 0 0 0 1
8.784 1 NAVIGATION 0 1 0. 0. 8421.2 0. 0 0
8.785 1 FBW_STATUS 2 0 1 0 0
8.797 1 ATTITUDE 0.166016 2.25708 -0.552979
8.897 1 ATTITUDE 0.164795 2.289551 -0.573486
8.903 1 DESIRED -0.8 0.17 4.2 -80. -45. 815. 2.
8.997 1 ATTITUDE 0.170166 2.312988 -0.587646
9.003 1 GPS 0 0 0 0 0 0 0 0 0 0 1
9.006 1 IMU_ACCEL -5.692383 -1.30957 -8.401367
9.032 1 NAVIGATION 0 1 0. 0. 8421.2 0. 0 0
9.097 1 ATTITUDE 0.172363 2.336914 -0.585693
9.103 1 DESIRED -0.8 0.18 4.2 -80. -45. 815. 2.
9.105 1 ESTIMATOR 0. 0.
9.197 1 ATTITUDE 0.173828 2.376465 -0.360352
9.200 1 WP_MOVED 7 506350.5 3566270.75 805. 12
9.249 1 GPS 0 0 0 0 0 0 0 0 0 0 1
9.282 1 NAVIGATION 0 1 0. 0. 8421.2 0. 0 0
9.297 1 ATTITUDE 0.167725 2.388916 -0.398438
9.303 1 DESIRED -0.8 0.17 4.2 -80. -45. 815. 2.
9.306 1 IMU_GYRO -0.365967 -2.054932 0.231934
9.397 1 ATTITUDE 0.157715 2.384277 -0.533447
9.399 1 DL_VALUE 0 0.
9.400 1 STATE_FILTER_STATUS 3 0
9.404 1 ENERGY 0. 0. 0 0.
9.497 1 ATTITUDE 0.181885 2.383789 -0.553467
9.503 1 DESIRED -0.8 0.18 4.2 -80. -45. 815. 2.
9.508 1 GPS 0 0 0 0 0 0 0 0 0 0 1
9.512 1 IMU_MAG 0.166504 -0.694336 2.439941
9.515 1 GPS_SOL 0 0 0 0
9.532 1 NAVIGATION 0 1 0. 0. 8421.2 0. 0 0
9.597 1 ATTITUDE 0.20166 2.386719 -0.560791
9.599 1 ESTIMATOR 0. 0.
9.697 1 ATTITUDE 0.212891 2.388916 -0.563477
9.703 1 DESIRED -0.8 0.19 4.2 -80. -45. 815. 2.
9.706 1 WP_MOVED 8 506254.8125 3566257.5 815. 12
9.711 1 NAVIGATION 0 1 0. 0. 8421.2 0. 0 0
9.714 1 BAT 0 0 0 0 1 18 18 0
9.726 1 DOWNLINK_STATUS 13 10714 480 0 825. 37. 2.76
9.749 1 GPS 0 0 0 0 0 0 0 0 0 0 1
9.782 1 NAVIGATION 0 1 0. 0. 8421.2 0. 0 0
9.797 1 ATTITUDE 0.216064 2.393066 -0.533936
9.800 1 IMU_ACCEL -4.904297 -1.842773 -8.610352
9.897 1 ATTITUDE 0.224121 2.411865 -0.435303
9.903 1 DESIRED -0.8 0.2 4.2 -80. -45. 815. 2.
9.906 1 IMU_GYRO 0.014893 0.029785 -0.003174
9.997 1 ATTITUDE 0.222168 2.409668 -0.46167
10.003 1 GPS 0 0 0 0 0 0 0 0 0 0 1
10.032 1 NAVIGATION 0 1 0. 0. 8421.2 0. 0 0
10.097 1 ATTITUDE 0.224609 2.410889 -0.463135
10.103 1 DESIRED -0.8 0.2 4.2 -80. -45. 815. 2.
10.105 1 ESTIMATOR 0. 0.
10.197 1 ATTITUDE 0.225342 2.411377 -0.462402
10.200 1 WP_MOVED 9 506213.8125 3566287.5 815. 12
10.249 1 GPS 0 0 0 0 0 0 0 0 0 0 1
10.283 1 NAVIGATION 0 1 0. 0. 8421.2 0. 0 0
10.297 1 ATTITUDE 0.225586 2.414062 -0.461426
10.303 1 DESIRED -0.8 0.2 4.2 -80. -45. 815. 2.
10.397 1 ATTITUDE 0.228516 2.41626 -0.44751
10.399 1 NAVIGATION_REF 506335 3566302 12
10.497 1 ATTITUDE 0.231201 2.425049 -0.396729
10.503 1 DESIRED -0.8 0.2 4.2 -80. -45. 815. 2.
10.508 1 GPS 0 0 0 0 0 0 0 0 0 0 1
10.512 1 IMU_GYRO 0.051025 0.531006 -0.032959
10.513 1 CALIBRATION -150. 0
10.532 1 NAVIGATION 0 1 0. 0. 8421.2 0. 0 0
10.597 1 ATTITUDE 0.231689 2.423828 -0.385742
10.599 1 ESTIMATOR 0. 0.
10.602 1 IMU_ACCEL -3.708008 -1.928711 -8.918945
10.697 1 ATTITUDE 0.232422 2.421143 -0.386963
10.703 1 DESIRED -0.8 0.2 4.2 -80. -45. 815. 2.
10.706 1 WP_MOVED 0 506377. 3566344. 757. 12
10.711 1 NAVIGATION 0 1 0. 0. 8421.2 0. 0 0
10.727 1 DOWNLINK_STATUS 14 11492 514 0 778. 34. 2.76
10.749 1 GPS 0 0 0 0 0 0 0 0 0 0 1
10.782 1 FBW_STATUS 2 0 1 0 0
10.784 1 NAVIGATION 0 1 0. 0. 8421.2 0. 0 0
10.797 1 ATTITUDE 0.231445 2.419434 -0.388672
10.800 1 BAT 0 0 0 0 1 20 20 0
10.803 1 IMU_MAG -0.048828 -0.633789 2.569336
10.880 1 COMMANDS 0,-6768,3378,0
10.897 1 ATTITUDE 0.225098 2.41626 -0.41626
10.903 1 DESIRED -0.8 0.2 4.2 -80. -45. 815. 2.
10.905 1 DL_VALUE 1 0.
10.980 1 ACTUATORS 1000,1201,1482,1500
10.997 1 ATTITUDE 0.226318 2.416504 -0.414307
11.002 1 GPS 0 0 0 0 0 0 0 0 0 0 1
11.032 1 NAVIGATION 0 1 0. 0. 8421.2 0. 0 0
11.097 1 ATTITUDE 0.227783 2.413574 -0.412354
11.103 1 DESIRED -0.8 0.2 4.2 -80. -45. 815. 2.
11.105 1 ESTIMATOR 0. 0.
11.108 1 IMU_GYRO -0.029785 -0.04248 -0.016846
11.197 1 ATTITUDE 0.226074 2.410156 -0.423096
11.200 1 WP_MOVED 1 506335. 3566302. 765. 12
11.249 1 GPS 0 0 0 0 0 0 0 0 0 0 1
11.283 1 NAVIGATION 0 1 0. 0. 8421.2 0. 0 0
11.297 1 ATTITUDE 0.224121 2.410156 -0.426025
11.303 1 DESIRED -0.8 0.2 4.2 -80. -45. 815. 2.
11.397 1 ATTITUDE 0.225342 2.412109 -0.42334
11.400 1 IMU_ACCEL -3.962891 -1.938477 -8.857422
11.497 1 ATTITUDE 0.223633 2.416992 -0.430908
11.503 1 DESIRED -0.8 0.2 4.2 -80. -45. 815. 2.
11.508 1 GPS 0 0 0 0 0 0 0 0 0 0 1
11.511 1 GPS_SOL 0 0 0 0
11.532 1 NAVIGATION 0 1 0. 0. 8421.2 0. 0 0
11.597 1 ATTITUDE 0.214844 2.426025 -0.476318
11.599 1 ESTIMATOR 0. 0.
11.601 1 STATE_FILTER_STATUS 3 0
11.697 1 ATTITUDE 0.196533 2.439453 -0.552979
11.703 1 DESIRED -0.8 0.19 4.2 -80. -45. 815. 2.
11.706 1 WP_MOVED 2 506254.8125 3566257.5 815. 12
11.709 1 IMU_GYRO -0.091309 -0.513916 0.253174
11.714 1 NAVIGATION 0 1 0. 0. 8421.2 0. 0 0
11.728 1 DOWNLINK_STATUS 15 12345 553 0 853. 39. 2.76
11.749 1 GPS 0 0 0 0 0 0 0 0 0 0 1
11.782 1 NAVIGATION 0 1 0. 0. 8421.2 0. 0 0
11.797 1 ATTITUDE 0.191895 2.453125 -0.584961
11.897 1 ATTITUDE 0.195557 2.459717 -0.61499
11.903 1 DESIRED -0.8 0.19 4.2 -80. -45. 815. 2.
11.906 1 BAT 0 0 0 0 1 21 21 0
11.910 1 ENERGY 0. 0. 0 0.
11.997 1 ATTITUDE 0.201416 2.458984 -0.644775
12.002 1 GPS 0 0 0 0 0 0 0 0 0 0 1
12.006 1 ALIVE 252,192,30,119,76,2,109,81,4,151,152,78,131,68,22,125
12.032 1 NAVIGATION 0 1 0. 0. 8421.2 0. 0 0
12.097 1 ATTITUDE 0.199707 2.463379 -0.671387
12.103 1 DESIRED -0.8 0.19 4.2 -80. -45. 815. 2.
12.105 1 ESTIMATOR 0. 0.
12.108 1 IMU_MAG 0.283691 -0.720215 2.327637
12.110 1 PPRZ_MODE 2 3 3 0 0 6
12.197 1 ATTITUDE 0.195068 2.469238 -0.695068
12.200 1 WP_MOVED 3 506350.5 3566257. 805. 12
12.203 1 IMU_ACCEL -6.4375 -1.189453 -7.522461
12.222 1 PONG 
12.249 1 GPS 0 0 0 0 0 0 0 0 0 0 1
12.281 1 NAVIGATION 0 1 0. 0. 8421.2 0. 0 0
12.297 1 ATTITUDE 0.193848 2.471436 -0.717285
12.303 1 DESIRED -0.8 0.18 4.2 -80. -45. 815. 2.
12.306 1 IMU_GYRO -0.008301 -0.230713 0.066895
12.397 1 ATTITUDE 0.195557 2.472168 -0.727783
12.399 1 DL_VALUE 2 815.
12.497 1 ATTITUDE 0.192871 2.479004 -0.735107
12.503 1 DESIRED -0.8 0.18 4.2 -80. -45. 815. 2.
12.508 1 GPS 0 0 0 0 0 0 0 0 0 0 1
12.531 1 NAVIGATION 0 1 0. 0. 8421.2 0. 0 0
12.597 1 ATTITUDE 0.196777 2.481445 -0.728271
12.598 1 WIND_INFO 1 42 0. 0. 0.
12.599 1 ESTIMATOR 0. 0.
12.601 1 CALIBRATION -150. 0
12.697 1 ATTITUDE 0.195557 2.486572 -0.716797
12.703 1 DESIRED -0.8 0.19 4.2 -80. -45. 815. 2.
12.706 1 WP_MOVED 4 506374.40625 3566337.75 805. 12
12.711 1 NAVIGATION 0 1 0. 0. 8421.2 0. 0 0
12.712 1 DOWNLINK 1 822 813
12.728 1 DOWNLINK_STATUS 16 13193 592 0 848. 39. 2.64
12.749 1 GPS 0 0 0 0 0 0 0 0 0 0 1
12.782 1 FBW_STATUS 2 0 1 0 0
12.784 1 NAVIGATION 0 1 0. 0. 8421.2 0. 0 0
12.797 1 ATTITUDE 0.194824 2.490723 -0.712891
12.897 1 ATTITUDE 0.191162 2.494385 -0.708496
12.903 1 DESIRED -0.8 0.18 4.2 -80. -45. 815. 2.
12.906 1 IMU_GYRO 0.006348 0.05835 -0.015869
12.997 1 ATTITUDE 0.190186 2.495605 -0.705322
13.002 1 GPS 0 0 0 0 0 0 0 0 0 0 1
13.005 1 IMU_ACCEL -6.139648 -1.28125 -7.46582
13.009 1 BAT 0 0 0 0 1 22 22 0
13.031 1 NAVIGATION 0 1 0. 0. 8421.2 0. 0 0
13.097 1 ATTITUDE 0.187744 2.500244 -0.706299
13.103 1 DESIRED -0.8 0.18 4.2 -80. -45. 815. 2.
13.105 1 ESTIMATOR 0. 0.
13.197 1 ATTITUDE 0.186768 2.504639 -0.703613
13.200 1 WP_MOVED 5 506402.3125 3566363.25 820. 12
13.249 1 GPS 0 0 0 0 0 0 0 0 0 0 1
13.281 1 NAVIGATION 0 1 0. 0. 8421.2 0. 0 0
13.297 1 ATTITUDE 0.187256 2.505371 -0.701416
13.302 1 DESIRED -0.8 0.18 4.2 -80. -45. 815. 2.
13.397 1 ATTITUDE 0.179688 2.516113 -0.698486
13.400 1 IMU_MAG 0.369629 -0.723145 1.910645
13.497 1 ATTITUDE 0.190674 2.490479 -0.695068
13.503 1 DESIRED -0.8 0.18 4.2 -80. -45. 815. 2.
13.508 1 GPS 0 0 0 0 0 0 0 0 0 0 1
13.511 1 IMU_GYRO 0.023193 0.103027 -0.145752
13.514 1 GPS_SOL 0 0 0 0
13.531 1 NAVIGATION 0 1 0. 0. 8421.2 0. 0 0
13.597 1 ATTITUDE 0.192139 2.489502 -0.69751
13.599 1 ESTIMATOR 0. 0.
13.697 1 ATTITUDE 0.185303 2.498535 -0.718994
13.702 1 DESIRED -0.8 0.18 4.2 -80. -45. 815. 2.
13.706 1 WP_MOVED 6 506374.40625 3566337.75 820. 12
13.710 1 NAVIGATION 0 1 0. 0. 8421.2 0. 0 0
13.729 1 DOWNLINK_STATUS 17 13996 627 0 803. 35. 2.64
13.749 1 GPS 0 0 0 0 0 0 0 0 0 0 1
13.783 1 NAVIGATION 0 1 0. 0. 8421.2 0. 0 0
13.797 1 ATTITUDE 0.180908 2.512939 -0.709473
13.800 1 IMU_ACCEL -6.245117 -0.955078 -7.451172
13.801 1 STATE_FILTER_STATUS 3 0
13.897 1 ATTITUDE 0.168457 2.54248 -0.69458
13.902 1 DESIRED -0.8 0.17 4.2 -80. -45. 815. 2.
13.904 1 DL_VALUE 3 0.
13.997 1 ATTITUDE 0.153076 2.578613 -0.691406
14.002 1 GPS 0 0 0 0 0 0 0 0 0 0 1
14.031 1 NAVIGATION 0 1 0. 0. 8421.2 0. 0 0
14.097 1 ATTITUDE 0.135498 2.598877 -0.668945
14.102 1 DESIRED -0.8 0.16 4.2 -80. -45. 815. 2.
14.105 1 ESTIMATOR 0. 0.
14.108 1 IMU_GYRO 0.044678 0.246826 0.010498
14.111 1 BAT 0 0 0 0 1 23 23 0
14.197 1 ATTITUDE 0.138672 2.591553 -0.656982
14.200 1 WP_MOVED 7 506350.5 3566270.75 805. 12
14.249 1 GPS 0 0 0 0 0 0 0 0 0 0 1
14.283 1 NAVIGATION 0 1 0. 0. 8421.2 0. 0 0
14.297 1 ATTITUDE 0.133789 2.593506 -0.641846
14.302 1 DESIRED -0.8 0.16 4.2 -80. -45. 815. 2.
14.397 1 ATTITUDE 0.131592 2.607666 -0.648193
14.400 1 ENERGY 0. 0. 0 0.
14.497 1 ATTITUDE 0.130615 2.609375 -0.644531
14.502 1 DESIRED -0.8 0.16 4.2 -80. -45. 815. 2.
14.508 1 GPS 0 0 0 0 0 0 0 0 0 0 1
14.531 1 NAVIGATION 0 1 0. 0. 8421.2 0. 0 0
14.597 1 ATTITUDE 0.132324 2.609131 -0.635986
14.599 1 ESTIMATOR 0. 0.
14.602 1 IMU_ACCEL -5.399414 -0.978516 -8.097656
14.696 1 ATTITUDE 0.104004 2.615479 -0.631104
14.702 1 DESIRED -0.8 0.15 4.2 -80. -45. 815. 2.
14.706 1 WP_MOVED 8 506254.8125 3566257.5 815. 12
14.709 1 IMU_GYRO -0.304199 -0.182861 0.147705
14.713 1 NAVIGATION 0 1 0. 0. 8421.2 0. 0 0
14.715 1 CALIBRATION -150. 0
14.729 1 DOWNLINK_STATUS 18 14819 664 0 823. 37. 2.64
14.749 1 GPS 0 0 0 0 0 0 0 0 0 0 1
14.781 1 NAVIGATION 0 1 0. 0. 8421.2 0. 0 0
14.784 1 FBW_STATUS 2 0 1 0 0
14.797 1 ATTITUDE 0.056885 2.617432 -0.638916
14.897 1 ATTITUDE 0.027832 2.636963 -0.640381
14.902 1 DESIRED -0.8 0.11 4.2 -80. -45. 815. 2.
14.996 1 ATTITUDE 0.022949 2.661133 -0.629395
15.002 1 GPS 0 0 0 0 0 0 0 0 0 0 1
15.031 1 NAVIGATION 0 1 0. 0. 8421.2 0. 0 0
15.096 1 ATTITUDE -0.005615 2.654053 -0.5979
15.102 1 DESIRED -0.8 0.1 4.2 -80. -45. 815. 2.
15.105 1 ESTIMATOR 0. 0.
15.196 1 ATTITUDE -0.020996 2.648438 -0.577148
15.200 1 WP_MOVED 9 506213.8125 3566287.5 815. 12
15.203 1 BAT 0 0 0 0 1 24 24 0
15.249 1 GPS 0 0 0 0 0 0 0 0 0 0 1
15.281 1 NAVIGATION 0 1 0. 0. 8421.2 0. 0 0
15.296 1 ATTITUDE -0.03125 2.666748 -0.575928
15.302 1 DESIRED -0.8 0.11 4.2 -80. -45. 815. 2.
15.306 1 IMU_GYRO 0.023193 -0.159424 0.377686
15.396 1 ATTITUDE 0.001709 2.639404 -0.573486
15.400 1 IMU_ACCEL -3.37207 0.604492 -7.750977
15.402 1 DL_VALUE 4 0.
15.496 1 ATTITUDE -0.028076 2.68042 -0.610107
15.502 1 DESIRED -0.8 0.11 4.2 -80. -45. 815. 2.
15.508 1 GPS 0 0 0 0 0 0 0 0 0 0 1
15.511 1 GPS_SOL 0 0 0 0
15.531 1 NAVIGATION 0 1 0. 0. 8421.2 0. 0 0
15.596 1 ATTITUDE -0.069092 2.73584 -0.606201
15.599 1 ESTIMATOR 0. 0.
15.696 1 ATTITUDE -0.053223 2.65918 -0.549316
15.702 1 DESIRED -0.8 0.12 4.2 -80. -45. 815. 2.
15.706 1 WP_MOVED 0 506377. 3566344. 757. 12
15.710 1 NAVIGATION 0 1 0. 0. 8421.2 0. 0 0
15.730 1 DOWNLINK_STATUS 19 15597 698 0 778. 34. 2.64
15.749 1 GPS 0 0 0 0 0 0 0 0 0 0 1
15.781 1 NAVIGATION 0 1 0. 0. 8421.2 0. 0 0
15.796 1 ATTITUDE -0.061035 2.643799 -0.505615
15.879 1 COMMANDS 0,-4902,3293,0
15.896 1 ATTITUDE -0.057861 2.608887 -0.469727
15.902 1 DESIRED -0.8 0.13 4.2 -80. -45. 815. 2.
15.905 1 IMU_GYRO -0.197754 0.298828 0.122314
15.979 1 ACTUATORS 1000,1259,1520,1500
15.996 1 ATTITUDE -0.105225 2.655273 -0.418701
16.002 1 GPS 0 0 0 0 0 0 0 0 0 0 1
16.005 1 IMU_MAG -0.171387 -1.192383 2.428711
16.007 1 STATE_FILTER_STATUS 3 0
16.031 1 NAVIGATION 0 1 0. 0. 8421.2 0. 0 0
16.096 1 ATTITUDE -0.140381 2.642334 -0.379395
16.102 1 DESIRED -0.8 0.16 4.2 -80. -45. 815. 2.
16.105 1 ESTIMATOR 0. 0.
16.196 1 ATTITUDE -0.156738 2.642334 -0.358887
16.200 1 WP_MOVED 1 506335. 3566302. 765. 12
16.203 1 IMU_ACCEL -3.208984 1.698242 -9.389648
16.249 1 GPS 0 0 0 0 0 0 0 0 0 0 1
16.281 1 NAVIGATION 0 1 0. 0. 8421.2 0. 0 0
16.296 1 ATTITUDE -0.164307 2.665039 -0.38208
16.302 1 DESIRED -0.8 0.17 4.2 -80. -45. 815. 2.
16.306 1 BAT 0 0 0 0 1 25 25 0
16.396 1 ATTITUDE -0.210449 2.692383 -0.414062
16.496 1 ATTITUDE -0.191406 2.687988 -0.425293
16.502 1 DESIRED -0.8 0.18 4.2 -80. -45. 815. 2.
16.508 1 GPS 0 0 0 0 0 0 0 0 0 0 1
16.511 1 IMU_GYRO 0.508545 -0.244629 -0.45752
16.531 1 NAVIGATION 0 1 0. 0. 8421.2 0. 0 0
16.596 1 ATTITUDE -0.135742 2.662598 -0.474854
16.599 1 ESTIMATOR 0. 0.
16.696 1 ATTITUDE -0.046143 2.612793 -0.418457
16.702 1 DESIRED -0.8 0.12 4.2 -80. -45. 815. 2.
16.706 1 WP_MOVED 2 506254.8125 3566257.5 815. 12
16.710 1 NAVIGATION 0 1 0. 0. 8421.2 0. 0 0
16.730 1 DOWNLINK_STATUS 20 16408 734 0 811. 36. 2.64
16.749 1 GPS 0 0 0 0 0 0 0 0 0 0 1
16.780 1 FBW_STATUS 2 0 1 0 0
16.785 1 NAVIGATION 0 1 0. 0. 8421.2 0. 0 0
16.796 1 ATTITUDE -0.02832 2.59375 -0.423096
16.798 1 CALIBRATION -150. 0
16.896 1 ATTITUDE 0.032471 2.560791 -0.400146
16.902 1 DESIRED -0.8 0.11 4.2 -80. -45. 815. 2.
16.904 1 DL_VALUE 5 0.
16.908 1 ENERGY 0. 0. 0 0.
16.996 1 ATTITUDE 0.083252 2.546143 -0.233398
17.002 1 GPS 0 0 0 0 0 0 0 0 0 0 1
17.005 1 IMU_ACCEL -1.705078 -0.96875 -10.975586
17.009 1 ALIVE 252,192,30,119,76,2,109,81,4,151,152,78,131,68,22,125
17.031 1 NAVIGATION 0 1 0. 0. 8421.2 0. 0 0
17.096 1 ATTITUDE 0.098633 2.552979 0.103027
17.102 1 DESIRED -0.8 0.14 4.2 -80. -45. 815. 2.
17.105 1 ESTIMATOR 0. 0.
17.108 1 IMU_GYRO 0.189209 2.553955 -0.171143
17.110 1 PPRZ_MODE 2 3 3 0 0 6
17.196 1 ATTITUDE 0.130615 2.511963 0.346924
17.200 1 WP_MOVED 3 506350.5 3566257. 805. 12
17.223 1 PONG 
17.249 1 GPS 0 0 0 0 0 0 0 0 0 0 1
17.281 1 NAVIGATION 0 1 0. 0. 8421.2 0. 0 0
17.299 1 ATTITUDE 0.149414 2.445801 0.469727
17.302 1 DESIRED -0.8 0.17 4.2 -80. -45. 815. 2.
17.305 1 IMU_MAG -1.435059 -0.685547 2.457031
17.396 1 ATTITUDE 0.102783 2.345703 -0.024902
17.400 1 BAT 0 0 0 0 1 26 26 0
17.496 1 ATTITUDE 0.070312 2.359131 -0.44873
17.502 1 DESIRED -0.8 0.13 4.2 -80. -45. 815. 2.
17.508 1 GPS 0 0 0 0 0 0 0 0 0 0 1
17.511 1 GPS_SOL 0 0 0 0
17.531 1 NAVIGATION 0 1 0. 0. 8421.2 0. 0 0
17.596 1 ATTITUDE 0.03833 2.414551 -0.671143
17.599 1 ESTIMATOR 0. 0.
17.696 1 ATTITUDE 0.033936 2.453369 -0.662842
17.702 1 DESIRED -0.8 0.11 4.2 -80. -45. 815. 2.
17.706 1 WP_MOVED 4 506374.40625 3566337.75 805. 12
17.709 1 IMU_GYRO 0.585205 6.322266 -0.289307
17.713 1 NAVIGATION 0 1 0. 0. 8421.2 0. 0 0
17.731 1 DOWNLINK_STATUS 21 17294 775 0 886. 41. 2.84
17.749 1 GPS 0 0 0 0 0 0 0 0 0 0 1
17.781 1 NAVIGATION 0 1 0. 0. 8421.2 0. 0 0
17.796 1 ATTITUDE 0.084961 2.479004 -0.087646
17.799 1 IMU_ACCEL 0.172852 -0.700195 -10.333984
17.801 1 DOWNLINK 2 824 1001
17.896 1 ATTITUDE 0.114746 2.477539 0.23291
17.902 1 DESIRED -0.8 0.15 4.2 -80. -45. 815. 2.
17.996 1 ATTITUDE 0.113037 2.447998 0.25293
18.002 1 GPS 0 0 0 0 0 0 0 0 0 0 1
18.031 1 NAVIGATION 0 1 0. 0. 8421.2 0. 0 0
18.096 1 ATTITUDE 0.058594 2.414062 -0.355957
18.102 1 DESIRED -0.8 0.13 4.2 -80. -45. 815. 2.
18.105 1 ESTIMATOR 0. 0.
18.196 1 ATTITUDE 0.023193 2.452148 -0.593506
18.200 1 WP_MOVED 5 506402.3125 3566363.25 820. 12
18.201 1 STATE_FILTER_STATUS 3 0
18.249 1 GPS 0 0 0 0 0 0 0 0 0 0 1
18.281 1 NAVIGATION 0 1 0. 0. 8421.2 0. 0 0
18.296 1 ATTITUDE 0.0271 2.480469 -0.413086
18.303 1 DESIRED -0.8 0.11 4.2 -80. -45. 815. 2.
18.305 1 IMU_GYRO 0.436279 6.240479 -0.289307
18.396 1 ATTITUDE 0.072998 2.479004 0.086914
18.398 1 DL_VALUE 6 100.
18.496 1 ATTITUDE 0.062256 2.451416 0.033936
18.502 1 DESIRED -0.8 0.13 4.2 -80. -45. 815. 2.
18.508 1 GPS 0 0 0 0 0 0 0 0 0 0 1
18.511 1 BAT 0 0 0 0 1 27 27 0
18.531 1 NAVIGATION 0 1 0. 0. 8421.2 0. 0 0
18.596 1 ATTITUDE 0.057617 2.449219 -0.149414
18.599 1 ESTIMATOR 0. 0.
18.602 1 IMU_ACCEL -0.811523 -0.455078 -11.3125
18.605 1 IMU_MAG -0.550781 -0.810059 2.638672
18.696 1 ATTITUDE -0.090576 2.459961 -0.093262
18.702 1 DESIRED -0.8 0.14 4.2 -80. -45. 815. 2.
18.706 1 WP_MOVED 6 506374.40625 3566337.75 820. 12
18.710 1 NAVIGATION 0 1 0. 0. 8421.2 0. 0 0
18.732 1 DOWNLINK_STATUS 22 18097 811 0 803. 36. 2.84
18.749 1 GPS 0 0 0 0 0 0 0 0 0 0 1
18.779 1 FBW_STATUS 2 0 1 0 0
18.783 1 NAVIGATION 0 1 0. 0. 8421.2 0. 0 0
18.796 1 ATTITUDE -0.217773 2.440186 -0.009277
18.896 1 ATTITUDE -0.152832 2.432617 -0.040527
18.902 1 DESIRED -0.8 0.17 4.2 -80. -45. 815. 2.
18.905 1 IMU_GYRO 1.955811 -1.525879 -0.260498
18.907 1 CALIBRATION -150. 0
18.996 1 ATTITUDE 0.055908 2.445557 -0.241211
19.002 1 GPS 0 0 0 0 0 0 0 0 0 0 1
19.031 1 NAVIGATION 0 1 0. 0. 8421.2 0. 0 0
19.096 1 ATTITUDE 0.169922 2.430664 -0.407959
19.102 1 DESIRED -0.8 0.17 4.2 -80. -45. 815. 2.
19.105 1 ESTIMATOR 0. 0.
19.196 1 ATTITUDE 0.16626 2.452393 -0.387451
19.200 1 WP_MOVED 7 506350.5 3566270.75 805. 12
19.249 1 GPS 0 0 0 0 0 0 0 0 0 0 1
19.284 1 NAVIGATION 0 1 0. 0. 8421.2 0. 0 0
19.296 1 ATTITUDE 0.093018 2.478516 -0.47583
19.302 1 DESIRED -0.8 0.14 4.2 -80. -45. 815. 2.
19.396 1 ATTITUDE 0.042969 2.515625 -0.549316
19.399 1 IMU_ACCEL -4.871094 -0.301758 -8.837891
19.403 1 ENERGY 0. 0. 0 0.
19.405 1 NAVIGATION_REF 506335 3566302 12
19.496 1 ATTITUDE 0.00293 2.560303 -0.333252
19.502 1 DESIRED -0.8 0.1 4.2 -80. -45. 815. 2.
19.508 1 GPS 0 0 0 0 0 0 0 0 0 0 1
19.511 1 IMU_GYRO -0.617188 2.452881 0.286133
19.514 1 GPS_SOL 0 0 0 0
19.531 1 NAVIGATION 0 1 0. 0. 8421.2 0. 0 0
19.596 1 ATTITUDE -0.077148 2.585693 -0.140381
19.599 1 ESTIMATOR 0. 0.
19.602 1 BAT 0 0 0 0 1 28 28 0
19.696 1 ATTITUDE -0.126709 2.585205 -0.059814
19.702 1 DESIRED -0.8 0.16 4.2 -80. -45. 815. 2.
19.706 1 WP_MOVED 8 506254.8125 3566257.5 815. 12
19.710 1 NAVIGATION 0 1 0. 0. 8421.2 0. 0 0
19.733 1 DOWNLINK_STATUS 23 18928 848 0 831. 37. 2.84
19.749 1 GPS 0 0 0 0 0 0 0 0 0 0 1
19.781 1 NAVIGATION 0 1 0. 0. 8421.2 0. 0 0
19.800 1 ATTITUDE -0.114502 2.578857 -0.098389
19.896 1 ATTITUDE -0.056152 2.577881 -0.285645
19.902 1 DESIRED -0.8 0.12 4.2 -80. -45. 815. 2.
19.905 1 IMU_MAG -0.286133 -1.012695 2.529297
19.907 1 DL_VALUE 7 2.
19.996 1 ATTITUDE -0.025146 2.577148 -0.279541
20.002 1 GPS 0 0 0 0 0 0 0 0 0 0 1
20.031 1 NAVIGATION 0 1 0. 0. 8421.2 0. 0 0
20.096 1 ATTITUDE 0.015869 2.583984 -0.173096
20.102 1 DESIRED -0.8 0.11 4.2 -80. -45. 815. 2.
20.105 1 ESTIMATOR 0. 0.
20.108 1 IMU_GYRO 0.229736 -0.088135 0.005127
20.196 1 ATTITUDE 0.050537 2.557617 -0.11499
20.200 1 WP_MOVED 9 506213.8125 3566287.5 815. 12
20.203 1 IMU_ACCEL -0.878906 -0.489258 -9.507812
20.249 1 GPS 0 0 0 0 0 0 0 0 0 0 1
20.281 1 NAVIGATION 0 1 0. 0. 8421.2 0. 0 0
20.296 1 ATTITUDE 0.096191 2.503906 -0.143066
20.302 1 DESIRED -0.8 0.14 4.2 -80. -45. 815. 2.
20.396 1 ATTITUDE 0.128418 2.380859 -0.164795
20.398 1 STATE_FILTER_STATUS 3 0
20.496 1 ATTITUDE 0.132324 2.290283 -0.091797
20.502 1 DESIRED -0.8 0.16 4.2 -80. -45. 815. 2.
20.508 1 GPS 0 0 0 0 0 0 0 0 0 0 1
20.531 1 NAVIGATION 0 1 0. 0. 8421.2 0. 0 0
20.596 1 ATTITUDE 0.128174 2.320801 -0.10498
20.599 1 ESTIMATOR 0. 0.
20.696 1 ATTITUDE 0.097412 2.458008 -0.197998
20.702 1 DESIRED -0.8 0.14 4.2 -80. -45. 815. 2.
20.706 1 WP_MOVED 0 506377. 3566344. 757. 12
20.709 1 IMU_GYRO -0.051025 -0.481934 1.271729
20.713 1 NAVIGATION 0 1 0. 0. 8421.2 0. 0 0
20.734 1 DOWNLINK_STATUS 24 19700 882 0 772. 34. 2.84
20.749 1 GPS 0 0 0 0 0 0 0 0 0 0 1
20.779 1 FBW_STATUS 2 0 1 0 0
20.785 1 NAVIGATION 0 1 0. 0. 8421.2 0. 0 0
20.796 1 ATTITUDE 0.084717 2.533203 -0.196045
20.879 1 COMMANDS 0,-5900,2271,0
20.896 1 ATTITUDE 0.10083 2.532715 -0.337402
20.902 1 DESIRED -0.8 0.14 4.2 -80. -45. 815. 2.
20.979 1 ACTUATORS 1000,1203,1519,1500
20.996 1 ATTITUDE 0.091064 2.524658 -0.621338
21.002 1 GPS 0 0 0 0 0 0 0 0 0 0 1
21.005 1 IMU_ACCEL -5.611328 -0.494141 -8.016602
21.007 1 CALIBRATION -150. 0
21.031 1 NAVIGATION 0 1 0. 0. 8421.2 0. 0 0
21.096 1 ATTITUDE 0.070068 2.547852 -0.828125
21.102 1 DESIRED -0.8 0.13 4.2 -80. -45. 815. 2.
21.104 1 ESTIMATOR 0. 0.
21.196 1 ATTITUDE 0.125977 2.574951 -0.288818
21.200 1 WP_MOVED 1 506335. 3566302. 765. 12
21.203 1 IMU_MAG -0.254395 -0.647949 2.411133
21.249 1 GPS 0 0 0 0 0 0 0 0 0 0 1
21.281 1 NAVIGATION 0 1 0. 0. 8421.2 0. 0 0
21.296 1 ATTITUDE 0.193848 2.57251 0.186035
21.302 1 DESIRED -0.8 0.18 4.2 -80. -45. 815. 2.
21.305 1 IMU_GYRO 0.655518 3.821533 -0.466064
21.396 1 ATTITUDE 0.224365 2.539795 0.361572
21.398 1 DL_VALUE 8 0.
21.496 1 ATTITUDE 0.168213 2.446289 -0.059326
21.502 1 DESIRED -0.8 0.18 4.2 -80. -45. 815. 2.
21.508 1 GPS 0 0 0 0 0 0 0 0 0 0 1
21.511 1 GPS_SOL 0 0 0 0
21.531 1 NAVIGATION 0 1 0. 0. 8421.2 0. 0 0
21.596 1 ATTITUDE 0.136963 2.430176 -0.500488
21.598 1 ESTIMATOR 0. 0.
21.696 1 ATTITUDE 0.150635 2.451904 -0.598145
21.702 1 DESIRED -0.8 0.17 4.2 -80. -45. 815. 2.
21.705 1 WP_MOVED 2 506254.8125 3566257.5 815. 12
21.710 1 NAVIGATION 0 1 0. 0. 8421.2 0. 0 0
21.735 1 DOWNLINK_STATUS 25 20517 919 0 817. 37. 2.84
21.749 1 GPS 0 0 0 0 0 0 0 0 0 0 1
21.785 1 NAVIGATION 0 1 0. 0. 8421.2 0. 0 0
21.797 1 ATTITUDE 0.182861 2.505615 -0.13916
21.799 1 IMU_ACCEL -0.541992 -1.842773 -9.854492
21.803 1 BAT 0 0 0 0 1 31 31 0
21.896 1 ATTITUDE 0.219238 2.529785 0.246826
21.902 1 DESIRED -0.8 0.2 4.2 -80. -45. 815. 2.
21.905 1 IMU_GYRO 0.02124 1.405762 -0.145752
21.909 1 ENERGY 0. 0. 0 0.
21.996 1 ATTITUDE 0.192871 2.464111 0.102051
22.002 1 GPS 0 0 0 0 0 0 0 0 0 0 1
22.006 1 ALIVE 252,192,30,119,76,2,109,81,4,151,152,78,131,68,22,125
22.031 1 NAVIGATION 0 1 0. 0. 8421.2 0. 0 0
22.096 1 ATTITUDE 0.157959 2.405273 -0.4104
22.102 1 DESIRED -0.8 0.17 4.2 -80. -45. 815. 2.
22.104 1 ESTIMATOR 0. 0.
22.106 1 PPRZ_MODE 2 3 3 0 0 6
22.196 1 ATTITUDE 0.157471 2.419189 -0.46167
22.199 1 WP_MOVED 3 506350.5 3566257. 805. 12
22.224 1 PONG 
22.249 1 GPS 0 0 0 0 0 0 0 0 0 0 1
22.281 1 NAVIGATION 0 1 0. 0. 8421.2 0. 0 0
22.297 1 ATTITUDE 0.177979 2.476562 -0.118164
22.302 1 DESIRED -0.8 0.18 4.2 -80. -45. 815. 2.
22.396 1 ATTITUDE 0.208984 2.511963 0.247803
22.496 1 ATTITUDE 0.178711 2.437744 0.087646
22.502 1 DESIRED -0.8 0.18 4.2 -80. -45. 815. 2.
22.508 1 GPS 0 0 0 0 0 0 0 0 0 0 1
22.511 1 IMU_GYRO -0.455322 -5.461426 0.310547
22.514 1 IMU_MAG -0.805664 -0.596191 2.693359
22.531 1 NAVIGATION 0 1 0. 0. 8421.2 0. 0 0
22.596 1 ATTITUDE 0.150879 2.389893 -0.413574
22.598 1 ESTIMATOR 0. 0.
22.599 1 WIND_INFO 1 42 0. 0. 0.
22.602 1 IMU_ACCEL -3.857422 -1.401367 -8.767578
22.603 1 STATE_FILTER_STATUS 3 0
22.696 1 ATTITUDE 0.157715 2.404541 -0.541992
22.702 1 DESIRED -0.8 0.17 4.2 -80. -45. 815. 2.
22.705 1 WP_MOVED 4 506374.40625 3566337.75 805. 12
22.710 1 NAVIGATION 0 1 0. 0. 8421.2 0. 0 0
22.736 1 DOWNLINK_STATUS 26 21377 958 0 860. 39. 2.66
22.749 1 GPS 0 0 0 0 0 0 0 0 0 0 1
22.779 1 FBW_STATUS 2 0 1 0 0
22.783 1 NAVIGATION 0 1 0. 0. 8421.2 0. 0 0
22.796 1 ATTITUDE 0.165039 2.469971 -0.233643
22.896 1 ATTITUDE 0.204102 2.513672 0.189697
22.902 1 DESIRED -0.8 0.19 4.2 -80. -45. 815. 2.
22.905 1 BAT 0 0 0 0 1 32 32 0
22.907 1 DL_VALUE 9 1.
22.909 1 DOWNLINK 3 816 1188
22.996 1 ATTITUDE 0.207275 2.478027 0.208496
23.002 1 GPS 0 0 0 0 0 0 0 0 0 0 1
23.031 1 NAVIGATION 0 1 0. 0. 8421.2 0. 0 0
23.096 1 ATTITUDE 0.175537 2.397705 -0.34082
23.102 1 DESIRED -0.8 0.18 4.2 -80. -45. 815. 2.
23.104 1 ESTIMATOR 0. 0.
23.107 1 IMU_GYRO -0.114746 -3.585205 0.29248
23.109 1 CALIBRATION -150. 0
23.196 1 ATTITUDE 0.184326 2.397705 -0.541748
23.199 1 WP_MOVED 5 506402.3125 3566363.25 820. 12
23.249 1 GPS 0 0 0 0 0 0 0 0 0 0 1
23.281 1 NAVIGATION 0 1 0. 0. 8421.2 0. 0 0
23.296 1 ATTITUDE 0.177979 2.440186 -0.502197
23.302 1 DESIRED -0.8 0.18 4.2 -80. -45. 815. 2.
23.396 1 ATTITUDE 0.194824 2.528809 0.030273
23.399 1 IMU_ACCEL 0.916992 -1.549805 -9.764648
23.496 1 ATTITUDE 0.21875 2.547363 0.340332
23.502 1 DESIRED -0.8 0.2 4.2 -80. -45. 815. 2.
23.508 1 GPS 0 0 0 0 0 0 0 0 0 0 1
23.511 1 GPS_SOL 0 0 0 0
23.531 1 NAVIGATION 0 1 0. 0. 8421.2 0. 0 0
23.596 1 ATTITUDE 0.179443 2.457275 0.067871
23.598 1 ESTIMATOR 0. 0.
23.696 1 ATTITUDE 0.147705 2.394775 -0.438721
23.702 1 DESIRED -0.8 0.16 4.2 -80. -45. 815. 2.
23.705 1 WP_MOVED 6 506374.40625 3566337.75 820. 12
23.708 1 IMU_GYRO -0.091309 -2.375244 0.205322
23.713 1 NAVIGATION 0 1 0. 0. 8421.2 0. 0 0
23.737 1 DOWNLINK_STATUS 27 22195 995 0 818. 37. 2.66
23.749 1 GPS 0 0 0 0 0 0 0 0 0 0 1
23.781 1 NAVIGATION 0 1 0. 0. 8421.2 0. 0 0
23.796 1 ATTITUDE 0.154541 2.410156 -0.584961
23.800 1 IMU_MAG 0.117188 -0.682617 2.46875
23.896 1 ATTITUDE 0.159668 2.432617 -0.666748
23.902 1 DESIRED -0.8 0.17 4.2 -80. -45. 815. 2.
23.996 1 ATTITUDE 0.161865 2.457031 -0.810059
24.002 1 GPS 0 0 0 0 0 0 0 0 0 0 1
24.005 1 BAT 0 0 0 0 1 33 33 0
24.031 1 NAVIGATION 0 1 0. 0. 8421.2 0. 0 0
24.096 1 ATTITUDE 0.133545 2.501953 -1.002441
24.102 1 DESIRED -0.8 0.16 4.2 -80. -45. 815. 2.
24.104 1 ESTIMATOR 0. 0.
24.196 1 ATTITUDE 0.136475 2.517822 -1.042236
24.199 1 WP_MOVED 7 506350.5 3566270.75 805. 12
24.203 1 IMU_ACCEL -8.06543 -0.695312 -5.40918
24.249 1 GPS 0 0 0 0 0 0 0 0 0 0 1
24.281 1 NAVIGATION 0 1 0. 0. 8421.2 0. 0 0
24.296 1 ATTITUDE 0.157959 2.509033 -0.975342
24.302 1 DESIRED -0.8 0.17 4.2 -80. -45. 815. 2.
24.305 1 IMU_GYRO 0.121094 3.087158 -0.365967
24.396 1 ATTITUDE 0.151367 2.558838 -0.53418
24.398 1 DL_VALUE 10 0.
24.401 1 ENERGY 0. 0. 0 0.
24.496 1 ATTITUDE 0.166748 2.567383 -0.271484
24.502 1 DESIRED -0.8 0.17 4.2 -80. -45. 815. 2.
24.508 1 GPS 0 0 0 0 0 0 0 0 0 0 1
24.531 1 NAVIGATION 0 1 0. 0. 8421.2 0. 0 0
24.596 1 ATTITUDE 0.185303 2.5625 -0.107666
24.598 1 ESTIMATOR 0. 0.
24.696 1 ATTITUDE 0.193848 2.558105 0.085693
24.702 1 DESIRED -0.8 0.18 4.2 -80. -45. 815. 2.
24.705 1 WP_MOVED 8 506254.8125 3566257.5 815. 12
24.710 1 NAVIGATION 0 1 0. 0. 8421.2 0. 0 0
24.739 1 DOWNLINK_STATUS 28 22980 1029 0 785. 34. 2.66
24.748 1 GPS 0 0 0 0 0 0 0 0 0 0 1
24.781 1 NAVIGATION 0 1 0. 0. 8421.2 0. 0 0
24.785 1 FBW_STATUS 2 0 1 0 0
24.796 1 ATTITUDE 0.212402 2.556396 0.322021
24.797 1 STATE_FILTER_STATUS 3 0
24.896 1 ATTITUDE 0.239014 2.538818 0.498779
24.902 1 DESIRED -0.8 0.2 4.2 -80. -45. 815. 2.
24.905 1 IMU_GYRO 0.148926 1.658936 -0.07959
24.996 1 ATTITUDE 0.27002 2.512207 0.64209
25.002 1 GPS 0 0 0 0 0 0 0 0 0 0 1
25.005 1 IMU_ACCEL 6.273438 -2.043945 -7.318359
25.031 1 NAVIGATION 0 1 0. 0. 8421.2 0. 0 0
25.096 1 ATTITUDE 0.321777 2.498047 0.781494
25.102 1 DESIRED -0.8 0.24 4.2 -80. -45. 815. 2.
25.104 1 ESTIMATOR 0. 0.
25.108 1 BAT 0 0 0 0 1 34 34 0
25.111 1 IMU_MAG -1.963867 -0.494629 2.077637
25.196 1 ATTITUDE 0.39502 2.498535 0.891602
25.199 1 WP_MOVED 9 506213.8125 3566287.5 815. 12
25.201 1 CALIBRATION -150. 0
25.248 1 GPS 0 0 0 0 0 0 0 0 0 0 1
25.281 1 NAVIGATION 0 1 0. 0. 8421.2 0. 0 0
25.296 1 ATTITUDE 0.44873 2.481201 0.993164
25.302 1 DESIRED -0.8 0.3 4.2 -80. -45. 815. 2.
25.396 1 ATTITUDE 0.479736 2.429932 1.049072
25.496 1 ATTITUDE 0.337402 2.196777 0.869141
25.502 1 DESIRED -0.8 0.25 4.2 -80. -45. 815. 2.
25.507 1 GPS 0 0 0 0 0 0 0 0 0 0 1
25.511 1 IMU_GYRO -0.61084 -7.097168 -0.001953
25.514 1 GPS_SOL 0 0 0 0
25.531 1 NAVIGATION 0 1 0. 0. 8421.2 0. 0 0
25.596 1 ATTITUDE 0.175537 2.003174 0.240479
25.598 1 ESTIMATOR 0. 0.
25.696 1 ATTITUDE 0.13501 2.006348 -0.088135
25.702 1 DESIRED -0.8 0.16 4.2 -80. -45. 815. 2.
25.705 1 WP_MOVED 0 506377. 3566344. 757. 12
25.710 1 NAVIGATION 0 1 0. 0. 8421.2 0. 0 0
25.740 1 DOWNLINK_STATUS 29 23803 1066 0 823. 37. 2.66
25.748 1 GPS 0 0 0 0 0 0 0 0 0 0 1
25.782 1 NAVIGATION 0 1 0. 0. 8421.2 0. 0 0
25.796 1 ATTITUDE 0.117676 2.050537 -0.231934
25.799 1 IMU_ACCEL -2.291016 -1.146484 -9.431641
25.879 1 COMMANDS 0,-5997,2952,0
25.896 1 ATTITUDE 0.105957 2.103027 -0.451904
25.902 1 DESIRED -0.8 0.15 4.2 -80. -45. 815. 2.
25.904 1 DL_VALUE 11 1.
25.979 1 ACTUATORS 1000,1202,1518,1500
25.996 1 ATTITUDE 0.105225 2.171631 -0.539062
26.002 1 GPS 0 0 0 0 0 0 0 0 0 0 1
26.031 1 NAVIGATION 0 1 0. 0. 8421.2 0. 0 0
26.096 1 ATTITUDE 0.114258 2.263428 -0.186279
26.102 1 DESIRED -0.8 0.15 4.2 -80. -45. 815. 2.
26.104 1 ESTIMATOR 0. 0.
26.107 1 IMU_GYRO 0.153076 1.939941 -0.180908
26.196 1 ATTITUDE 0.124512 2.291016 -0.131348
26.199 1 WP_MOVED 1 506335. 3566302. 765. 12
26.203 1 BAT 0 0 0 0 1 35 35 0
26.248 1 GPS 0 0 0 0 0 0 0 0 0 0 1
26.282 1 NAVIGATION 0 1 0. 0. 8421.2 0. 0 0
26.296 1 ATTITUDE 0.145508 2.315186 -0.163086
26.302 1 DESIRED -0.8 0.16 4.2 -80. -45. 815. 2.
26.396 1 ATTITUDE 0.156494 2.332275 -0.175049
26.399 1 IMU_MAG -0.501953 -0.647949 2.693359
26.496 1 ATTITUDE 0.171875 2.342041 -0.205566
26.502 1 DESIRED -0.8 0.17 4.2 -80. -45. 815. 2.
26.507 1 GPS 0 0 0 0 0 0 0 0 0 0 1
26.531 1 NAVIGATION 0 1 0. 0. 8421.2 0. 0 0
26.596 1 ATTITUDE 0.187744 2.352051 -0.223633
26.598 1 ESTIMATOR 0. 0.
26.601 1 IMU_ACCEL -2.084961 -1.880859 -9.588867
26.696 1 ATTITUDE 0.187012 2.368164 -0.223389
26.702 1 DESIRED -0.8 0.18 4.2 -80. -45. 815. 2.
26.705 1 WP_MOVED 2 506254.8125 3566257.5 815. 12
26.708 1 IMU_GYRO 0.040283 -0.005127 0.022217
26.713 1 NAVIGATION 0 1 0. 0. 8421.2 0. 0 0
26.740 1 DOWNLINK_STATUS 30 24634 1103 0 831. 37. 2.66
26.748 1 GPS 0 0 0 0 0 0 0 0 0 0 1
26.783 1 FBW_STATUS 2 0 1 0 0
26.783 1 NAVIGATION 0 1 0. 0. 8421.2 0. 0 0
26.796 1 ATTITUDE 0.193115 2.383545 -0.229248
26.896 1 ATTITUDE 0.194824 2.395508 -0.232422
26.902 1 DESIRED -0.8 0.19 4.2 -80. -45. 815. 2.
26.905 1 ENERGY 0. 0. 0 0.
26.996 1 ATTITUDE 0.196045 2.406738 -0.225342
27.001 1 GPS 0 0 0 0 0 0 0 0 0 0 1
27.003 1 STATE_FILTER_STATUS 3 0
27.007 1 ALIVE 252,192,30,119,76,2,109,81,4,151,152,78,131,68,22,125
27.031 1 NAVIGATION 0 1 0. 0. 8421.2 0. 0 0
27.096 1 ATTITUDE 0.194336 2.414795 -0.213867
27.102 1 DESIRED -0.8 0.18 4.2 -80. -45. 815. 2.
27.104 1 ESTIMATOR 0. 0.
27.106 1 PPRZ_MODE 2 3 3 0 0 6
27.196 1 ATTITUDE 0.186279 2.425049 -0.194824
27.199 1 WP_MOVED 3 506350.5 3566257. 805. 12
27.225 1 PONG 
27.248 1 GPS 0 0 0 0 0 0 0 0 0 0 1
27.283 1 NAVIGATION 0 1 0. 0. 8421.2 0. 0 0
27.296 1 ATTITUDE 0.183594 2.429199 -0.189209
27.302 1 DESIRED -0.8 0.18 4.2 -80. -45. 815. 2.
27.305 1 IMU_GYRO 0.023193 -0.037109 0.013672
27.308 1 BAT 0 0 0 0 1 36 36 0
27.310 1 CALIBRATION -150. 0
27.396 1 ATTITUDE 0.188477 2.427979 -0.199219
27.399 1 IMU_ACCEL -1.945312 -1.799805 -9.56543
27.401 1 DL_VALUE 0 0.
27.496 1 ATTITUDE 0.189209 2.431641 -0.196533
27.502 1 DESIRED -0.8 0.18 4.2 -80. -45. 815. 2.
27.508 1 GPS 0 0 0 0 0 0 0 0 0 0 1
27.510 1 GPS_SOL 0 0 0 0
27.530 1 NAVIGATION 0 1 0. 0. 8421.2 0. 0 0
27.596 1 ATTITUDE 0.178467 2.468262 -0.013184
27.598 1 ESTIMATOR 0. 0.
27.696 1 ATTITUDE 0.201172 2.484619 0.25
27.702 1 DESIRED -0.8 0.19 4.2 -80. -45. 815. 2.
27.705 1 WP_MOVED 4 506374.40625 3566337.75 805. 12
27.710 1 NAVIGATION 0 1 0. 0. 8421.2 0. 0 0
27.713 1 IMU_MAG -1.202148 -0.581543 2.632812
27.741 1 DOWNLINK_STATUS 31 25511 1144 0 877. 41. 2.61
27.748 1 GPS 0 0 0 0 0 0 0 0 0 0 1
27.784 1 NAVIGATION 0 1 0. 0. 8421.2 0. 0 0
27.796 1 ATTITUDE 0.189453 2.429199 0.141602
27.896 1 ATTITUDE 0.166992 2.384033 -0.097168
27.902 1 DESIRED -0.8 0.17 4.2 -80. -45. 815. 2.
27.905 1 IMU_GYRO -0.076416 -1.503662 0.056396
27.996 1 ATTITUDE 0.167969 2.38208 -0.138184
28.001 1 GPS 0 0 0 0 0 0 0 0 0 0 1
28.003 1 DOWNLINK 3 815 1374
28.030 1 NAVIGATION 0 1 0. 0. 8421.2 0. 0 0
28.096 1 ATTITUDE 0.167236 2.387207 -0.165771
28.102 1 DESIRED -0.8 0.17 4.2 -80. -45. 815. 2.
28.104 1 ESTIMATOR 0. 0.
28.196 1 ATTITUDE 0.170654 2.394043 -0.168701
28.199 1 WP_MOVED 5 506402.3125 3566363.25 820. 12
28.202 1 IMU_ACCEL -1.373047 -1.674805 -9.669922
28.248 1 GPS 0 0 0 0 0 0 0 0 0 0 1
28.291 1 NAVIGATION 0 1 0. 0. 8421.2 0. 0 0
28.297 1 ATTITUDE 0.176514 2.387207 -0.167725
28.302 1 DESIRED -0.8 0.18 4.2 -80. -45. 815. 2.
28.396 1 ATTITUDE 0.184326 2.383057 -0.179443
28.399 1 BAT 0 0 0 0 1 37 37 0
28.402 1 NAVIGATION_REF 506335 3566302 12
28.496 1 ATTITUDE 0.188232 2.392822 -0.182129
28.502 1 DESIRED -0.8 0.18 4.2 -80. -45. 815. 2.
28.507 1 GPS 0 0 0 0 0 0 0 0 0 0 1
28.510 1 IMU_GYRO -0.014893 -0.045654 0.003174
28.530 1 NAVIGATION 0 1 0. 0. 8421.2 0. 0 0
28.596 1 ATTITUDE 0.188477 2.397705 -0.182129
28.598 1 ESTIMATOR 0. 0.
28.696 1 ATTITUDE 0.185791 2.405029 -0.157959
28.702 1 DESIRED -0.8 0.18 4.2 -80. -45. 815. 2.
28.705 1 WP_MOVED 6 506374.40625 3566337.75 820. 12
28.709 1 NAVIGATION 0 1 0. 0. 8421.2 0. 0 0
28.742 1 DOWNLINK_STATUS 32 26291 1178 0 780. 34. 2.61
28.748 1 GPS 0 0 0 0 0 0 0 0 0 0 1
28.784 1 NAVIGATION 0 1 0. 0. 8421.2 0. 0 0
28.784 1 FBW_STATUS 2 0 1 0 0
28.797 1 ATTITUDE 0.200684 2.453857 0.071045
28.896 1 ATTITUDE 0.205322 2.441406 0.18042
28.901 1 DESIRED -0.8 0.19 4.2 -80. -45. 815. 2.
28.903 1 DL_VALUE 1 0.
28.996 1 ATTITUDE 0.175537 2.394287 -0.05249
29.001 1 GPS 0 0 0 0 0 0 0 0 0 0 1
29.004 1 IMU_ACCEL -0.604492 -1.780273 -9.741211
29.008 1 IMU_MAG -0.687988 -0.62207 2.716309
29.030 1 NAVIGATION 0 1 0. 0. 8421.2 0. 0 0
29.096 1 ATTITUDE 0.170654 2.387207 -0.153809
29.101 1 DESIRED -0.8 0.17 4.2 -80. -45. 815. 2.
29.104 1 ESTIMATOR 0. 0.
29.107 1 IMU_GYRO -0.027588 -0.476562 0.027588
29.196 1 ATTITUDE 0.172119 2.392578 -0.152344
29.199 1 WP_MOVED 7 506350.5 3566270.75 805. 12
29.201 1 STATE_FILTER_STATUS 3 0
29.248 1 GPS 0 0 0 0 0 0 0 0 0 0 1
29.286 1 NAVIGATION 0 1 0. 0. 8421.2 0. 0 0
29.296 1 ATTITUDE 0.168945 2.401123 -0.151611
29.301 1 DESIRED -0.8 0.17 4.2 -80. -45. 815. 2.
29.396 1 ATTITUDE 0.186035 2.47583 0.20166
29.397 1 CALIBRATION -150. 0
29.401 1 ENERGY 0. 0. 0 0.
29.496 1 ATTITUDE 0.185059 2.43042 0.176025
29.501 1 DESIRED -0.8 0.18 4.2 -80. -45. 815. 2.
29.507 1 GPS 0 0 0 0 0 0 0 0 0 0 1
29.511 1 BAT 0 0 0 0 1 38 38 0
29.514 1 GPS_SOL 0 0 0 0
29.530 1 NAVIGATION 0 1 0. 0. 8421.2 0. 0 0
29.596 1 ATTITUDE 0.166504 2.373535 -0.022705
29.598 1 ESTIMATOR 0. 0.
29.696 1 ATTITUDE 0.16333 2.371338 -0.07666
29.701 1 DESIRED -0.8 0.17 4.2 -80. -45. 815. 2.
29.705 1 WP_MOVED 8 506254.8125 3566257.5 815. 12
29.708 1 IMU_GYRO 0.008301 -0.003174 0.02124
29.713 1 NAVIGATION 0 1 0. 0. 8421.2 0. 0 0
29.743 1 DOWNLINK_STATUS 33 27145 1217 0 854. 39. 2.61
29.748 1 GPS 0 0 0 0 0 0 0 0 0 0 1
29.785 1 NAVIGATION 0 1 0. 0. 8421.2 0. 0 0
29.796 1 ATTITUDE 0.164307 2.376709 -0.081787
29.799 1 IMU_ACCEL -0.628906 -1.583008 -9.77832
29.896 1 ATTITUDE 0.166748 2.395264 -0.009277
29.901 1 DESIRED -0.8 0.17 4.2 -80. -45. 815. 2.
29.995 1 ATTITUDE 0.199219 2.438721 0.319092
30.001 1 GPS 0 0 0 0 0 0 0 0 0 0 1
30.030 1 NAVIGATION 0 1 0. 0. 8421.2 0. 0 0
30.095 1 ATTITUDE 0.173584 2.366699 0.092773
30.101 1 DESIRED -0.8 0.18 4.2 -80. -45. 815. 2.
30.104 1 ESTIMATOR 0. 0.
30.195 1 ATTITUDE 0.16626 2.349609 -0.012695
30.199 1 WP_MOVED 9 506213.8125 3566287.5 815. 12
30.248 1 GPS 0 0 0 0 0 0 0 0 0 0 1
30.286 1 NAVIGATION 0 1 0. 0. 8421.2 0. 0 0
30.296 1 ATTITUDE 0.166748 2.350586 -0.022461
30.301 1 DESIRED -0.8 0.17 4.2 -80. -45. 815. 2.
30.305 1 IMU_GYRO 0.012695 0.129639 -0.038086
30.308 1 IMU_MAG -0.758789 -0.64502 2.70459
30.395 1 ATTITUDE 0.16748 2.352051 -0.017334
30.397 1 DL_VALUE 2 815.
30.496 1 ATTITUDE 0.17627 2.385986 0.105713
30.501 1 DESIRED -0.8 0.18 4.2 -80. -45. 815. 2.
30.507 1 GPS 0 0 0 0 0 0 0 0 0 0 1
30.530 1 NAVIGATION 0 1 0. 0. 8421.2 0. 0 0
30.595 1 ATTITUDE 0.216064 2.408936 0.376953
30.598 1 ESTIMATOR 0. 0.
30.601 1 IMU_ACCEL 3.161133 -1.833008 -8.43457
30.605 1 BAT 0 0 0 0 1 39 39 0
30.695 1 ATTITUDE 0.181152 2.330322 0.118164
30.701 1 DESIRED -0.8 0.18 4.2 -80. -45. 815. 2.
30.705 1 WP_MOVED 0 506377. 3566344. 757. 12
30.709 1 NAVIGATION 0 1 0. 0. 8421.2 0. 0 0
30.743 1 DOWNLINK_STATUS 34 27928 1251 0 783. 34. 2.61
30.748 1 GPS 0 0 0 0 0 0 0 0 0 0 1
30.778 1 FBW_STATUS 2 0 1 0 0
30.787 1 NAVIGATION 0 1 0. 0. 8421.2 0. 0 0
30.796 1 ATTITUDE 0.169434 2.318115 0.020752
30.878 1 COMMANDS 0,-6398,888,0
30.895 1 ATTITUDE 0.170166 2.322021 0.009521
30.901 1 DESIRED -0.8 0.17 4.2 -80. -45. 815. 2.
30.904 1 IMU_GYRO 0.025391 -0.129639 0.011475
30.978 1 ACTUATORS 1000,1310,1391,1500
30.995 1 ATTITUDE 0.173828 2.325928 -0.009521
31.001 1 GPS 0 0 0 0 0 0 0 0 0 0 1
31.030 1 NAVIGATION 0 1 0. 0. 8421.2 0. 0 0
31.095 1 ATTITUDE 0.181885 2.333984 -0.050293
31.101 1 DESIRED -0.8 0.18 4.2 -80. -45. 815. 2.
31.104 1 ESTIMATOR 0. 0.
31.195 1 ATTITUDE 0.186279 2.338867 -0.084229
31.199 1 WP_MOVED 1 506335. 3566302. 765. 12
31.248 1 GPS 0 0 0 0 0 0 0 0 0 0 1
31.280 1 NAVIGATION 0 1 0. 0. 8421.2 0. 0 0
31.295 1 ATTITUDE 0.192139 2.342529 -0.105957
31.301 1 DESIRED -0.8 0.18 4.2 -80. -45. 815. 2.
31.395 1 ATTITUDE 0.201172 2.349365 -0.137207
31.399 1 IMU_ACCEL -1.209961 -1.808594 -9.645508
31.400 1 STATE_FILTER_STATUS 3 0
31.495 1 ATTITUDE 0.202881 2.354736 -0.145996
31.501 1 DESIRED -0.8 0.19 4.2 -80. -45. 815. 2.
31.507 1 GPS 0 0 0 0 0 0 0 0 0 0 1
31.510 1 IMU_GYRO 0.029785 -0.083984 -0.034912
31.513 1 GPS_SOL 0 0 0 0
31.530 1 NAVIGATION 0 1 0. 0. 8421.2 0. 0 0
31.595 1 ATTITUDE 0.206787 2.360107 -0.158203
31.598 1 ESTIMATOR 0. 0.
31.601 1 IMU_MAG -0.528809 -0.584473 2.722168
31.695 1 ATTITUDE 0.203369 2.371338 -0.157715
31.701 1 DESIRED -0.8 0.19 4.2 -80. -45. 815. 2.
31.705 1 WP_MOVED 2 506254.8125 3566257.5 815. 12
31.709 1 NAVIGATION 0 1 0. 0. 8421.2 0. 0 0
31.713 1 BAT 0 0 0 0 1 40 40 0
31.743 1 DOWNLINK_STATUS 35 28770 1289 0 842. 38. 2.61
31.751 1 GPS 0 0 0 0 0 0 0 0 0 0 1
31.780 1 NAVIGATION 0 1 0. 0. 8421.2 0. 0 0
31.796 1 ATTITUDE 0.197754 2.376953 -0.172119
31.895 1 ATTITUDE 0.197998 2.384521 -0.18335
31.901 1 DESIRED -0.8 0.19 4.2 -80. -45. 815. 2.
31.903 1 DL_VALUE 3 0.
31.907 1 ENERGY 0. 0. 0 0.
31.995 1 ATTITUDE 0.19873 2.393311 -0.189697
32.001 1 GPS 0 0 0 0 0 0 0 0 0 0 1
32.005 1 ALIVE 252,192,30,119,76,2,109,81,4,151,152,78,131,68,22,125
32.030 1 NAVIGATION 0 1 0. 0. 8421.2 0. 0 0
32.095 1 ATTITUDE 0.204834 2.395264 -0.201416
32.101 1 DESIRED -0.8 0.19 4.2 -80. -45. 815. 2.
32.104 1 ESTIMATOR 0. 0.
32.107 1 IMU_GYRO 0.008301 -0.043457 0.001953
32.109 1 PPRZ_MODE 2 3 3 0 0 6
32.195 1 ATTITUDE 0.20459 2.399414 -0.206299
32.199 1 WP_MOVED 3 506350.5 3566257. 805. 12
32.202 1 IMU_ACCEL -1.87793 -1.775391 -9.469727
32.226 1 PONG 
32.248 1 GPS 0 0 0 0 0 0 0 0 0 0 1
32.280 1 NAVIGATION 0 1 0. 0. 8421.2 0. 0 0
32.295 1 ATTITUDE 0.200439 2.407471 -0.202637
32.303 1 DESIRED -0.8 0.19 4.2 -80. -45. 815. 2.
32.395 1 ATTITUDE 0.195557 2.412109 -0.203613
32.495 1 ATTITUDE 0.194336 2.416992 -0.203857
32.501 1 DESIRED -0.8 0.18 4.2 -80. -45. 815. 2.
32.507 1 GPS 0 0 0 0 0 0 0 0 0 0 1
32.530 1 NAVIGATION 0 1 0. 0. 8421.2 0. 0 0
32.595 1 ATTITUDE 0.199707 2.415283 -0.208008
32.598 1 ESTIMATOR 0. 0.
32.599 1 WIND_INFO 1 42 0. 0. 0.
32.695 1 ATTITUDE 0.201904 2.418457 -0.20752
32.701 1 DESIRED -0.8 0.19 4.2 -80. -45. 815. 2.
32.705 1 WP_MOVED 4 506374.40625 3566337.75 805. 12
32.708 1 IMU_GYRO 0.006348 0.013672 0.006348
32.712 1 NAVIGATION 0 1 0. 0. 8421.2 0. 0 0
32.743 1 DOWNLINK_STATUS 36 29576 1325 0 806. 36. 2.74
32.748 1 GPS 0 0 0 0 0 0 0 0 0 0 1
32.778 1 FBW_STATUS 2 0 1 0 0
32.782 1 NAVIGATION 0 1 0. 0. 8421.2 0. 0 0
32.795 1 ATTITUDE 0.204346 2.421631 -0.207031
32.800 1 BAT 0 0 0 0 1 42 42 0
32.895 1 ATTITUDE 0.2146 2.421143 -0.213379
32.901 1 DESIRED -0.8 0.19 4.2 -80. -45. 815. 2.
32.904 1 IMU_MAG -0.413574 -0.532227 2.66748
32.995 1 ATTITUDE 0.220459 2.421387 -0.223389
33.001 1 GPS 0 0 0 0 0 0 0 0 0 0 1
33.004 1 IMU_ACCEL -2.070312 -1.938477 -9.21875
33.030 1 NAVIGATION 0 1 0. 0. 8421.2 0. 0 0
33.095 1 ATTITUDE 0.225098 2.423828 -0.234131
33.101 1 DESIRED -0.8 0.2 4.2 -80. -45. 815. 2.
33.104 1 ESTIMATOR 0. 0.
33.106 1 DOWNLINK 4 825 1562
33.195 1 ATTITUDE 0.227051 2.424805 -0.247803
33.199 1 WP_MOVED 5 506402.3125 3566363.25 820. 12
33.249 1 GPS 0 0 0 0 0 0 0 0 0 0 1
33.280 1 NAVIGATION 0 1 0. 0. 8421.2 0. 0 0
33.295 1 ATTITUDE 0.218994 2.415527 -0.23291
33.301 1 DESIRED -0.8 0.2 4.2 -80. -45. 815. 2.
33.304 1 IMU_GYRO -0.163818 0.240479 -0.069092
33.395 1 ATTITUDE 0.200195 2.428223 -0.210449
33.397 1 DL_VALUE 4 0.
33.495 1 ATTITUDE 0.198975 2.438721 -0.222168
33.501 1 DESIRED -0.8 0.19 4.2 -80. -45. 815. 2.
33.507 1 GPS 0 0 0 0 0 0 0 0 0 0 1
33.510 1 GPS_SOL 0 0 0 0
33.530 1 NAVIGATION 0 1 0. 0. 8421.2 0. 0 0
33.595 1 ATTITUDE 0.197266 2.445312 -0.225586
33.598 1 ESTIMATOR 0. 0.
33.600 1 CALIBRATION -150. 0
33.601 1 STATE_FILTER_STATUS 3 0
33.695 1 ATTITUDE 0.191895 2.443848 -0.22583
33.701 1 DESIRED -0.8 0.18 4.2 -80. -45. 815. 2.
33.705 1 WP_MOVED 6 506374.40625 3566337.75 820. 12
33.709 1 NAVIGATION 0 1 0. 0. 8421.2 0. 0 0
33.743 1 DOWNLINK_STATUS 37 30403 1363 0 827. 38. 2.74
33.748 1 GPS 0 0 0 0 0 0 0 0 0 0 1
33.780 1 NAVIGATION 0 1 0. 0. 8421.2 0. 0 0
33.795 1 ATTITUDE 0.186279 2.450439 -0.231689
33.798 1 IMU_ACCEL -1.887695 -1.804688 -9.270508
33.895 1 ATTITUDE 0.198975 2.45166 -0.250732
33.901 1 DESIRED -0.8 0.19 4.2 -80. -45. 815. 2.
33.904 1 IMU_GYRO 0.193604 -0.209473 0.069092
33.908 1 BAT 0 0 0 0 1 43 43 0
33.995 1 ATTITUDE 0.20166 2.468506 -0.217773
34.001 1 GPS 0 0 0 0 0 0 0 0 0 0 1
34.030 1 NAVIGATION 0 1 0. 0. 8421.2 0. 0 0
34.095 1 ATTITUDE 0.189941 2.488281 -0.207031
34.101 1 DESIRED -0.8 0.18 4.2 -80. -45. 815. 2.
34.104 1 ESTIMATOR 0. 0.
34.195 1 ATTITUDE 0.181152 2.483398 -0.20459
34.199 1 WP_MOVED 7 506350.5 3566270.75 805. 12
34.202 1 IMU_MAG -0.42334 -0.625 2.658691
34.248 1 GPS 0 0 0 0 0 0 0 0 0 0 1
34.280 1 NAVIGATION 0 1 0. 0. 8421.2 0. 0 0
34.295 1 ATTITUDE 0.188477 2.471191 -0.207275
34.301 1 DESIRED -0.8 0.18 4.2 -80. -45. 815. 2.
34.395 1 ATTITUDE 0.191162 2.465332 -0.222656
34.399 1 ENERGY 0. 0. 0 0.
34.495 1 ATTITUDE 0.195801 2.462891 -0.22168
34.501 1 DESIRED -0.8 0.19 4.2 -80. -45. 815. 2.
34.507 1 GPS 0 0 0 0 0 0 0 0 0 0 1
34.510 1 IMU_GYRO 0.027588 0.057373 0.027588
34.530 1 NAVIGATION 0 1 0. 0. 8421.2 0. 0 0
34.595 1 ATTITUDE 0.195801 2.461182 -0.219482
34.598 1 ESTIMATOR 0. 0.
34.601 1 IMU_ACCEL -2.060547 -1.804688 -9.541016
34.695 1 ATTITUDE 0.197998 2.453857 -0.22168
34.701 1 DESIRED -0.8 0.19 4.2 -80. -45. 815. 2.
34.705 1 WP_MOVED 8 506254.8125 3566257.5 815. 12
34.709 1 NAVIGATION 0 1 0. 0. 8421.2 0. 0 0
34.744 1 DOWNLINK_STATUS 38 31213 1398 0 810. 35. 2.74
34.748 1 GPS 0 0 0 0 0 0 0 0 0 0 1
34.778 1 FBW_STATUS 2 0 1 0 0
34.782 1 NAVIGATION 0 1 0. 0. 8421.2 0. 0 0
34.800 1 ATTITUDE 0.198975 2.450684 -0.224365
34.895 1 ATTITUDE 0.199219 2.450928 -0.226074
34.901 1 DESIRED -0.8 0.19 4.2 -80. -45. 815. 2.
34.903 1 DL_VALUE 5 0.
34.995 1 ATTITUDE 0.200684 2.453857 -0.227051
35.001 1 GPS 0 0 0 0 0 0 0 0 0 0 1
35.004 1 BAT 0 0 0 0 1 44 44 0
35.030 1 NAVIGATION 0 1 0. 0. 8421.2 0. 0 0
35.095 1 ATTITUDE 0.201416 2.454102 -0.218262
35.101 1 DESIRED -0.8 0.19 4.2 -80. -45. 815. 2.
35.104 1 ESTIMATOR 0. 0.
35.107 1 IMU_GYRO 0.084961 0.166992 0.012695
35.195 1 ATTITUDE 0.22168 2.442139 -0.243896
35.199 1 WP_MOVED 9 506213.8125 3566287.5 815. 12
35.248 1 GPS 0 0 0 0 0 0 0 0 0 0 1
35.280 1 NAVIGATION 0 1 0. 0. 8421.2 0. 0 0
35.296 1 ATTITUDE 0.237305 2.418945 -0.279785
35.302 1 DESIRED -0.8 0.2 4.2 -80. -45. 815. 2.
35.395 1 ATTITUDE 0.26123 2.411377 -0.338867
35.398 1 IMU_ACCEL -3.424805 -2.379883 -8.942383
35.495 1 ATTITUDE 0.265869 2.415039 -0.345947
35.501 1 DESIRED -0.8 0.22 4.2 -80. -45. 815. 2.
35.507 1 GPS 0 0 0 0 0 0 0 0 0 0 1
35.510 1 IMU_MAG -0.156738 -0.500488 2.437012
35.513 1 GPS_SOL 0 0 0 0
35.530 1 NAVIGATION 0 1 0. 0. 8421.2 0. 0 0
35.595 1 ATTITUDE 0.265869 2.404541 -0.348877
35.598 1 ESTIMATOR 0. 0.
35.695 1 ATTITUDE 0.230225 2.423096 -0.305664
35.701 1 DESIRED -0.8 0.2 4.2 -80. -45. 815. 2.
35.704 1 WP_MOVED 0 506377. 3566344. 757. 12
35.708 1 IMU_GYRO 0.078613 -0.141357 0.088135
35.712 1 NAVIGATION 0 1 0. 0. 8421.2 0. 0 0
35.714 1 CALIBRATION -150. 0
35.744 1 DOWNLINK_STATUS 39 32038 1435 0 825. 37. 2.74
35.748 1 GPS 0 0 0 0 0 0 0 0 0 0 1
35.780 1 NAVIGATION 0 1 0. 0. 8421.2 0. 0 0
35.797 1 ATTITUDE 0.240234 2.431396 -0.332275
35.797 1 STATE_FILTER_STATUS 3 0
35.878 1 COMMANDS 0,-6730,2728,0
35.895 1 ATTITUDE 0.214355 2.444824 -0.295898
35.901 1 DESIRED -0.8 0.19 4.2 -80. -45. 815. 2.
35.978 1 ACTUATORS 1000,1239,1451,1500
35.995 1 ATTITUDE 0.204346 2.416016 -0.270996
36.001 1 GPS 0 0 0 0 0 0 0 0 0 0 1
36.030 1 NAVIGATION 0 1 0. 0. 8421.2 0. 0 0
36.095 1 ATTITUDE 0.201416 2.415283 -0.272705
36.101 1 DESIRED -0.8 0.19 4.2 -80. -45. 815. 2.
36.103 1 ESTIMATOR 0. 0.
36.107 1 BAT 0 0 0 0 1 45 45 0
36.195 1 ATTITUDE 0.203857 2.437744 -0.285645
36.199 1 WP_MOVED 1 506335. 3566302. 765. 12
36.202 1 IMU_ACCEL -2.445312 -1.910156 -9.308594
36.248 1 GPS 0 0 0 0 0 0 0 0 0 0 1
36.280 1 NAVIGATION 0 1 0. 0. 8421.2 0. 0 0
36.297 1 ATTITUDE 0.220459 2.432861 -0.309082
36.301 1 DESIRED -0.8 0.2 4.2 -80. -45. 815. 2.
36.304 1 IMU_GYRO 0.104248 -0.195801 0.037109
36.395 1 ATTITUDE 0.226562 2.431152 -0.321045
36.397 1 DL_VALUE 6 100.
36.495 1 ATTITUDE 0.228027 2.430664 -0.315918
36.501 1 DESIRED -0.8 0.2 4.2 -80. -45. 815. 2.
36.507 1 GPS 0 0 0 0 0 0 0 0 0 0 1
36.530 1 NAVIGATION 0 1 0. 0. 8421.2 0. 0 0
36.595 1 ATTITUDE 0.222656 2.433838 -0.30542
36.598 1 ESTIMATOR 0. 0.
36.695 1 ATTITUDE 0.224609 2.4375 -0.304688
36.701 1 DESIRED -0.8 0.2 4.2 -80. -45. 815. 2.
36.704 1 WP_MOVED 2 506254.8125 3566257.5 815. 12
36.709 1 NAVIGATION 0 1 0. 0. 8421.2 0. 0 0
36.744 1 DOWNLINK_STATUS 40 32824 1470 0 786. 35. 2.74
36.748 1 GPS 0 0 0 0 0 0 0 0 0 0 1
36.778 1 FBW_STATUS 2 0 1 0 0
36.782 1 NAVIGATION 0 1 0. 0. 8421.2 0. 0 0
36.798 1 ATTITUDE 0.222412 2.44043 -0.303955
36.798 1 IMU_MAG -0.259277 -0.569824 2.632812
36.895 1 ATTITUDE 0.224609 2.440674 -0.305908
36.901 1 DESIRED -0.8 0.2 4.2 -80. -45. 815. 2.
36.904 1 IMU_GYRO 0.027588 -0.027588 -0.00415
36.908 1 ENERGY 0. 0. 0 0.
36.995 1 ATTITUDE 0.2229 2.443115 -0.306396
37.001 1 GPS 0 0 0 0 0 0 0 0 0 0 1
37.004 1 IMU_ACCEL -2.958984 -1.915039 -9.166016
37.008 1 ALIVE 252,192,30,119,76,2,109,81,4,151,152,78,131,68,22,125
37.030 1 NAVIGATION 0 1 0. 0. 8421.2 0. 0 0
37.095 1 ATTITUDE 0.220215 2.447266 -0.303467
37.101 1 DESIRED -0.8 0.2 4.2 -80. -45. 815. 2.
37.103 1 ESTIMATOR 0. 0.
37.105 1 PPRZ_MODE 2 3 3 0 0 6
37.195 1 ATTITUDE 0.21582 2.450928 -0.304443
37.199 1 WP_MOVED 3 506350.5 3566257. 805. 12
37.202 1 BAT 0 0 0 0 1 46 46 0
37.227 1 PONG 
37.248 1 GPS 0 0 0 0 0 0 0 0 0 0 1
37.280 1 NAVIGATION 0 1 0. 0. 8421.2 0. 0 0
37.303 1 ATTITUDE 0.216553 2.449951 -0.304688
37.303 1 DESIRED -0.8 0.19 4.2 -80. -45. 815. 2.
37.396 1 ATTITUDE 0.219727 2.44751 -0.307617
37.398 1 NAVIGATION_REF 506335 3566302 12
37.495 1 ATTITUDE 0.227051 2.440674 -0.312012
37.502 1 DESIRED -0.8 0.2 4.2 -80. -45. 815. 2.
37.507 1 GPS 0 0 0 0 0 0 0 0 0 0 1
37.514 1 IMU_GYRO 0.006348 -0.030762 0.012695
37.514 1 GPS_SOL 0 0 0 0
37.530 1 NAVIGATION 0 1 0. 0. 8421.2 0. 0 0
37.595 1 ATTITUDE 0.225586 2.444336 -0.311035
37.597 1 ESTIMATOR 0. 0.
37.698 1 ATTITUDE 0.231445 2.435791 -0.311523
37.702 1 DESIRED -0.8 0.2 4.2 -80. -45. 815. 2.
37.704 1 WP_MOVED 4 506374.40625 3566337.75 805. 12
37.711 1 NAVIGATION 0 1 0. 0. 8421.2 0. 0 0
37.744 1 DOWNLINK_STATUS 41 33703 1510 0 879. 40. 2.56
37.749 1 GPS 0 0 0 0 0 0 0 0 0 0 1
37.780 1 NAVIGATION 0 1 0. 0. 8421.2 0. 0 0
37.800 1 ATTITUDE 0.239746 2.423584 -0.316162
37.800 1 IMU_ACCEL -3.117188 -2.030273 -9.118164
37.801 1 CALIBRATION -150. 0
37.895 1 ATTITUDE 0.237549 2.427979 -0.314697
37.901 1 DESIRED -0.8 0.2 4.2 -80. -45. 815. 2.
37.903 1 DL_VALUE 7 2.
37.995 1 ATTITUDE 0.234619 2.433105 -0.313477
38.001 1 GPS 0 0 0 0 0 0 0 0 0 0 1
38.002 1 STATE_FILTER_STATUS 3 0
38.030 1 NAVIGATION 0 1 0. 0. 8421.2 0. 0 0
38.095 1 ATTITUDE 0.23584 2.433838 -0.314453
38.102 1 DESIRED -0.8 0.2 4.2 -80. -45. 815. 2.
38.103 1 ESTIMATOR 0. 0.
38.106 1 IMU_GYRO 0.014893 -0.05957 0.00415
38.110 1 IMU_MAG -0.22998 -0.543945 2.624023
38.195 1 ATTITUDE 0.239014 2.434082 -0.317383
38.199 1 WP_MOVED 5 506402.3125 3566363.25 820. 12
38.200 1 DOWNLINK 4 819 1751
38.252 1 GPS 0 0 0 0 0 0 0 0 0 0 1
38.280 1 NAVIGATION 0 1 0. 0. 8421.2 0. 0 0
38.299 1 ATTITUDE 0.248047 2.427734 -0.322021
38.301 1 DESIRED -0.8 0.21 4.2 -80. -45. 815. 2.
38.304 1 BAT 0 0 0 0 1 47 47 0
38.395 1 ATTITUDE 0.253418 2.422607 -0.323486
38.495 1 ATTITUDE 0.256104 2.421631 -0.325439
38.501 1 DESIRED -0.8 0.21 4.2 -80. -45. 815. 2.
38.507 1 GPS 0 0 0 0 0 0 0 0 0 0 1
38.530 1 NAVIGATION 0 1 0. 0. 8421.2 0. 0 0
38.596 1 ATTITUDE 0.257812 2.422363 -0.326416
38.597 1 ESTIMATOR 0. 0.
38.601 1 IMU_ACCEL -3.357422 -2.539062 -9.318359
38.695 1 ATTITUDE 0.258057 2.422852 -0.321777
38.701 1 DESIRED -0.8 0.21 4.2 -80. -45. 815. 2.
38.704 1 WP_MOVED 6 506374.40625 3566337.75 820. 12
38.707 1 IMU_GYRO 0.023193 -0.05957 -0.024414
38.712 1 NAVIGATION 0 1 0. 0. 8421.2 0. 0 0
38.745 1 DOWNLINK_STATUS 42 34535 1548 0 832. 38. 2.56
38.748 1 GPS 0 0 0 0 0 0 0 0 0 0 1
38.779 1 FBW_STATUS 2 0 1 0 0
38.782 1 NAVIGATION 0 1 0. 0. 8421.2 0. 0 0
38.798 1 ATTITUDE 0.263428 2.420166 -0.322021
38.895 1 ATTITUDE 0.264893 2.422607 -0.32373
38.902 1 DESIRED -0.8 0.22 4.2 -80. -45. 815. 2.
38.996 1 ATTITUDE 0.26416 2.42749 -0.325195
39.002 1 GPS 0 0 0 0 0 0 0 0 0 0 1
39.033 1 NAVIGATION 0 1 0. 0. 8421.2 0. 0 0
39.095 1 ATTITUDE 0.267578 2.42749 -0.327148
39.101 1 DESIRED -0.8 0.22 4.2 -80. -45. 815. 2.
39.103 1 ESTIMATOR 0. 0.
39.195 1 ATTITUDE 0.266113 2.432129 -0.327393
39.198 1 WP_MOVED 7 506350.5 3566270.75 805. 12
39.248 1 GPS 0 0 0 0 0 0 0 0 0 0 1
39.280 1 NAVIGATION 0 1 0. 0. 8421.2 0. 0 0
39.295 1 ATTITUDE 0.267578 2.439941 -0.336914
39.303 1 DESIRED -0.8 0.22 4.2 -80. -45. 815. 2.
39.305 1 IMU_GYRO 0.093506 -0.268066 0.080811
39.395 1 ATTITUDE 0.275391 2.435303 -0.348389
39.398 1 IMU_ACCEL -3.333984 -2.322266 -8.875977
39.402 1 BAT 0 0 0 0 1 48 48 0
39.405 1 IMU_MAG -0.181152 -0.46875 2.618164
39.407 1 DL_VALUE 8 0.
39.412 1 ENERGY 0. 0. 0 0.
39.495 1 ATTITUDE 0.279541 2.432617 -0.350342
39.501 1 DESIRED -0.8 0.22 4.2 -80. -45. 815. 2.
39.507 1 GPS 0 0 0 0 0 0 0 0 0 0 1
39.510 1 GPS_SOL 0 0 0 0
39.530 1 NAVIGATION 0 1 0. 0. 8421.2 0. 0 0
39.595 1 ATTITUDE 0.273682 2.438232 -0.346924
39.597 1 ESTIMATOR 0. 0.
39.695 1 ATTITUDE 0.27124 2.439941 -0.343994
39.701 1 DESIRED -0.8 0.22 4.2 -80. -45. 815. 2.
39.704 1 WP_MOVED 8 506254.8125 3566257.5 815. 12
39.709 1 NAVIGATION 0 1 0. 0. 8421.2 0. 0 0
39.745 1 DOWNLINK_STATUS 43 35351 1584 0 816. 36. 2.56
39.747 1 GPS 0 0 0 0 0 0 0 0 0 0 1
39.780 1 NAVIGATION 0 1 0. 0. 8421.2 0. 0 0
39.795 1 ATTITUDE 0.269775 2.440674 -0.341797
39.895 1 ATTITUDE 0.266846 2.443115 -0.341064
39.901 1 DESIRED -0.8 0.22 4.2 -80. -45. 815. 2.
39.904 1 IMU_GYRO 0.010498 -0.027588 0.037109
39.906 1 CALIBRATION -150. 0
39.995 1 ATTITUDE 0.273926 2.437988 -0.345947
40.001 1 GPS 0 0 0 0 0 0 0 0 0 0 1
40.030 1 NAVIGATION 0 1 0. 0. 8421.2 0. 0 0
40.095 1 ATTITUDE 0.277832 2.435791 -0.35083
40.101 1 DESIRED -0.8 0.22 4.2 -80. -45. 815. 2.
40.103 1 ESTIMATOR 0. 0.
40.195 1 ATTITUDE 0.266357 2.442383 -0.339844
40.198 1 WP_MOVED 9 506213.8125 3566287.5 815. 12
40.201 1 IMU_ACCEL -3.103516 -2.130859 -8.500977
40.203 1 STATE_FILTER_STATUS 3 0
40.247 1 GPS 0 0 0 0 0 0 0 0 0 0 1
40.280 1 NAVIGATION 0 1 0. 0. 8421.2 0. 0 0
40.295 1 ATTITUDE 0.270996 2.438965 -0.343018
40.301 1 DESIRED -0.8 0.22 4.2 -80. -45. 815. 2.
40.395 1 ATTITUDE 0.290527 2.421143 -0.349854
40.495 1 ATTITUDE 0.288818 2.407959 -0.334473
40.501 1 DESIRED -0.8 0.23 4.2 -80. -45. 815. 2.
40.506 1 GPS 0 0 0 0 0 0 0 0 0 0 1
40.510 1 IMU_GYRO -0.285156 0.154297 -0.092529
40.513 1 BAT 0 0 0 0 1 49 49 0
40.530 1 NAVIGATION 0 1 0. 0. 8421.2 0. 0 0
40.595 1 ATTITUDE 0.300049 2.404541 -0.346924
40.597 1 ESTIMATOR 0. 0.
40.695 1 ATTITUDE 0.340576 2.387207 -0.398682
40.701 1 DESIRED -0.8 0.25 4.2 -80. -45. 815. 2.
40.704 1 WP_MOVED 0 506377. 3566344. 757. 12
40.709 1 NAVIGATION 0 1 0. 0. 8421.2 0. 0 0
40.712 1 IMU_MAG -0.080566 -0.338379 2.563477
40.745 1 DOWNLINK_STATUS 44 36143 1619 0 792. 35. 2.56
40.747 1 GPS 0 0 0 0 0 0 0 0 0 0 1
40.780 1 NAVIGATION 0 1 0. 0. 8421.2 0. 0 0
40.782 1 FBW_STATUS 2 0 1 0 0
40.795 1 ATTITUDE 0.343262 2.39209 -0.40332
40.878 1 COMMANDS 0,-7505,3577,0
40.895 1 ATTITUDE 0.341064 2.4021 -0.408691
40.901 1 DESIRED -0.8 0.25 4.2 -80. -45. 815. 2.
40.903 1 DL_VALUE 9 1.
40.978 1 ACTUATORS 1000,1173,1473,1500
40.995 1 ATTITUDE 0.329834 2.399414 -0.389648
41.000 1 GPS 0 0 0 0 0 0 0 0 0 0 1
41.004 1 IMU_ACCEL -3.857422 -2.75 -8.78125
41.030 1 NAVIGATION 0 1 0. 0. 8421.2 0. 0 0
41.095 1 ATTITUDE 0.278809 2.427979 -0.353271
41.101 1 DESIRED -0.8 0.22 4.2 -80. -45. 815. 2.
41.103 1 ESTIMATOR 0. 0.
41.106 1 IMU_GYRO -0.204102 0.501221 0.106201
41.195 1 ATTITUDE 0.241211 2.47168 -0.303223
41.198 1 WP_MOVED 1 506335. 3566302. 765. 12
41.247 1 GPS 0 0 0 0 0 0 0 0 0 0 1
41.280 1 NAVIGATION 0 1 0. 0. 8421.2 0. 0 0
41.295 1 ATTITUDE 0.190186 2.507568 -0.242188
41.304 1 DESIRED -0.8 0.18 4.2 -80. -45. 815. 2.
41.395 1 ATTITUDE 0.171875 2.507568 -0.22168
41.495 1 ATTITUDE 0.186279 2.48999 -0.237793
41.502 1 DESIRED -0.8 0.18 4.2 -80. -45. 815. 2.
41.506 1 GPS 0 0 0 0 0 0 0 0 0 0 1
41.509 1 GPS_SOL 0 0 0 0
41.530 1 NAVIGATION 0 1 0. 0. 8421.2 0. 0 0
41.595 1 ATTITUDE 0.193848 2.479248 -0.255371
41.597 1 ESTIMATOR 0. 0.
41.601 1 BAT 0 0 0 0 1 50 50 0
41.695 1 ATTITUDE 0.210938 2.462402 -0.286377
41.701 1 DESIRED -0.8 0.19 4.2 -80. -45. 815. 2.
41.704 1 WP_MOVED 2 506254.8125 3566257.5 815. 12
41.707 1 IMU_GYRO 0.083008 -0.247803 -0.078613
41.712 1 NAVIGATION 0 1 0. 0. 8421.2 0. 0 0
41.746 1 DOWNLINK_STATUS 45 36969 1656 0 826. 37. 2.56
41.747 1 GPS 0 0 0 0 0 0 0 0 0 0 1
41.780 1 NAVIGATION 0 1 0. 0. 8421.2 0. 0 0
41.795 1 ATTITUDE 0.220947 2.452637 -0.305664
41.804 1 IMU_ACCEL -2.93457 -1.880859 -9.180664
41.895 1 ATTITUDE 0.232178 2.446289 -0.327148
41.901 1 DESIRED -0.8 0.2 4.2 -80. -45. 815. 2.
41.904 1 ENERGY 0. 0. 0 0.
41.995 1 ATTITUDE 0.260986 2.409424 -0.349121
42.000 1 GPS 0 0 0 0 0 0 0 0 0 0 1
42.004 1 IMU_MAG -0.078125 -0.410645 2.129395
42.005 1 CALIBRATION -150. 0
42.009 1 ALIVE 252,192,30,119,76,2,109,81,4,151,152,78,131,68,22,125
42.030 1 NAVIGATION 0 1 0. 0. 8421.2 0. 0 0
42.095 1 ATTITUDE 0.294189 2.386963 -0.370361
42.101 1 DESIRED -0.8 0.23 4.2 -80. -45. 815. 2.
42.103 1 ESTIMATOR 0. 0.
42.105 1 PPRZ_MODE 2 3 3 0 0 6
42.195 1 ATTITUDE 0.296143 2.406738 -0.342773
42.198 1 WP_MOVED 3 506350.5 3566257. 805. 12
42.228 1 PONG 
42.247 1 GPS 0 0 0 0 0 0 0 0 0 0 1
42.280 1 NAVIGATION 0 1 0. 0. 8421.2 0. 0 0
42.295 1 ATTITUDE 0.271484 2.447266 -0.254883
42.305 1 DESIRED -0.8 0.22 4.2 -80. -45. 815. 2.
42.306 1 IMU_GYRO -0.253174 1.216309 0.11377
42.395 1 ATTITUDE 0.238281 2.494873 -0.05542
42.397 1 DL_VALUE 10 0.
42.398 1 STATE_FILTER_STATUS 3 0
42.495 1 ATTITUDE 0.250488 2.509277 0.099609
42.501 1 DESIRED -0.8 0.21 4.2 -80. -45. 815. 2.
42.506 1 GPS 0 0 0 0 0 0 0 0 0 0 1
42.530 1 NAVIGATION 0 1 0. 0. 8421.2 0. 0 0
42.595 1 ATTITUDE 0.269287 2.496582 0.160156
42.597 1 ESTIMATOR 0. 0.
42.599 1 WIND_INFO 1 42 0. 0. 0.
42.600 1 IMU_ACCEL 1.584961 -2.5 -9.109375
42.695 1 ATTITUDE 0.255859 2.422119 -0.031494
42.701 1 DESIRED -0.8 0.21 4.2 -80. -45. 815. 2.
42.704 1 WP_MOVED 4 506374.40625 3566337.75 805. 12
42.709 1 NAVIGATION 0 1 0. 0. 8421.2 0. 0 0
42.712 1 BAT 0 0 0 0 1 51 51 0
42.746 1 DOWNLINK_STATUS 46 37833 1696 0 864. 40. 2.65
42.747 1 GPS 0 0 0 0 0 0 0 0 0 0 1
42.777 1 FBW_STATUS 2 0 1 0 0
42.782 1 NAVIGATION 0 1 0. 0. 8421.2 0. 0 0
42.795 1 ATTITUDE 0.243652 2.357666 -0.324219
42.895 1 ATTITUDE 0.245605 2.357178 -0.40332
42.901 1 DESIRED -0.8 0.21 4.2 -80. -45. 815. 2.
42.904 1 IMU_GYRO 0.014893 -0.034912 0.023193
42.995 1 ATTITUDE 0.236572 2.375244 -0.449951
43.000 1 GPS 0 0 0 0 0 0 0 0 0 0 1
43.029 1 NAVIGATION 0 1 0. 0. 8421.2 0. 0 0
43.095 1 ATTITUDE 0.224854 2.38916 -0.594238
43.101 1 DESIRED -0.8 0.2 4.2 -80. -45. 815. 2.
43.103 1 ESTIMATOR 0. 0.
43.195 1 ATTITUDE 0.231201 2.408447 -0.627686
43.198 1 WP_MOVED 5 506402.3125 3566363.25 820. 12
43.249 1 GPS 0 0 0 0 0 0 0 0 0 0 1
43.279 1 NAVIGATION 0 1 0. 0. 8421.2 0. 0 0
43.295 1 ATTITUDE 0.229492 2.507324 -0.171631
43.301 1 DESIRED -0.8 0.2 4.2 -80. -45. 815. 2.
43.308 1 IMU_MAG -0.567871 -0.497559 2.68457
43.308 1 DOWNLINK 4 824 1938
43.395 1 ATTITUDE 0.251221 2.521484 0.068359
43.398 1 IMU_ACCEL 0.831055 -2.149414 -9.132812
43.495 1 ATTITUDE 0.267822 2.490234 0.142822
43.501 1 DESIRED -0.8 0.22 4.2 -80. -45. 815. 2.
43.506 1 GPS 0 0 0 0 0 0 0 0 0 0 1
43.509 1 IMU_GYRO 0.067871 0.250977 -0.198975
43.512 1 GPS_SOL 0 0 0 0
43.529 1 NAVIGATION 0 1 0. 0. 8421.2 0. 0 0
43.595 1 ATTITUDE 0.259033 2.440918 0.094971
43.597 1 ESTIMATOR 0. 0.
43.695 1 ATTITUDE 0.234619 2.352783 -0.297852
43.701 1 DESIRED -0.8 0.2 4.2 -80. -45. 815. 2.
43.704 1 WP_MOVED 6 506374.40625 3566337.75 820. 12
43.709 1 NAVIGATION 0 1 0. 0. 8421.2 0. 0 0
43.746 1 DOWNLINK_STATUS 47 38627 1731 0 794. 35. 2.65
43.747 1 GPS 0 0 0 0 0 0 0 0 0 0 1
43.779 1 NAVIGATION 0 1 0. 0. 8421.2 0. 0 0
43.795 1 ATTITUDE 0.238281 2.333252 -0.498291
43.798 1 BAT 0 0 0 0 1 53 53 0
43.895 1 ATTITUDE 0.248779 2.349365 -0.512695
43.901 1 DESIRED -0.8 0.21 4.2 -80. -45. 815. 2.
43.902 1 DL_VALUE 11 1.
43.995 1 ATTITUDE 0.236084 2.424072 -0.255127
44.000 1 GPS 0 0 0 0 0 0 0 0 0 0 1
44.029 1 NAVIGATION 0 1 0. 0. 8421.2 0. 0 0
44.095 1 ATTITUDE 0.261719 2.466553 -0.003662
44.100 1 DESIRED -0.8 0.21 4.2 -80. -45. 815. 2.
44.103 1 ESTIMATOR 0. 0.
44.106 1 IMU_GYRO 0.119141 -1.230225 0.066895
44.108 1 CALIBRATION -150. 0
44.195 1 ATTITUDE 0.260254 2.412598 -0.180664
44.198 1 WP_MOVED 7 506350.5 3566270.75 805. 12
44.201 1 IMU_ACCEL -2.045898 -2.418945 -9.527344
44.247 1 GPS 0 0 0 0 0 0 0 0 0 0 1
44.279 1 NAVIGATION 0 1 0. 0. 8421.2 0. 0 0
44.295 1 ATTITUDE 0.248779 2.393311 -0.279785
44.300 1 DESIRED -0.8 0.21 4.2 -80. -45. 815. 2.
44.395 1 ATTITUDE 0.248535 2.390869 -0.30542
44.398 1 ENERGY 0. 0. 0 0.
44.495 1 ATTITUDE 0.256836 2.395752 -0.312988
44.500 1 DESIRED -0.8 0.21 4.2 -80. -45. 815. 2.
44.506 1 GPS 0 0 0 0 0 0 0 0 0 0 1
44.529 1 NAVIGATION 0 1 0. 0. 8421.2 0. 0 0
44.595 1 ATTITUDE 0.261963 2.409424 -0.333496
44.597 1 ESTIMATOR 0. 0.
44.600 1 IMU_MAG -0.190918 -0.462891 2.604004
44.602 1 STATE_FILTER_STATUS 3 0
44.695 1 ATTITUDE 0.258789 2.417236 -0.332031
44.700 1 DESIRED -0.8 0.21 4.2 -80. -45. 815. 2.
44.704 1 WP_MOVED 8 506254.8125 3566257.5 815. 12
44.707 1 IMU_GYRO -0.063721 0.161621 0.013672
44.712 1 NAVIGATION 0 1 0. 0. 8421.2 0. 0 0
44.747 1 GPS 0 0 0 0 0 0 0 0 0 0 1
44.748 1 DOWNLINK_STATUS 48 39483 1769 0 856. 38. 2.65
44.777 1 FBW_STATUS 2 0 1 0 0
44.782 1 NAVIGATION 0 1 0. 0. 8421.2 0. 0 0
44.795 1 ATTITUDE 0.251465 2.427002 -0.324463
44.895 1 ATTITUDE 0.254883 2.429199 -0.325928
44.900 1 DESIRED -0.8 0.21 4.2 -80. -45. 815. 2.
44.904 1 BAT 0 0 0 0 1 54 54 0
44.995 1 ATTITUDE 0.259521 2.427734 -0.330078
45.000 1 GPS 0 0 0 0 0 0 0 0 0 0 1
45.003 1 IMU_ACCEL -3.24707 -2.246094 -9.061523
45.029 1 NAVIGATION 0 1 0. 0. 8421.2 0. 0 0
45.095 1 ATTITUDE 0.255859 2.433594 -0.325928
45.100 1 DESIRED -0.8 0.21 4.2 -80. -45. 815. 2.
45.103 1 ESTIMATOR 0. 0.
45.194 1 ATTITUDE 0.254395 2.439209 -0.328125
45.198 1 WP_MOVED 9 506213.8125 3566287.5 815. 12
45.247 1 GPS 0 0 0 0 0 0 0 0 0 0 1
45.279 1 NAVIGATION 0 1 0. 0. 8421.2 0. 0 0
45.295 1 ATTITUDE 0.254883 2.444336 -0.329346
45.300 1 DESIRED -0.8 0.21 4.2 -80. -45. 815. 2.
45.308 1 IMU_GYRO 0.023193 -0.051025 0.076416
45.395 1 ATTITUDE 0.251709 2.453125 -0.330078
45.396 1 DL_VALUE 0 0.
45.495 1 ATTITUDE 0.250977 2.453857 -0.327881
45.500 1 DESIRED -0.8 0.21 4.2 -80. -45. 815. 2.
45.506 1 GPS 0 0 0 0 0 0 0 0 0 0 1
45.509 1 GPS_SOL 0 0 0 0
45.529 1 NAVIGATION 0 1 0. 0. 8421.2 0. 0 0
45.594 1 ATTITUDE 0.256104 2.448975 -0.329834
45.597 1 ESTIMATOR 0. 0.
45.694 1 ATTITUDE 0.252686 2.45459 -0.330078
45.700 1 DESIRED -0.8 0.21 4.2 -80. -45. 815. 2.
45.704 1 WP_MOVED 0 506377. 3566344. 757. 12
45.708 1 NAVIGATION 0 1 0. 0. 8421.2 0. 0 0
45.747 1 GPS 0 0 0 0 0 0 0 0 0 0 1
45.748 1 DOWNLINK_STATUS 49 40261 1803 0 778. 34. 2.65
45.779 1 NAVIGATION 0 1 0. 0. 8421.2 0. 0 0
45.794 1 ATTITUDE 0.253174 2.451904 -0.327393
45.798 1 IMU_ACCEL -3.199219 -2.188477 -9.009766
45.877 1 COMMANDS 0,-6954,2966,0
45.894 1 ATTITUDE 0.252441 2.45166 -0.327148
45.900 1 DESIRED -0.8 0.21 4.2 -80. -45. 815. 2.
45.904 1 IMU_GYRO -0.033936 0.010498 0.039307
45.907 1 IMU_MAG -0.210449 -0.48877 2.606934
45.977 1 ACTUATORS 1000,1215,1461,1500
45.994 1 ATTITUDE 0.252441 2.452881 -0.328857
46.000 1 GPS 0 0 0 0 0 0 0 0 0 0 1
46.004 1 BAT 0 0 0 0 1 55 55 0
46.029 1 NAVIGATION 0 1 0. 0. 8421.2 0. 0 0
46.094 1 ATTITUDE 0.253662 2.453613 -0.331299
46.100 1 DESIRED -0.8 0.21 4.2 -80. -45. 815. 2.
46.103 1 ESTIMATOR 0. 0.
46.194 1 ATTITUDE 0.255127 2.453613 -0.331787
46.198 1 WP_MOVED 1 506335. 3566302. 765. 12
46.200 1 CALIBRATION -150. 0
46.247 1 GPS 0 0 0 0 0 0 0 0 0 0 1
46.279 1 NAVIGATION 0 1 0. 0. 8421.2 0. 0 0
46.294 1 ATTITUDE 0.256104 2.455566 -0.333496
46.300 1 DESIRED -0.8 0.21 4.2 -80. -45. 815. 2.
46.394 1 ATTITUDE 0.253418 2.467773 -0.341797
46.397 1 NAVIGATION_REF 506335 3566302 12
46.494 1 ATTITUDE 0.250732 2.473389 -0.341553
46.500 1 DESIRED -0.8 0.21 4.2 -80. -45. 815. 2.
46.506 1 GPS 0 0 0 0 0 0 0 0 0 0 1
46.509 1 IMU_GYRO 0.080811 -0.094482 -0.131836
46.529 1 NAVIGATION 0 1 0. 0. 8421.2 0. 0 0
46.594 1 ATTITUDE 0.258301 2.454346 -0.341064
46.597 1 ESTIMATOR 0. 0.
46.600 1 IMU_ACCEL -3.294922 -2.121094 -8.961914
46.694 1 ATTITUDE 0.256592 2.458496 -0.342529
46.700 1 DESIRED -0.8 0.21 4.2 -80. -45. 815. 2.
46.704 1 WP_MOVED 2 506254.8125 3566257.5 815. 12
46.708 1 NAVIGATION 0 1 0. 0. 8421.2 0. 0 0
46.747 1 GPS 0 0 0 0 0 0 0 0 0 0 1
46.747 1 DOWNLINK_STATUS 50 41107 1841 0 846. 38. 2.65
46.777 1 FBW_STATUS 2 0 1 0 0
46.782 1 NAVIGATION 0 1 0. 0. 8421.2 0. 0 0
46.794 1 ATTITUDE 0.253906 2.468506 -0.347656
46.796 1 STATE_FILTER_STATUS 3 0
46.894 1 ATTITUDE 0.252686 2.466064 -0.346191
46.900 1 DESIRED -0.8 0.21 4.2 -80. -45. 815. 2.
46.902 1 DL_VALUE 1 0.
46.906 1 ENERGY 0. 0. 0 0.
46.994 1 ATTITUDE 0.255371 2.463379 -0.350342
47.002 1 GPS 0 0 0 0 0 0 0 0 0 0 1
47.004 1 ALIVE 252,192,30,119,76,2,109,81,4,151,152,78,131,68,22,125
47.030 1 NAVIGATION 0 1 0. 0. 8421.2 0. 0 0
47.094 1 ATTITUDE 0.250244 2.466553 -0.347412
47.100 1 DESIRED -0.8 0.21 4.2 -80. -45. 815. 2.
47.103 1 ESTIMATOR 0. 0.
47.106 1 IMU_GYRO -0.016846 -0.010498 0.031738
47.109 1 BAT 0 0 0 0 1 56 56 0
47.111 1 PPRZ_MODE 2 3 3 0 0 6
47.194 1 ATTITUDE 0.250977 2.463135 -0.348877
47.198 1 WP_MOVED 3 506350.5 3566257. 805. 12
47.201 1 IMU_MAG -0.181152 -0.538086 2.615723
47.230 1 PONG 
47.247 1 GPS 0 0 0 0 0 0 0 0 0 0 1
47.279 1 NAVIGATION 0 1 0. 0. 8421.2 0. 0 0
47.294 1 ATTITUDE 0.25415 2.458008 -0.35083
47.300 1 DESIRED -0.8 0.21 4.2 -80. -45. 815. 2.
47.394 1 ATTITUDE 0.254395 2.457275 -0.353027
47.398 1 IMU_ACCEL -3.462891 -2.087891 -8.795898
47.494 1 ATTITUDE 0.25 2.462158 -0.351074
47.500 1 DESIRED -0.8 0.21 4.2 -80. -45. 815. 2.
47.506 1 GPS 0 0 0 0 0 0 0 0 0 0 1
47.509 1 GPS_SOL 0 0 0 0
47.529 1 NAVIGATION 0 1 0. 0. 8421.2 0. 0 0
47.594 1 ATTITUDE 0.252686 2.456787 -0.353027
47.597 1 ESTIMATOR 0. 0.
47.694 1 ATTITUDE 0.253174 2.442871 -0.343994
47.701 1 DESIRED -0.8 0.21 4.2 -80. -45. 815. 2.
47.704 1 WP_MOVED 4 506374.40625 3566337.75 805. 12
47.707 1 IMU_GYRO 0.038086 -0.094482 -0.030762
47.711 1 NAVIGATION 0 1 0. 0. 8421.2 0. 0 0
47.747 1 GPS 0 0 0 0 0 0 0 0 0 0 1
47.747 1 DOWNLINK_STATUS 51 41991 1882 0 884. 41. 3.54
47.779 1 NAVIGATION 0 1 0. 0. 8421.2 0. 0 0
47.794 1 ATTITUDE 0.258301 2.442871 -0.351318
