3.306 1 GPS 0 0 0 0 0 0 0 0 0 0 1
3.319 1 DOWNLINK_STATUS 5 4121 184 0 847. 37. 0.
3.344 1 NAVIGATION 0 1 0. 0. 8421.2 0. 0 0
3.354 1 ATTITUDE 0. 0. 0.
3.360 1 DESIRED -0.8 0.1 4.2 -80. -45. 815. 2.
3.363 1 IMU_GYRO 0.608643 0.083008 0.000977
3.454 1 ATTITUDE 0. 0. 0.
3.456 1 DL_VALUE 4 0.
3.458 1 DOWNLINK 0 817 248
3.554 1 ATTITUDE 0. 0. 0.
3.560 1 DESIRED -0.8 0.1 4.2 -80. -45. 815. 2.
3.565 1 GPS 0 0 0 0 0 0 0 0 0 0 1
3.568 1 GPS_SOL 0 0 0 0
3.589 1 NAVIGATION 0 1 0. 0. 8421.2 0. 0 0
3.654 1 ATTITUDE 0. 0. 0.
3.656 1 ESTIMATOR 0. 0.
3.660 1 BAT 0 0 0 0 1 6 6 0
3.757 1 ATTITUDE 0. 0. 0.
3.760 1 DESIRED -0.8 0.1 4.2 -80. -45. 815. 2.
3.763 1 WP_MOVED 4 506374.40625 3566337.75 805. 12
3.768 1 NAVIGATION 0 1 0. 0. 8421.2 0. 0 0
3.806 1 GPS 0 0 0 0 0 0 0 0 0 0 1
3.820 1 PONG 
3.839 1 NAVIGATION 0 1 0. 0. 8421.2 0. 0 0
3.854 1 ATTITUDE 0. 0. 0.
3.857 1 IMU_ACCEL 0.706055 -0.033203 9.607422
3.860 1 IMU_MAG -0.592285 0.300781 -0.123535
3.954 1 ATTITUDE 0. 0. 0.
3.960 1 DESIRED -0.8 0.1 4.2 -80. -45. 815. 2.
3.963 1 IMU_GYRO -0.052979 0.054199 0.126465
3.965 1 CALIBRATION -54. 0
4.054 1 ATTITUDE 0. 0. 0.
4.059 1 GPS 0 0 0 0 0 0 0 0 0 0 1
4.089 1 NAVIGATION 0 1 0. 0. 8421.2 0. 0 0
4.154 1 ATTITUDE 0. 0. 0.
4.160 1 DESIRED -0.8 0.1 4.2 -80. -45. 815. 2.
4.162 1 ESTIMATOR 0. 0.
4.254 1 ATTITUDE 0. 0. 0.
4.257 1 WP_MOVED 5 506402.3125 3566363.25 820. 12
4.313 1 GPS 0 0 0 0 0 0 0 0 0 0 1
4.320 1 DOWNLINK_STATUS 6 4949 222 0 828. 38. 2.82
4.338 1 NAVIGATION 0 1 0. 0. 8421.2 0. 0 0
4.354 1 ATTITUDE 0. 0. 0.
4.360 1 DESIRED -0.8 0.1 4.2 -80. -45. 815. 2.
4.454 1 ATTITUDE 0. 0. 0.
4.455 1 STATE_FILTER_STATUS 2 0
4.554 1 ATTITUDE 0. 0. 0.
4.560 1 DESIRED -0.8 0.1 4.2 -80. -45. 815. 2.
4.565 1 GPS 0 0 0 0 0 0 0 0 0 0 1
4.568 1 IMU_GYRO 0.040283 -0.083984 0.031738
4.588 1 NAVIGATION 0 1 0. 0. 8421.2 0. 0 0
4.654 1 ATTITUDE 0. 0. 0.
4.658 1 ESTIMATOR 0. 0.
4.659 1 IMU_ACCEL 1.354492 0.09082 9.341797
4.754 1 ATTITUDE 0. 0. 0.
4.760 1 DESIRED -0.8 0.1 4.2 -80. -45. 815. 2.
4.763 1 WP_MOVED 6 506374.40625 3566337.75 820. 12
4.768 1 NAVIGATION 0 1 0. 0. 8421.2 0. 0 0
4.771 1 BAT 0 0 0 0 1 7 7 0
4.806 1 GPS 0 0 0 0 0 0 0 0 0 0 1
4.836 1 FBW_STATUS 2 0 1 0 0
4.841 1 NAVIGATION 0 1 0. 0. 8421.2 0. 0 0
4.855 1 ATTITUDE 0. 0. 0.
4.954 1 ATTITUDE 3.128418 -0.249756 -0.112305
4.960 1 DESIRED -0.8 1.47 4.2 -80. -45. 815. 2.
4.961 1 DL_VALUE 5 0.
5.054 1 ATTITUDE 3.121338 -0.256348 -0.10791
5.059 1 GPS 0 0 0 0 0 0 0 0 0 0 1
5.088 1 NAVIGATION 0 1 0. 0. 8421.2 0. 0 0
5.154 1 ATTITUDE 3.128174 -0.264893 -0.10376
5.160 1 DESIRED -0.8 1.47 4.2 -80. -45. 815. 2.
5.162 1 ESTIMATOR 0. 0.
5.165 1 IMU_GYRO 0.02124 -0.013672 -0.056396
5.168 1 IMU_MAG -0.609375 0.251465 -0.155273
5.254 1 ATTITUDE 3.130127 -0.250977 -0.097412
5.257 1 WP_MOVED 7 506350.5 3566270.75 805. 12
5.306 1 GPS 0 0 0 0 0 0 0 0 0 0 1
5.320 1 DOWNLINK_STATUS 7 5755 258 0 806. 36. 2.82
5.338 1 NAVIGATION 0 1 0. 0. 8421.2 0. 0 0
5.354 1 ATTITUDE 3.130127 -0.248535 -0.085693
5.359 1 DESIRED -0.8 1.47 4.2 -80. -45. 815. 2.
5.454 1 ATTITUDE 3.133057 -0.241211 -0.07959
5.457 1 IMU_ACCEL 1.421875 0.393555 9.703125
5.460 1 ENERGY 0. 0. 0 0.
5.554 1 ATTITUDE 3.132812 -0.235107 -0.075928
5.559 1 DESIRED -0.8 1.47 4.2 -80. -45. 815. 2.
5.565 1 GPS 0 0 0 0 0 0 0 0 0 0 1
5.568 1 GPS_SOL 0 0 0 0
5.588 1 NAVIGATION 0 1 0. 0. 8421.2 0. 0 0
5.654 1 ATTITUDE 3.134766 -0.23291 -0.066162
5.656 1 ESTIMATOR 0. 0.
5.754 1 ATTITUDE 3.134277 -0.225098 -0.060791
5.759 1 DESIRED -0.8 1.47 4.2 -80. -45. 815. 2.
5.763 1 WP_MOVED 8 506254.8125 3566257.5 815. 12
5.766 1 IMU_GYRO 0.008301 -0.028564 0.088135
5.771 1 NAVIGATION 0 1 0. 0. 8421.2 0. 0 0
5.806 1 GPS 0 0 0 0 0 0 0 0 0 0 1
5.838 1 NAVIGATION 0 1 0. 0. 8421.2 0. 0 0
5.854 1 ATTITUDE 3.135254 -0.227783 -0.061768
5.857 1 BAT 0 0 0 0 1 9 9 0
5.954 1 ATTITUDE 3.135986 -0.21875 -0.063965
5.959 1 DESIRED -0.8 1.47 4.2 -80. -45. 815. 2.
6.054 1 ATTITUDE 3.138428 -0.213623 -0.067871
6.059 1 GPS 0 0 0 0 0 0 0 0 0 0 1
6.061 1 CALIBRATION -70. 0
6.088 1 NAVIGATION 0 1 0. 0. 8421.2 0. 0 0
6.154 1 ATTITUDE 3.140381 -0.211914 -0.073486
6.159 1 DESIRED -0.8 1.47 4.2 -80. -45. 815. 2.
6.162 1 ESTIMATOR 0. 0.
6.254 1 ATTITUDE -3.140625 -0.203369 -0.082764
6.257 1 WP_MOVED 9 506213.8125 3566287.5 815. 12
6.260 1 IMU_ACCEL 1.364258 0.374023 9.759766
6.306 1 GPS 0 0 0 0 0 0 0 0 0 0 1
6.321 1 DOWNLINK_STATUS 8 6557 293 0 802. 35. 2.82
6.338 1 NAVIGATION 0 1 0. 0. 8421.2 0. 0 0
6.353 1 ATTITUDE 3.141357 -0.203125 -0.087891
6.359 1 DESIRED -0.8 1.47 4.2 -80. -45. 815. 2.
6.363 1 IMU_GYRO 0.178711 -0.291504 0.074463
6.453 1 ATTITUDE -3.138672 -0.175537 -0.085205
6.457 1 IMU_MAG -0.621582 0.263184 -0.152344
6.459 1 DL_VALUE 6 100.
6.554 1 ATTITUDE 3.140869 -0.201416 -0.076172
6.559 1 DESIRED -0.8 1.47 4.2 -80. -45. 815. 2.
6.565 1 GPS 0 0 0 0 0 0 0 0 0 0 1
6.588 1 NAVIGATION 0 1 0. 0. 8421.2 0. 0 0
6.653 1 ATTITUDE 3.136475 -0.187988 -0.074951
6.656 1 ESTIMATOR 0. 0.
6.657 1 STATE_FILTER_STATUS 3 0
6.754 1 ATTITUDE 3.135742 -0.184082 -0.060059
6.759 1 DESIRED -0.8 1.47 4.2 -80. -45. 815. 2.
6.763 1 WP_MOVED 0 506377. 3566344. 757. 12
6.767 1 NAVIGATION 0 1 0. 0. 8421.2 0. 0 0
6.806 1 GPS 0 0 0 0 0 0 0 0 0 0 1
6.838 1 NAVIGATION 0 1 0. 0. 8421.2 0. 0 0
6.841 1 FBW_STATUS 2 0 1 0 0
6.853 1 ATTITUDE 3.137695 -0.189941 -0.058838
6.936 1 COMMANDS 0,-9600,8396,0
6.953 1 ATTITUDE 3.133789 -0.1875 -0.056396
6.959 1 DESIRED -0.8 1.47 4.2 -80. -45. 815. 2.
6.963 1 IMU_GYRO 0.083008 0.074463 0.116943
6.966 1 BAT 0 0 0 0 1 10 10 0
7.036 1 ACTUATORS 1000,1000,1622,1500
7.054 1 ATTITUDE 3.129883 -0.186523 -0.049072
7.059 1 GPS 0 0 0 0 0 0 0 0 0 0 1
7.062 1 IMU_ACCEL 1.62793 0.512695 9.479492
7.088 1 NAVIGATION 0 1 0. 0. 8421.2 0. 0 0
7.153 1 ATTITUDE 3.131592 -0.181152 -0.050293
7.159 1 DESIRED -0.8 1.47 4.2 -80. -45. 815. 2.
7.162 1 ESTIMATOR 0. 0.
7.253 1 ATTITUDE 3.125488 -0.18457 -0.047607
7.257 1 WP_MOVED 1 506335. 3566302. 765. 12
7.308 1 GPS 0 0 0 0 0 0 0 0 0 0 1
7.322 1 DOWNLINK_STATUS 9 7393 331 0 836. 38. 2.82
7.338 1 NAVIGATION 0 1 0. 0. 8421.2 0. 0 0
7.353 1 ATTITUDE 3.125732 -0.178711 -0.028564
7.359 1 DESIRED -0.8 1.46 4.2 -80. -45. 815. 2.
7.453 1 ATTITUDE 3.121582 -0.177002 -0.031738
7.456 1 NAVIGATION_REF 506335 3566302 12
7.553 1 ATTITUDE 3.117432 -0.182373 -0.05957
7.559 1 DESIRED -0.8 1.46 4.2 -80. -45. 815. 2.
7.565 1 GPS 0 0 0 0 0 0 0 0 0 0 1
7.568 1 IMU_GYRO -0.02124 -0.304199 0.02002
7.571 1 GPS_SOL 0 0 0 0
7.588 1 NAVIGATION 0 1 0. 0. 8421.2 0. 0 0
7.653 1 ATTITUDE 3.122559 -0.168945 -0.093994
7.656 1 ESTIMATOR 0. 0.
7.753 1 ATTITUDE 3.126953 -0.162354 -0.121582
7.759 1 DESIRED -0.8 1.46 4.2 -80. -45. 815. 2.
7.763 1 WP_MOVED 2 506254.8125 3566257.5 815. 12
7.767 1 NAVIGATION 0 1 0. 0. 8421.2 0. 0 0
7.770 1 IMU_MAG -0.661133 0.231445 -0.181152
7.806 1 GPS 0 0 0 0 0 0 0 0 0 0 1
7.838 1 NAVIGATION 0 1 0. 0. 8421.2 0. 0 0
7.853 1 ATTITUDE 3.130371 -0.154297 -0.132812
7.857 1 IMU_ACCEL 2.03125 0.446289 9.489258
7.953 1 ATTITUDE 3.12915 -0.146729 -0.134277
7.959 1 DESIRED -0.8 1.47 4.2 -80. -45. 815. 2.
7.961 1 DL_VALUE 7 2.
7.965 1 ENERGY 0. 0. 0 0.
8.053 1 ATTITUDE 3.125488 -0.141357 -0.121582
8.059 1 GPS 0 0 0 0 0 0 0 0 0 0 1
8.063 1 BAT 0 0 0 0 1 11 11 0
8.067 1 ALIVE 66,64,160,98,74,216,169,216,61,227,14,25,255,18,93,221
8.088 1 NAVIGATION 0 1 0. 0. 8421.2 0. 0 0
8.153 1 ATTITUDE 3.124268 -0.13501 -0.111084
8.159 1 DESIRED -0.8 1.46 4.2 -80. -45. 815. 2.
8.162 1 ESTIMATOR 0. 0.
8.165 1 IMU_GYRO 0.080811 0.114746 0.038086
8.167 1 CALIBRATION -88. 0
8.169 1 PPRZ_MODE 2 3 3 0 0 6
8.253 1 ATTITUDE 3.119141 -0.138428 -0.107422
8.257 1 WP_MOVED 3 506350.5 3566257. 805. 12
8.307 1 GPS 0 0 0 0 0 0 0 0 0 0 1
8.323 1 DOWNLINK_STATUS 10 8274 371 0 881. 40. 2.82
8.338 1 NAVIGATION 0 1 0. 0. 8421.2 0. 0 0
8.353 1 ATTITUDE 3.114746 -0.135742 -0.101074
8.359 1 DESIRED -0.8 1.46 4.2 -80. -45. 815. 2.
8.453 1 ATTITUDE 3.11084 -0.130371 -0.09082
8.553 1 ATTITUDE 3.110107 -0.127686 -0.08667
8.559 1 DESIRED -0.8 1.46 4.2 -80. -45. 815. 2.
8.565 1 GPS 0 0 0 0 0 0 0 0 0 0 1
8.567 1 DOWNLINK 0 825 436
8.588 1 NAVIGATION 0 1 0. 0. 8421.2 0. 0 0
8.653 1 ATTITUDE 3.113281 -0.120117 -0.090332
8.656 1 ESTIMATOR 0. 0.
8.659 1 IMU_ACCEL 2.132812 0.834961 9.792969
8.753 1 ATTITUDE 3.120605 -0.108398 -0.08667
8.759 1 DESIRED -0.8 1.46 4.2 -80. -45. 815. 2.
8.763 1 WP_MOVED 4 506374.40625 3566337.75 805. 12
8.766 1 IMU_GYRO -0.099854 -0.027588 -0.089355
8.770 1 NAVIGATION 0 1 0. 0. 8421.2 0. 0 0
8.808 1 GPS 0 0 0 0 0 0 0 0 0 0 1
8.821 1 PONG 
8.836 1 FBW_STATUS 2 0 1 0 0
8.843 1 NAVIGATION 0 1 0. 0. 8421.2 0. 0 0
8.853 1 ATTITUDE 3.127441 -0.093018 -0.060303
8.855 1 STATE_FILTER_STATUS 3 0
8.953 1 ATTITUDE 3.126709 -0.092773 -0.048584
8.959 1 DESIRED -0.8 1.46 4.2 -80. -45. 815. 2.
9.053 1 ATTITUDE 3.134521 -0.080566 0.004395
9.059 1 GPS 0 0 0 0 0 0 0 0 0 0 1
9.062 1 IMU_MAG -0.567871 0.213867 -0.172363
9.088 1 NAVIGATION 0 1 0. 0. 8421.2 0. 0 0
9.153 1 ATTITUDE 3.131592 -0.088379 0.037354
9.159 1 DESIRED -0.8 1.47 4.2 -80. -45. 815. 2.
9.162 1 ESTIMATOR 0. 0.
9.165 1 BAT 0 0 0 0 1 12 12 0
9.253 1 ATTITUDE 3.129883 -0.093994 0.038818
9.257 1 WP_MOVED 5 506402.3125 3566363.25 820. 12
9.309 1 GPS 0 0 0 0 0 0 0 0 0 0 1
9.323 1 DOWNLINK_STATUS 11 9068 407 0 794. 36. 3.51
9.338 1 NAVIGATION 0 1 0. 0. 8421.2 0. 0 0
9.353 1 ATTITUDE 3.126709 -0.096436 0.048828
9.359 1 DESIRED -0.8 1.46 4.2 -80. -45. 815. 2.
9.362 1 IMU_GYRO -0.04248 0.25415 -0.006348
9.453 1 ATTITUDE 3.126221 -0.097168 0.062012
9.456 1 IMU_ACCEL 0.734375 0.56543 9.569336
9.458 1 DL_VALUE 8 0.
9.553 1 ATTITUDE 3.129639 -0.099609 0.033691
9.559 1 DESIRED -0.8 1.47 4.2 -80. -45. 815. 2.
9.565 1 GPS 0 0 0 0 0 0 0 0 0 0 1
9.568 1 GPS_SOL 0 0 0 0
9.588 1 NAVIGATION 0 1 0. 0. 8421.2 0. 0 0
9.653 1 ATTITUDE 3.127441 -0.10376 0.007324
9.656 1 ESTIMATOR 0. 0.
9.753 1 ATTITUDE 3.127441 -0.104004 -0.013672
9.759 1 DESIRED -0.8 1.46 4.2 -80. -45. 815. 2.
9.763 1 WP_MOVED 6 506374.40625 3566337.75 820. 12
9.767 1 NAVIGATION 0 1 0. 0. 8421.2 0. 0 0
9.809 1 GPS 0 0 0 0 0 0 0 0 0 0 1
9.838 1 NAVIGATION 0 1 0. 0. 8421.2 0. 0 0
9.853 1 ATTITUDE 3.126465 -0.10376 -0.019775
9.953 1 ATTITUDE 3.125488 -0.103516 -0.020752
9.959 1 DESIRED -0.8 1.46 4.2 -80. -45. 815. 2.
9.962 1 IMU_GYRO 0. -0.054199 0.048828
10.053 1 ATTITUDE 3.127197 -0.100586 -0.027588
10.059 1 GPS 0 0 0 0 0 0 0 0 0 0 1
10.088 1 NAVIGATION 0 1 0. 0. 8421.2 0. 0 0
10.153 1 ATTITUDE 3.128906 -0.095215 -0.021973
10.159 1 DESIRED -0.8 1.47 4.2 -80. -45. 815. 2.
10.162 1 ESTIMATOR 0. 0.
10.253 1 ATTITUDE 3.130371 -0.09668 -0.021729
10.257 1 WP_MOVED 7 506350.5 3566270.75 805. 12
10.260 1 IMU_ACCEL 1.334961 0.459961 10.182617
10.263 1 BAT 0 0 0 0 1 13 13 0
10.265 1 CALIBRATION -104. 0
10.310 1 GPS 0 0 0 0 0 0 0 0 0 0 1
10.325 1 DOWNLINK_STATUS 12 9879 443 0 811. 36. 3.51
10.340 1 NAVIGATION 0 1 0. 0. 8421.2 0. 0 0
10.353 1 ATTITUDE 3.131348 -0.093018 -0.023193
10.359 1 DESIRED -0.8 1.47 4.2 -80. -45. 815. 2.
10.362 1 IMU_MAG -0.589844 0.205078 -0.189453
10.453 1 ATTITUDE 3.130859 -0.095947 -0.021729
10.457 1 ENERGY 0. 0. 0 0.
10.553 1 ATTITUDE 3.131592 -0.091553 -0.022949
10.559 1 DESIRED -0.8 1.47 4.2 -80. -45. 815. 2.
10.565 1 GPS 0 0 0 0 0 0 0 0 0 0 1
10.568 1 IMU_GYRO -0.027588 -0.015869 0.024414
10.588 1 NAVIGATION 0 1 0. 0. 8421.2 0. 0 0
10.653 1 ATTITUDE 3.132812 -0.089844 -0.020508
10.656 1 ESTIMATOR 0. 0.
10.753 1 ATTITUDE 3.13501 -0.085449 -0.020264
10.759 1 DESIRED -0.8 1.47 4.2 -80. -45. 815. 2.
10.763 1 WP_MOVED 8 506254.8125 3566257.5 815. 12
10.767 1 NAVIGATION 0 1 0. 0. 8421.2 0. 0 0
10.812 1 GPS 0 0 0 0 0 0 0 0 0 0 1
10.836 1 FBW_STATUS 2 0 1 0 0
10.840 1 NAVIGATION 0 1 0. 0. 8421.2 0. 0 0
10.853 1 ATTITUDE 3.135254 -0.085938 -0.011475
10.953 1 ATTITUDE 3.128662 -0.089355 0.024658
10.959 1 DESIRED -0.8 1.47 4.2 -80. -45. 815. 2.
10.961 1 DL_VALUE 9 1.
11.053 1 ATTITUDE 3.124023 -0.098877 0.047119
11.059 1 GPS 0 0 0 0 0 0 0 0 0 0 1
11.062 1 IMU_ACCEL 0.801758 0.958984 9.332031
11.064 1 STATE_FILTER_STATUS 3 0
11.088 1 NAVIGATION 0 1 0. 0. 8421.2 0. 0 0
11.153 1 ATTITUDE 3.125 -0.099365 0.042969
11.159 1 DESIRED -0.8 1.46 4.2 -80. -45. 815. 2.
11.162 1 ESTIMATOR 0. 0.
11.165 1 IMU_GYRO -0.023193 -0.040283 -0.00415
11.253 1 ATTITUDE 3.125244 -0.10083 0.030273
11.257 1 WP_MOVED 9 506213.8125 3566287.5 815. 12
11.311 1 GPS 0 0 0 0 0 0 0 0 0 0 1
11.327 1 DOWNLINK_STATUS 13 10685 479 0 806. 36. 3.51
11.338 1 NAVIGATION 0 1 0. 0. 8421.2 0. 0 0
11.353 1 ATTITUDE 3.128418 -0.098145 0.033936
11.359 1 DESIRED -0.8 1.47 4.2 -80. -45. 815. 2.
11.363 1 BAT 0 0 0 0 1 14 14 0
11.453 1 ATTITUDE 3.129395 -0.092773 0.04834
11.553 1 ATTITUDE 3.130615 -0.091309 0.057373
11.559 1 DESIRED -0.8 1.47 4.2 -80. -45. 815. 2.
11.565 1 GPS 0 0 0 0 0 0 0 0 0 0 1
11.568 1 GPS_SOL 0 0 0 0
11.588 1 NAVIGATION 0 1 0. 0. 8421.2 0. 0 0
11.653 1 ATTITUDE 3.128174 -0.095703 0.072754
11.656 1 ESTIMATOR 0. 0.
11.659 1 IMU_MAG -0.487305 0.196777 -0.189453
11.753 1 ATTITUDE 3.125244 -0.098389 0.126953
11.759 1 DESIRED -0.8 1.46 4.2 -80. -45. 815. 2.
11.763 1 WP_MOVED 0 506377. 3566344. 757. 12
11.766 1 IMU_GYRO -0.048828 1.136475 -0.125488
11.770 1 NAVIGATION 0 1 0. 0. 8421.2 0. 0 0
11.806 1 GPS 0 0 0 0 0 0 0 0 0 0 1
11.838 1 NAVIGATION 0 1 0. 0. 8421.2 0. 0 0
11.853 1 ATTITUDE 3.122314 -0.098877 0.22998
11.856 1 IMU_ACCEL -1.349609 0.619141 9.436523
11.936 1 COMMANDS 0,-9600,6324,0
11.953 1 ATTITUDE 3.129395 -0.098389 0.32959
11.959 1 DESIRED -0.8 1.47 4.2 -80. -45. 815. 2.
12.036 1 ACTUATORS 1000,1480,1970,1500
12.053 1 ATTITUDE 3.135498 -0.092285 0.409912
12.059 1 GPS 0 0 0 0 0 0 0 0 0 0 1
12.088 1 NAVIGATION 0 1 0. 0. 8421.2 0. 0 0
12.153 1 ATTITUDE -3.136963 -0.089355 0.455322
12.159 1 DESIRED -0.8 1.47 4.2 -80. -45. 815. 2.
12.161 1 ESTIMATOR 0. 0.
12.253 1 ATTITUDE -3.137207 -0.097412 0.486084
12.257 1 WP_MOVED 1 506335. 3566302. 765. 12
12.306 1 GPS 0 0 0 0 0 0 0 0 0 0 1
12.329 1 DOWNLINK_STATUS 14 11486 514 0 801. 35. 3.51
12.338 1 NAVIGATION 0 1 0. 0. 8421.2 0. 0 0
12.353 1 ATTITUDE 3.132324 -0.112793 0.500244
12.359 1 DESIRED -0.8 1.47 4.2 -80. -45. 815. 2.
12.362 1 IMU_GYRO -0.067871 0.3479 0.170166
12.364 1 CALIBRATION -122. 0
12.453 1 ATTITUDE -3.129639 -0.10791 0.506836
12.457 1 BAT 0 0 0 0 1 15 15 0
12.459 1 DL_VALUE 10 0.
12.553 1 ATTITUDE -3.114502 -0.124756 0.545654
12.559 1 DESIRED -0.8 1.46 4.2 -80. -45. 815. 2.
12.565 1 GPS 0 0 0 0 0 0 0 0 0 0 1
12.588 1 NAVIGATION 0 1 0. 0. 8421.2 0. 0 0
12.653 1 ATTITUDE -3.124023 -0.159668 0.614258
12.656 1 ESTIMATOR 0. 0.
12.659 1 IMU_ACCEL -2.098633 -0.239258 11.023438
12.753 1 ATTITUDE -3.100586 -0.094971 0.683838
12.759 1 DESIRED -0.8 1.45 4.2 -80. -45. 815. 2.
12.762 1 WP_MOVED 2 506254.8125 3566257.5 815. 12
12.767 1 NAVIGATION 0 1 0. 0. 8421.2 0. 0 0
12.806 1 GPS 0 0 0 0 0 0 0 0 0 0 1
12.836 1 FBW_STATUS 2 0 1 0 0
12.840 1 NAVIGATION 0 1 0. 0. 8421.2 0. 0 0
12.853 1 ATTITUDE -3.084717 -0.079102 0.763428
12.953 1 ATTITUDE -3.042725 -0.061279 0.889648
12.959 1 DESIRED -0.8 1.43 4.2 -80. -45. 815. 2.
12.962 1 IMU_GYRO -0.553223 1.460938 -0.02002
12.965 1 IMU_MAG 0.10498 0.286133 0.149414
12.969 1 ENERGY 0. 0. 0 0.
13.053 1 ATTITUDE -3.016602 -0.088379 0.985352
13.059 1 GPS 0 0 0 0 0 0 0 0 0 0 1
13.063 1 ALIVE 66,64,160,98,74,216,169,216,61,227,14,25,255,18,93,221
13.088 1 NAVIGATION 0 1 0. 0. 8421.2 0. 0 0
13.153 1 ATTITUDE -2.990723 -0.109375 0.994141
13.159 1 DESIRED -0.8 1.41 4.2 -80. -45. 815. 2.
13.161 1 ESTIMATOR 0. 0.
13.164 1 PPRZ_MODE 2 3 3 0 0 6
13.253 1 ATTITUDE -2.981934 -0.146973 1.026123
13.257 1 WP_MOVED 3 506350.5 3566257. 805. 12
13.258 1 STATE_FILTER_STATUS 3 0
13.306 1 GPS 0 0 0 0 0 0 0 0 0 0 1
13.329 1 DOWNLINK_STATUS 15 12358 554 0 872. 40. 3.51
13.339 1 NAVIGATION 0 1 0. 0. 8421.2 0. 0 0
13.353 1 ATTITUDE -2.887939 -0.090088 1.103516
13.359 1 DESIRED -0.8 1.37 4.2 -80. -45. 815. 2.
13.453 1 ATTITUDE -2.6521 0.195312 1.240234
13.456 1 IMU_ACCEL -10.112305 0.96875 2.473633
13.553 1 ATTITUDE -2.719238 0.096924 1.215576
13.559 1 DESIRED -0.8 1.27 4.2 -80. -45. 815. 2.
13.565 1 GPS 0 0 0 0 0 0 0 0 0 0 1
13.568 1 IMU_GYRO -0.332031 -0.72998 0.453125
13.571 1 BAT 0 0 0 0 1 16 16 0
13.588 1 NAVIGATION 0 1 0. 0. 8421.2 0. 0 0
13.653 1 ATTITUDE -2.683594 0.091064 1.223145
13.655 1 ESTIMATOR 0. 0.
13.657 1 DOWNLINK 1 823 625
13.667 1 WIND_INFO 1 42 0. 0. 0.
13.753 1 ATTITUDE -2.61792 0.121338 1.238037
13.759 1 DESIRED -0.8 1.24 4.2 -80. -45. 815. 2.
13.762 1 WP_MOVED 4 506374.40625 3566337.75 805. 12
13.767 1 NAVIGATION 0 1 0. 0. 8421.2 0. 0 0
13.806 1 GPS 0 0 0 0 0 0 0 0 0 0 1
13.823 1 PONG 
13.841 1 NAVIGATION 0 1 0. 0. 8421.2 0. 0 0
13.853 1 ATTITUDE -1.400391 1.384033 1.375732
13.953 1 ATTITUDE -0.631348 2.185303 1.173828
13.959 1 DESIRED -0.8 0.38 4.2 -80. -45. 815. 2.
13.961 1 DL_VALUE 11 1.
14.053 1 ATTITUDE -0.440918 2.315918 1.027588
14.059 1 GPS 0 0 0 0 0 0 0 0 0 0 1
14.088 1 NAVIGATION 0 1 0. 0. 8421.2 0. 0 0
14.153 1 ATTITUDE -0.361816 2.364502 0.90332
14.159 1 DESIRED -0.8 0.26 4.2 -80. -45. 815. 2.
14.161 1 ESTIMATOR 0. 0.
14.164 1 IMU_GYRO 0.065918 0.951172 -0.043457
14.253 1 ATTITUDE -0.333984 2.308105 0.837646
14.256 1 WP_MOVED 5 506402.3125 3566363.25 820. 12
14.260 1 IMU_ACCEL -7.474609 -0.800781 -5.380859
14.263 1 IMU_MAG 0.254395 0.32666 1.196777
14.306 1 GPS 0 0 0 0 0 0 0 0 0 0 1
14.329 1 DOWNLINK_STATUS 16 13176 591 0 818. 37. 2.67
14.338 1 NAVIGATION 0 1 0. 0. 8421.2 0. 0 0
14.353 1 ATTITUDE -0.299072 2.26416 0.783203
14.359 1 DESIRED -0.8 0.23 4.2 -80. -45. 815. 2.
14.453 1 ATTITUDE -0.26416 2.262939 0.685791
14.455 1 CALIBRATION -138. 0
14.553 1 ATTITUDE -0.260742 2.216797 0.648193
14.559 1 DESIRED -0.8 0.21 4.2 -80. -45. 815. 2.
14.565 1 GPS 0 0 0 0 0 0 0 0 0 0 1
14.588 1 NAVIGATION 0 1 0. 0. 8421.2 0. 0 0
14.653 1 ATTITUDE -0.238037 2.185059 0.624512
14.655 1 ESTIMATOR 0. 0.
14.659 1 BAT 0 0 0 0 1 17 17 0
14.753 1 ATTITUDE -0.240967 2.125732 0.582764
14.759 1 DESIRED -0.8 0.21 4.2 -80. -45. 815. 2.
14.762 1 WP_MOVED 6 506374.40625 3566337.75 820. 12
14.765 1 IMU_GYRO 0.197754 0.460693 0.033936
14.770 1 NAVIGATION 0 1 0. 0. 8421.2 0. 0 0
14.806 1 GPS 0 0 0 0 0 0 0 0 0 0 1
14.836 1 FBW_STATUS 2 0 1 0 0
14.840 1 NAVIGATION 0 1 0. 0. 8421.2 0. 0 0
14.853 1 ATTITUDE -0.239258 2.088379 0.548828
14.953 1 ATTITUDE -0.234375 2.031006 0.530762
14.959 1 DESIRED -0.8 0.2 4.2 -80. -45. 815. 2.
15.053 1 ATTITUDE -0.22998 1.976074 0.530029
15.059 1 GPS 0 0 0 0 0 0 0 0 0 0 1
15.062 1 IMU_ACCEL -6.047852 -0.762695 -8.482422
15.088 1 NAVIGATION 0 1 0. 0. 8421.2 0. 0 0
15.153 1 ATTITUDE -0.223389 1.90918 0.521729
15.159 1 DESIRED -0.8 0.2 4.2 -80. -45. 815. 2.
15.161 1 ESTIMATOR 0. 0.
15.253 1 ATTITUDE -0.21167 1.845947 0.520996
15.256 1 WP_MOVED 7 506350.5 3566270.75 805. 12
15.306 1 GPS 0 0 0 0 0 0 0 0 0 0 1
15.330 1 DOWNLINK_STATUS 17 13937 624 0 761. 33. 2.67
15.338 1 NAVIGATION 0 1 0. 0. 8421.2 0. 0 0
15.353 1 ATTITUDE -0.199951 1.767334 0.550293
15.359 1 DESIRED -0.8 0.19 4.2 -80. -45. 815. 2.
15.362 1 IMU_GYRO -0.351074 -0.863037 -0.076416
15.453 1 ATTITUDE -0.201904 1.676758 0.620361
15.455 1 DL_VALUE 0 0.
15.456 1 STATE_FILTER_STATUS 3 0
15.460 1 ENERGY 0. 0. 0 0.
15.553 1 ATTITUDE -0.197754 1.601318 0.643799
15.559 1 DESIRED -0.8 0.19 4.2 -80. -45. 815. 2.
15.565 1 GPS 0 0 0 0 0 0 0 0 0 0 1
15.568 1 IMU_MAG 0.22998 0.300781 1.366699
15.571 1 GPS_SOL 0 0 0 0
15.588 1 NAVIGATION 0 1 0. 0. 8421.2 0. 0 0
15.653 1 ATTITUDE -0.211426 1.501465 0.782471
15.655 1 ESTIMATOR 0. 0.
15.753 1 ATTITUDE -0.544678 1.000732 1.287354
15.759 1 DESIRED -0.8 0.34 4.2 -80. -45. 815. 2.
15.762 1 WP_MOVED 8 506254.8125 3566257.5 815. 12
15.767 1 NAVIGATION 0 1 0. 0. 8421.2 0. 0 0
15.770 1 BAT 0 0 0 0 1 18 18 0
15.806 1 GPS 0 0 0 0 0 0 0 0 0 0 1
15.838 1 NAVIGATION 0 1 0. 0. 8421.2 0. 0 0
15.853 1 ATTITUDE -2.410645 -0.985107 1.378418
15.856 1 IMU_ACCEL -8.512695 -1.592773 4.611328
15.953 1 ATTITUDE -2.724365 -1.318359 1.240234
15.959 1 DESIRED -0.8 1.29 4.2 -80. -45. 815. 2.
15.962 1 IMU_GYRO 0.42334 -1.920654 0.398926
16.053 1 ATTITUDE -2.919922 -1.513672 1.029541
16.059 1 GPS 0 0 0 0 0 0 0 0 0 0 1
16.088 1 NAVIGATION 0 1 0. 0. 8421.2 0. 0 0
16.153 1 ATTITUDE -3.007812 -1.608887 0.803711
16.159 1 DESIRED -0.8 1.41 4.2 -80. -45. 815. 2.
16.161 1 ESTIMATOR 0. 0.
16.253 1 ATTITUDE -3.042725 -1.641113 0.64917
16.256 1 WP_MOVED 9 506213.8125 3566287.5 815. 12
16.305 1 GPS 0 0 0 0 0 0 0 0 0 0 1
16.331 1 DOWNLINK_STATUS 18 14766 661 0 829. 37. 2.67
16.338 1 NAVIGATION 0 1 0. 0. 8421.2 0. 0 0
16.353 1 ATTITUDE -3.037598 -1.61499 0.614014
16.359 1 DESIRED -0.8 1.43 4.2 -80. -45. 815. 2.
16.453 1 ATTITUDE -3.045654 -1.5979 0.571045
16.455 1 NAVIGATION_REF 506335 3566302 12
16.553 1 ATTITUDE -3.047119 -1.571289 0.550293
16.559 1 DESIRED -0.8 1.43 4.2 -80. -45. 815. 2.
16.565 1 GPS 0 0 0 0 0 0 0 0 0 0 1
16.568 1 IMU_GYRO -0.048828 -0.112793 0.089355
16.570 1 CALIBRATION -150. 0
16.588 1 NAVIGATION 0 1 0. 0. 8421.2 0. 0 0
16.653 1 ATTITUDE -3.050781 -1.54541 0.51709
16.655 1 ESTIMATOR 0. 0.
16.658 1 IMU_ACCEL -4.05957 0.15332 9.456055
16.753 1 ATTITUDE -3.063232 -1.523926 0.470947
16.759 1 DESIRED -0.8 1.44 4.2 -80. -45. 815. 2.
16.762 1 WP_MOVED 0 506377. 3566344. 757. 12
16.767 1 NAVIGATION 0 1 0. 0. 8421.2 0. 0 0
16.805 1 GPS 0 0 0 0 0 0 0 0 0 0 1
16.835 1 FBW_STATUS 2 0 1 0 0
16.840 1 NAVIGATION 0 1 0. 0. 8421.2 0. 0 0
16.853 1 ATTITUDE -3.068115 -1.491211 0.453613
16.856 1 BAT 0 0 0 0 1 20 20 0
16.859 1 IMU_MAG -0.367188 0.286133 -0.074707
16.936 1 COMMANDS 0,9600,5516,0
16.953 1 ATTITUDE -3.072998 -1.456787 0.435303
16.959 1 DESIRED -0.8 1.44 4.2 -80. -45. 815. 2.
16.961 1 DL_VALUE 1 0.
17.036 1 ACTUATORS 1000,1495,1955,1500
17.053 1 ATTITUDE -3.071289 -1.417969 0.428955
17.059 1 GPS 0 0 0 0 0 0 0 0 0 0 1
17.088 1 NAVIGATION 0 1 0. 0. 8421.2 0. 0 0
17.153 1 ATTITUDE -3.073242 -1.380371 0.400635
17.159 1 DESIRED -0.8 1.44 4.2 -80. -45. 815. 2.
17.161 1 ESTIMATOR 0. 0.
17.164 1 IMU_GYRO 0.084961 -0.429932 0.09668
17.253 1 ATTITUDE -3.080322 -1.34082 0.366211
17.256 1 WP_MOVED 1 506335. 3566302. 765. 12
17.305 1 GPS 0 0 0 0 0 0 0 0 0 0 1
17.333 1 DOWNLINK_STATUS 19 15619 700 0 853. 39. 2.67
17.340 1 NAVIGATION 0 1 0. 0. 8421.2 0. 0 0
17.354 1 ATTITUDE -3.081787 -1.298828 0.334717
17.360 1 DESIRED -0.8 1.44 4.2 -80. -45. 815. 2.
17.453 1 ATTITUDE -3.091553 -1.26123 0.280518
17.456 1 IMU_ACCEL -1.810547 0.167969 9.869141
17.553 1 ATTITUDE -3.101807 -1.219238 0.232422
17.559 1 DESIRED -0.8 1.45 4.2 -80. -45. 815. 2.
17.564 1 GPS 0 0 0 0 0 0 0 0 0 0 1
17.567 1 GPS_SOL 0 0 0 0
17.591 1 NAVIGATION 0 1 0. 0. 8421.2 0. 0 0
17.653 1 ATTITUDE -3.106689 -1.170898 0.182861
17.655 1 ESTIMATOR 0. 0.
17.657 1 STATE_FILTER_STATUS 3 0
17.753 1 ATTITUDE -3.109619 -1.120117 0.155273
17.759 1 DESIRED -0.8 1.46 4.2 -80. -45. 815. 2.
17.762 1 WP_MOVED 2 506254.8125 3566257.5 815. 12
17.765 1 IMU_GYRO 0.051025 -0.116943 0.064697
17.770 1 NAVIGATION 0 1 0. 0. 8421.2 0. 0 0
17.805 1 GPS 0 0 0 0 0 0 0 0 0 0 1
17.838 1 NAVIGATION 0 1 0. 0. 8421.2 0. 0 0
17.853 1 ATTITUDE -3.11084 -1.070068 0.167725
17.953 1 ATTITUDE -3.112793 -1.021484 0.158936
17.959 1 DESIRED -0.8 1.46 4.2 -80. -45. 815. 2.
17.962 1 BAT 0 0 0 0 1 21 21 0
17.966 1 ENERGY 0. 0. 0 0.
18.053 1 ATTITUDE -3.114746 -0.975586 0.138184
18.058 1 GPS 0 0 0 0 0 0 0 0 0 0 1
18.062 1 ALIVE 66,64,160,98,74,216,169,216,61,227,14,25,255,18,93,221
18.088 1 NAVIGATION 0 1 0. 0. 8421.2 0. 0 0
18.153 1 ATTITUDE -3.116211 -0.925293 0.126709
18.159 1 DESIRED -0.8 1.46 4.2 -80. -45. 815. 2.
18.161 1 ESTIMATOR 0. 0.
18.164 1 IMU_MAG -0.597168 0.237305 -0.132324
18.166 1 PPRZ_MODE 2 3 3 0 0 6
18.253 1 ATTITUDE -3.109863 -0.871582 0.12793
18.256 1 WP_MOVED 3 506350.5 3566257. 805. 12
18.259 1 IMU_ACCEL 0.446289 0.378906 9.15625
18.305 1 GPS 0 0 0 0 0 0 0 0 0 0 1
18.332 1 DOWNLINK_STATUS 20 16472 738 0 853. 38. 2.67
18.338 1 NAVIGATION 0 1 0. 0. 8421.2 0. 0 0
18.353 1 ATTITUDE -3.11084 -0.826172 0.131836
18.359 1 DESIRED -0.8 1.46 4.2 -80. -45. 815. 2.
18.362 1 IMU_GYRO -0.006348 0.069092 -0.02124
18.453 1 ATTITUDE -3.109619 -0.780273 0.13501
18.455 1 DL_VALUE 2 815.
18.553 1 ATTITUDE -3.108643 -0.744385 0.137939
18.559 1 DESIRED -0.8 1.46 4.2 -80. -45. 815. 2.
18.564 1 GPS 0 0 0 0 0 0 0 0 0 0 1
18.588 1 NAVIGATION 0 1 0. 0. 8421.2 0. 0 0
18.653 1 ATTITUDE -3.107178 -0.705078 0.138184
18.655 1 ESTIMATOR 0. 0.
18.657 1 CALIBRATION -150. 0
18.753 1 ATTITUDE -3.107178 -0.672119 0.130371
18.759 1 DESIRED -0.8 1.46 4.2 -80. -45. 815. 2.
18.762 1 WP_MOVED 4 506374.40625 3566337.75 805. 12
18.767 1 NAVIGATION 0 1 0. 0. 8421.2 0. 0 0
18.769 1 DOWNLINK 1 822 813
18.805 1 GPS 0 0 0 0 0 0 0 0 0 0 1
18.825 1 PONG 
18.837 1 FBW_STATUS 2 0 1 0 0
18.842 1 NAVIGATION 0 1 0. 0. 8421.2 0. 0 0
18.853 1 ATTITUDE -3.108643 -0.640137 0.102783
18.953 1 ATTITUDE -3.108887 -0.612305 0.070068
18.959 1 DESIRED -0.8 1.46 4.2 -80. -45. 815. 2.
18.962 1 IMU_GYRO -0.019043 0.076416 -0.00415
19.053 1 ATTITUDE -3.108398 -0.579102 0.066162
19.058 1 GPS 0 0 0 0 0 0 0 0 0 0 1
19.062 1 IMU_ACCEL 0.235352 0.436523 9.574219
19.065 1 BAT 0 0 0 0 1 22 22 0
19.088 1 NAVIGATION 0 1 0. 0. 8421.2 0. 0 0
19.153 1 ATTITUDE -3.109863 -0.547119 0.057861
19.159 1 DESIRED -0.8 1.46 4.2 -80. -45. 815. 2.
19.161 1 ESTIMATOR 0. 0.
19.253 1 ATTITUDE -3.107422 -0.518555 0.061523
19.256 1 WP_MOVED 5 506402.3125 3566363.25 820. 12
19.305 1 GPS 0 0 0 0 0 0 0 0 0 0 1
19.333 1 DOWNLINK_STATUS 21 17279 775 0 807. 37. 3.13
19.337 1 NAVIGATION 0 1 0. 0. 8421.2 0. 0 0
19.353 1 ATTITUDE -3.105713 -0.490234 0.054199
19.359 1 DESIRED -0.8 1.46 4.2 -80. -45. 815. 2.
19.453 1 ATTITUDE -3.106445 -0.4646 0.043213
19.456 1 IMU_MAG -0.648926 0.248535 -0.132324
19.553 1 ATTITUDE -3.111816 -0.443115 0.029297
19.559 1 DESIRED -0.8 1.46 4.2 -80. -45. 815. 2.
19.564 1 GPS 0 0 0 0 0 0 0 0 0 0 1
19.567 1 IMU_GYRO 0.036133 0.047852 0.034912
19.570 1 GPS_SOL 0 0 0 0
19.587 1 NAVIGATION 0 1 0. 0. 8421.2 0. 0 0
19.653 1 ATTITUDE -3.112305 -0.418457 0.038086
19.655 1 ESTIMATOR 0. 0.
19.753 1 ATTITUDE -3.112061 -0.398193 0.037598
19.759 1 DESIRED -0.8 1.46 4.2 -80. -45. 815. 2.
19.762 1 WP_MOVED 6 506374.40625 3566337.75 820. 12
19.767 1 NAVIGATION 0 1 0. 0. 8421.2 0. 0 0
19.805 1 GPS 0 0 0 0 0 0 0 0 0 0 1
19.838 1 NAVIGATION 0 1 0. 0. 8421.2 0. 0 0
19.853 1 ATTITUDE -3.112549 -0.376221 0.043213
19.856 1 IMU_ACCEL 0.556641 0.575195 9.774414
19.856 1 STATE_FILTER_STATUS 3 0
19.953 1 ATTITUDE -3.111328 -0.357422 0.047607
19.959 1 DESIRED -0.8 1.46 4.2 -80. -45. 815. 2.
19.960 1 DL_VALUE 3 0.
20.053 1 ATTITUDE -3.109619 -0.338379 0.047607
20.058 1 GPS 0 0 0 0 0 0 0 0 0 0 1
20.087 1 NAVIGATION 0 1 0. 0. 8421.2 0. 0 0
20.153 1 ATTITUDE -3.108887 -0.32251 0.056152
20.159 1 DESIRED -0.8 1.46 4.2 -80. -45. 815. 2.
20.161 1 ESTIMATOR 0. 0.
20.164 1 IMU_GYRO 0. -0.112793 -0.027588
20.168 1 BAT 0 0 0 0 1 23 23 0
20.253 1 ATTITUDE -3.108887 -0.304932 0.05127
20.256 1 WP_MOVED 7 506350.5 3566270.75 805. 12
20.305 1 GPS 0 0 0 0 0 0 0 0 0 0 1
20.333 1 DOWNLINK_STATUS 22 18088 811 0 809. 36. 3.13
20.337 1 NAVIGATION 0 1 0. 0. 8421.2 0. 0 0
20.353 1 ATTITUDE -3.110107 -0.288818 0.059814
20.359 1 DESIRED -0.8 1.46 4.2 -80. -45. 815. 2.
20.453 1 ATTITUDE -3.111328 -0.272949 0.058838
20.456 1 ENERGY 0. 0. 0 0.
20.553 1 ATTITUDE -3.113281 -0.259033 0.057129
20.559 1 DESIRED -0.8 1.46 4.2 -80. -45. 815. 2.
20.564 1 GPS 0 0 0 0 0 0 0 0 0 0 1
20.587 1 NAVIGATION 0 1 0. 0. 8421.2 0. 0 0
20.653 1 ATTITUDE -3.111328 -0.244873 0.052734
20.655 1 ESTIMATOR 0. 0.
20.658 1 IMU_ACCEL 0.676758 0.474609 9.669922
20.753 1 ATTITUDE -3.111572 -0.233643 0.046387
20.758 1 DESIRED -0.8 1.46 4.2 -80. -45. 815. 2.
20.762 1 WP_MOVED 8 506254.8125 3566257.5 815. 12
20.765 1 IMU_GYRO 0.016846 -0.063721 0.005127
20.770 1 NAVIGATION 0 1 0. 0. 8421.2 0. 0 0
20.772 1 CALIBRATION -150. 0
20.805 1 GPS 0 0 0 0 0 0 0 0 0 0 1
20.835 1 FBW_STATUS 2 0 1 0 0
20.840 1 NAVIGATION 0 1 0. 0. 8421.2 0. 0 0
20.853 1 ATTITUDE -3.112061 -0.223389 0.04834
20.953 1 ATTITUDE -3.113525 -0.215576 0.049316
20.958 1 DESIRED -0.8 1.46 4.2 -80. -45. 815. 2.
21.053 1 ATTITUDE -3.11499 -0.207031 0.049805
21.058 1 GPS 0 0 0 0 0 0 0 0 0 0 1
21.087 1 NAVIGATION 0 1 0. 0. 8421.2 0. 0 0
21.153 1 ATTITUDE -3.114502 -0.198242 0.051025
21.158 1 DESIRED -0.8 1.46 4.2 -80. -45. 815. 2.
21.161 1 ESTIMATOR 0. 0.
21.253 1 ATTITUDE -3.114502 -0.1875 0.049805
21.256 1 WP_MOVED 9 506213.8125 3566287.5 815. 12
21.259 1 BAT 0 0 0 0 1 24 24 0
21.305 1 GPS 0 0 0 0 0 0 0 0 0 0 1
21.335 1 DOWNLINK_STATUS 23 18869 845 0 781. 34. 3.13
21.337 1 NAVIGATION 0 1 0. 0. 8421.2 0. 0 0
21.353 1 ATTITUDE -3.116211 -0.181885 0.049561
21.358 1 DESIRED -0.8 1.46 4.2 -80. -45. 815. 2.
21.362 1 IMU_GYRO -0.008301 0.009521 -0.006348
21.453 1 ATTITUDE -3.11792 -0.175537 0.047852
21.456 1 IMU_ACCEL -0.061523 0.614258 9.764648
21.458 1 DL_VALUE 4 0.
21.553 1 ATTITUDE -3.118652 -0.168213 0.050537
21.558 1 DESIRED -0.8 1.46 4.2 -80. -45. 815. 2.
21.564 1 GPS 0 0 0 0 0 0 0 0 0 0 1
21.567 1 GPS_SOL 0 0 0 0
21.587 1 NAVIGATION 0 1 0. 0. 8421.2 0. 0 0
21.653 1 ATTITUDE -3.118164 -0.163086 0.052246
21.655 1 ESTIMATOR 0. 0.
21.753 1 ATTITUDE -3.116699 -0.157227 0.051025
21.758 1 DESIRED -0.8 1.46 4.2 -80. -45. 815. 2.
21.762 1 WP_MOVED 0 506377. 3566344. 757. 12
21.766 1 NAVIGATION 0 1 0. 0. 8421.2 0. 0 0
21.805 1 GPS 0 0 0 0 0 0 0 0 0 0 1
21.837 1 NAVIGATION 0 1 0. 0. 8421.2 0. 0 0
21.853 1 ATTITUDE -3.116455 -0.151855 0.052002
21.935 1 COMMANDS 0,9600,7746,0
21.953 1 ATTITUDE -3.11377 -0.144287 0.050781
21.958 1 DESIRED -0.8 1.46 4.2 -80. -45. 815. 2.
21.962 1 IMU_GYRO 0.006348 0.006348 -0.007324
22.035 1 ACTUATORS 1000,1403,2000,1500
22.053 1 ATTITUDE -3.114258 -0.13916 0.050049
22.058 1 GPS 0 0 0 0 0 0 0 0 0 0 1
22.061 1 IMU_MAG -0.646484 0.234375 -0.123535
22.063 1 STATE_FILTER_STATUS 3 0
22.087 1 NAVIGATION 0 1 0. 0. 8421.2 0. 0 0
22.152 1 ATTITUDE -3.111816 -0.134033 0.048584
22.158 1 DESIRED -0.8 1.46 4.2 -80. -45. 815. 2.
22.161 1 ESTIMATOR 0. 0.
22.252 1 ATTITUDE -3.109375 -0.130127 0.048584
22.256 1 WP_MOVED 1 506335. 3566302. 765. 12
22.259 1 IMU_ACCEL 0.59082 0.402344 9.62207
22.305 1 GPS 0 0 0 0 0 0 0 0 0 0 1
22.340 1 DOWNLINK_STATUS 24 19706 883 0 837. 38. 3.13
22.340 1 NAVIGATION 0 1 0. 0. 8421.2 0. 0 0
22.352 1 ATTITUDE -3.109863 -0.128418 0.049805
22.358 1 DESIRED -0.8 1.46 4.2 -80. -45. 815. 2.
22.362 1 BAT 0 0 0 0 1 25 25 0
22.452 1 ATTITUDE -3.111572 -0.127441 0.051025
22.552 1 ATTITUDE -3.114258 -0.127686 0.054443
22.558 1 DESIRED -0.8 1.46 4.2 -80. -45. 815. 2.
22.564 1 GPS 0 0 0 0 0 0 0 0 0 0 1
22.567 1 IMU_GYRO 0.048828 0.041504 0.066895
22.587 1 NAVIGATION 0 1 0. 0. 8421.2 0. 0 0
22.652 1 ATTITUDE -3.116699 -0.127197 0.056152
22.655 1 ESTIMATOR 0. 0.
22.752 1 ATTITUDE -3.117432 -0.125 0.056885
22.758 1 DESIRED -0.8 1.46 4.2 -80. -45. 815. 2.
22.762 1 WP_MOVED 2 506254.8125 3566257.5 815. 12
22.766 1 NAVIGATION 0 1 0. 0. 8421.2 0. 0 0
22.805 1 GPS 0 0 0 0 0 0 0 0 0 0 1
22.845 1 FBW_STATUS 2 0 1 0 0
22.845 1 NAVIGATION 0 1 0. 0. 8421.2 0. 0 0
22.852 1 ATTITUDE -3.114502 -0.12085 0.056641
22.854 1 CALIBRATION -150. 0
22.952 1 ATTITUDE -3.112793 -0.116943 0.05542
22.958 1 DESIRED -0.8 1.46 4.2 -80. -45. 815. 2.
22.960 1 DL_VALUE 5 0.
22.964 1 ENERGY 0. 0. 0 0.
23.052 1 ATTITUDE -3.113037 -0.11499 0.053467
23.058 1 GPS 0 0 0 0 0 0 0 0 0 0 1
23.061 1 IMU_ACCEL 0.206055 0.609375 9.498047
23.065 1 ALIVE 66,64,160,98,74,216,169,216,61,227,14,25,255,18,93,221
23.087 1 NAVIGATION 0 1 0. 0. 8421.2 0. 0 0
23.152 1 ATTITUDE -3.116943 -0.112549 0.05249
23.158 1 DESIRED -0.8 1.46 4.2 -80. -45. 815. 2.
23.161 1 ESTIMATOR 0. 0.
23.164 1 IMU_GYRO 0.029785 -0.032959 0.
23.166 1 PPRZ_MODE 2 3 3 0 0 6
23.252 1 ATTITUDE -3.114258 -0.106201 0.05127
23.256 1 WP_MOVED 3 506350.5 3566257. 805. 12
23.305 1 GPS 0 0 0 0 0 0 0 0 0 0 1
23.336 1 DOWNLINK_STATUS 25 20551 921 0 845. 38. 3.13
23.337 1 NAVIGATION 0 1 0. 0. 8421.2 0. 0 0
23.352 1 ATTITUDE -3.112549 -0.105713 0.050781
23.359 1 DESIRED -0.8 1.46 4.2 -80. -45. 815. 2.
23.361 1 IMU_MAG -0.629395 0.242676 -0.123535
23.452 1 ATTITUDE -3.115234 -0.10083 0.05249
23.456 1 BAT 0 0 0 0 1 26 26 0
23.553 1 ATTITUDE -3.113281 -0.101074 0.059814
23.558 1 DESIRED -0.8 1.46 4.2 -80. -45. 815. 2.
23.564 1 GPS 0 0 0 0 0 0 0 0 0 0 1
23.567 1 GPS_SOL 0 0 0 0
23.587 1 NAVIGATION 0 1 0. 0. 8421.2 0. 0 0
23.652 1 ATTITUDE -3.114746 -0.101562 0.056641
23.655 1 ESTIMATOR 0. 0.
23.667 1 WIND_INFO 1 42 0. 0. 0.
23.752 1 ATTITUDE -3.115234 -0.102295 0.059814
23.758 1 DESIRED -0.8 1.46 4.2 -80. -45. 815. 2.
23.762 1 WP_MOVED 4 506374.40625 3566337.75 805. 12
23.765 1 IMU_GYRO 0. 0.046631 0.051025
23.769 1 NAVIGATION 0 1 0. 0. 8421.2 0. 0 0
23.805 1 GPS 0 0 0 0 0 0 0 0 0 0 1
23.828 1 PONG 
23.840 1 NAVIGATION 0 1 0. 0. 8421.2 0. 0 0
23.854 1 ATTITUDE -3.117432 -0.10083 0.058105
23.856 1 IMU_ACCEL -0.013672 0.431641 9.935547
23.857 1 DOWNLINK 2 826 1002
23.952 1 ATTITUDE -3.115234 -0.097656 0.055664
23.958 1 DESIRED -0.8 1.46 4.2 -80. -45. 815. 2.
24.052 1 ATTITUDE -3.112549 -0.092041 0.050781
24.058 1 GPS 0 0 0 0 0 0 0 0 0 0 1
24.087 1 NAVIGATION 0 1 0. 0. 8421.2 0. 0 0
24.152 1 ATTITUDE -3.119385 -0.093018 0.052979
24.158 1 DESIRED -0.8 1.46 4.2 -80. -45. 815. 2.
24.161 1 ESTIMATOR 0. 0.
24.252 1 ATTITUDE -3.118896 -0.091553 0.052246
24.256 1 WP_MOVED 5 506402.3125 3566363.25 820. 12
24.257 1 STATE_FILTER_STATUS 3 0
24.305 1 GPS 0 0 0 0 0 0 0 0 0 0 1
24.335 1 DOWNLINK_STATUS 26 21348 957 0 797. 36. 2.61
24.337 1 NAVIGATION 0 1 0. 0. 8421.2 0. 0 0
24.352 1 ATTITUDE -3.118652 -0.091064 0.050537
24.358 1 DESIRED -0.8 1.46 4.2 -80. -45. 815. 2.
24.361 1 IMU_GYRO -0.02124 -0.026367 0.005127
24.452 1 ATTITUDE -3.118896 -0.09082 0.048584
24.454 1 DL_VALUE 6 100.
24.552 1 ATTITUDE -3.120605 -0.089355 0.047363
24.558 1 DESIRED -0.8 1.46 4.2 -80. -45. 815. 2.
24.564 1 GPS 0 0 0 0 0 0 0 0 0 0 1
24.567 1 BAT 0 0 0 0 1 27 27 0
24.587 1 NAVIGATION 0 1 0. 0. 8421.2 0. 0 0
24.652 1 ATTITUDE -3.121338 -0.087646 0.04834
24.655 1 ESTIMATOR 0. 0.
24.658 1 IMU_ACCEL 0.369141 0.479492 9.745117
24.661 1 IMU_MAG -0.63916 0.234375 -0.132324
24.752 1 ATTITUDE -3.119629 -0.087402 0.049561
24.758 1 DESIRED -0.8 1.46 4.2 -80. -45. 815. 2.
24.762 1 WP_MOVED 6 506374.40625 3566337.75 820. 12
24.766 1 NAVIGATION 0 1 0. 0. 8421.2 0. 0 0
24.805 1 GPS 0 0 0 0 0 0 0 0 0 0 1
24.837 1 NAVIGATION 0 1 0. 0. 8421.2 0. 0 0
24.840 1 FBW_STATUS 2 0 1 0 0
24.852 1 ATTITUDE -3.117432 -0.085205 0.047607
24.952 1 ATTITUDE -3.11792 -0.085205 0.048096
24.958 1 DESIRED -0.8 1.46 4.2 -80. -45. 815. 2.
24.961 1 IMU_GYRO 0.016846 -0.057373 0.014893
24.963 1 CALIBRATION -150. 0
25.052 1 ATTITUDE -3.118896 -0.084717 0.047607
25.058 1 GPS 0 0 0 0 0 0 0 0 0 0 1
25.087 1 NAVIGATION 0 1 0. 0. 8421.2 0. 0 0
25.152 1 ATTITUDE -3.121338 -0.085693 0.048096
25.158 1 DESIRED -0.8 1.46 4.2 -80. -45. 815. 2.
25.161 1 ESTIMATOR 0. 0.
25.252 1 ATTITUDE -3.120605 -0.083984 0.046875
25.256 1 WP_MOVED 7 506350.5 3566270.75 805. 12
25.305 1 GPS 0 0 0 0 0 0 0 0 0 0 1
25.336 1 DOWNLINK_STATUS 27 22156 993 0 808. 36. 2.61
25.337 1 NAVIGATION 0 1 0. 0. 8421.2 0. 0 0
25.359 1 ATTITUDE -3.115479 -0.08252 0.047363
25.359 1 DESIRED -0.8 1.46 4.2 -80. -45. 815. 2.
25.452 1 ATTITUDE -3.119141 -0.082275 0.04541
25.455 1 IMU_ACCEL 0.331055 0.527344 9.673828
25.459 1 ENERGY 0. 0. 0 0.
25.461 1 NAVIGATION_REF 506335 3566302 12
25.552 1 ATTITUDE -3.119873 -0.084961 0.050293
25.558 1 DESIRED -0.8 1.46 4.2 -80. -45. 815. 2.
25.564 1 GPS 0 0 0 0 0 0 0 0 0 0 1
25.567 1 IMU_GYRO 0.063721 -0.044678 0.073242
25.570 1 GPS_SOL 0 0 0 0
25.587 1 NAVIGATION 0 1 0. 0. 8421.2 0. 0 0
25.652 1 ATTITUDE -3.121582 -0.085938 0.048584
25.655 1 ESTIMATOR 0. 0.
25.658 1 BAT 0 0 0 0 1 28 28 0
25.752 1 ATTITUDE -3.123291 -0.086426 0.051514
25.758 1 DESIRED -0.8 1.46 4.2 -80. -45. 815. 2.
25.762 1 WP_MOVED 8 506254.8125 3566257.5 815. 12
25.766 1 NAVIGATION 0 1 0. 0. 8421.2 0. 0 0
25.805 1 GPS 0 0 0 0 0 0 0 0 0 0 1
25.837 1 NAVIGATION 0 1 0. 0. 8421.2 0. 0 0
25.852 1 ATTITUDE -3.120361 -0.08252 0.049805
25.952 1 ATTITUDE -3.120361 -0.082764 0.052002
25.958 1 DESIRED -0.8 1.46 4.2 -80. -45. 815. 2.
25.961 1 IMU_MAG -0.634277 0.225586 -0.132324
25.962 1 DL_VALUE 7 2.
26.052 1 ATTITUDE -3.11792 -0.079346 0.049561
26.058 1 GPS 0 0 0 0 0 0 0 0 0 0 1
26.087 1 NAVIGATION 0 1 0. 0. 8421.2 0. 0 0
26.152 1 ATTITUDE -3.118896 -0.081055 0.051758
26.158 1 DESIRED -0.8 1.46 4.2 -80. -45. 815. 2.
26.161 1 ESTIMATOR 0. 0.
26.164 1 IMU_GYRO -0.027588 -0.032959 -0.000977
26.252 1 ATTITUDE -3.117676 -0.080322 0.053467
26.256 1 WP_MOVED 9 506213.8125 3566287.5 815. 12
26.259 1 IMU_ACCEL 0.383789 0.421875 9.669922
26.305 1 GPS 0 0 0 0 0 0 0 0 0 0 1
26.336 1 DOWNLINK_STATUS 28 23009 1031 0 853. 38. 2.61
26.337 1 NAVIGATION 0 1 0. 0. 8421.2 0. 0 0
26.352 1 ATTITUDE -3.118652 -0.08374 0.052979
26.358 1 DESIRED -0.8 1.46 4.2 -80. -45. 815. 2.
26.452 1 ATTITUDE -3.122314 -0.087402 0.054443
26.454 1 STATE_FILTER_STATUS 3 0
26.552 1 ATTITUDE -3.125 -0.088623 0.05542
26.558 1 DESIRED -0.8 1.46 4.2 -80. -45. 815. 2.
26.564 1 GPS 0 0 0 0 0 0 0 0 0 0 1
26.587 1 NAVIGATION 0 1 0. 0. 8421.2 0. 0 0
