1.201 1 GPS 0 1130805120 0 0 -17000 0 0 0 11250 12 14
1.242 1 NAVIGATION 0 2 10801716. -3566302. 1.29394907546e+14 1.29395570246e+14 0 0
1.249 1 ATTITUDE -0.140137 2.795898 -0.773682
1.255 1 DESIRED -0.74 0.16 5. 16. -45. 805. 2.
1.349 1 ATTITUDE -0.148926 2.799316 -0.768066
1.452 1 ATTITUDE -0.154053 2.794678 -0.773193
1.455 1 DESIRED -0.74 0.17 5. 16. -45. 805. 2.
1.461 1 GPS 0 1130805120 0 0 -17000 0 0 0 11500 12 15
1.465 1 DOWNLINK 0 824 436
1.491 1 NAVIGATION 0 2 10801716. -3566302. 1.29394907546e+14 1.29395570246e+14 0 0
1.549 1 ATTITUDE -0.150391 2.788818 -0.78125
1.552 1 ESTIMATOR -16.982317 0.279448
1.557 1 IMU_ACCEL -6.134766 0.680664 -6.995117
1.639 1 DOWNLINK_STATUS 5 4099 183 0 860. 39. 0.
1.649 1 ATTITUDE -0.110352 2.731445 -0.840088
1.655 1 DESIRED -0.74 0.15 5. 16. -45. 805. 2.
1.658 1 WP_MOVED 4 506374.40625 3566337.75 805. 12
1.661 1 IMU_GYRO -0.052979 0.700195 0.360596
1.666 1 NAVIGATION 0 2 10801716. -3566302. 1.29394907546e+14 1.29395570246e+14 0 0
1.702 1 GPS 0 1130805120 0 0 -17000 0 0 0 11750 12 16
1.731 1 FBW_STATUS 0 45 1 0 0
1.736 1 NAVIGATION 0 2 10801716. -3566302. 1.29394907546e+14 1.29395570246e+14 0 0
1.749 1 ATTITUDE -0.14624 2.7771 -0.800049
1.750 1 STATE_FILTER_STATUS 3 0
1.849 1 ATTITUDE -0.143799 2.792236 -0.791992
1.855 1 DESIRED -0.74 0.16 5. 16. -45. 805. 2.
1.949 1 ATTITUDE -0.143799 2.791992 -0.792725
1.954 1 GPS 0 1130805120 0 0 -17000 0 0 0 12000 12 1
1.958 1 IMU_MAG 0.394043 -1.261719 2.394043
1.984 1 NAVIGATION 0 2 10801716. -3566302. 1.29394907546e+14 1.29395570246e+14 0 0
2.049 1 ATTITUDE -0.140625 2.791016 -0.794922
2.055 1 DESIRED -0.74 0.16 5. 16. -45. 805. 2.
2.057 1 ESTIMATOR -16.934958 0.266102
2.061 1 BAT 0 0 0 0 1 12 10 0
2.140 1 PONG 
2.149 1 ATTITUDE -0.130371 2.777832 -0.803223
2.152 1 WP_MOVED 5 506402.3125 3566363.25 820. 12
2.204 1 GPS 0 1130805120 0 0 -17000 0 0 0 12250 12 2
2.234 1 NAVIGATION 0 2 10801716. -3566302. 1.29394907546e+14 1.29395570246e+14 0 0
2.249 1 ATTITUDE -0.126221 2.766113 -0.814941
2.259 1 DESIRED -0.74 0.16 5. 16. -45. 805. 2.
2.259 1 IMU_GYRO -0.008301 0.015869 0.044678
2.349 1 ATTITUDE -0.131104 2.77832 -0.80957
2.352 1 IMU_ACCEL -7.119141 0.748047 -6.663086
2.354 1 DL_VALUE 8 0.
2.449 1 ATTITUDE -0.127197 2.776855 -0.813721
2.455 1 DESIRED -0.74 0.16 5. 16. -45. 805. 2.
2.460 1 GPS 0 1130805120 0 0 -17000 0 0 0 12500 12 3
2.463 1 GPS_SOL 649519040 2598 9999 0
2.483 1 NAVIGATION 0 2 10801716. -3566302. 1.29394907546e+14 1.29395570246e+14 0 0
2.550 1 ATTITUDE -0.129883 2.779297 -0.810059
2.551 1 ESTIMATOR -16.870892 0.195287
2.640 1 DOWNLINK_STATUS 6 4928 221 0 829. 38. 2.63
2.649 1 ATTITUDE -0.121826 2.773193 -0.815674
2.655 1 DESIRED -0.74 0.15 5. 16. -45. 805. 2.
2.658 1 WP_MOVED 6 506374.40625 3566337.75 820. 12
2.663 1 NAVIGATION 0 2 10801716. -3566302. 1.29394907546e+14 1.29395570246e+14 0 0
2.704 1 GPS 0 1130805120 0 0 -17000 0 0 0 12750 12 4
2.734 1 NAVIGATION 0 2 10801716. -3566302. 1.29394907546e+14 1.29395570246e+14 0 0
2.751 1 ATTITUDE -0.125977 2.770508 -0.817139
2.850 1 ATTITUDE -0.144775 2.784912 -0.806396
2.855 1 DESIRED -0.74 0.16 5. 16. -45. 805. 2.
2.861 1 IMU_GYRO -0.119141 0.057373 0.057373
2.949 1 ATTITUDE -0.149658 2.785156 -0.807617
2.954 1 GPS 0 1130805120 0 0 -17000 0 0 0 13000 12 5
2.983 1 NAVIGATION 0 2 10801716. -3566302. 1.29394907546e+14 1.29395570246e+14 0 0
3.049 1 ATTITUDE -0.131836 2.767334 -0.823242
3.055 1 DESIRED -0.74 0.16 5. 16. -45. 805. 2.
3.057 1 ESTIMATOR -16.8678 0.168171
3.149 1 ATTITUDE -0.129639 2.76416 -0.828125
3.152 1 WP_MOVED 7 506350.5 3566270.75 805. 12
3.155 1 IMU_ACCEL -7.344727 0.724609 -6.563477
3.159 1 BAT 0 0 0 0 1 13 11 0
3.161 1 CALIBRATION -150. 0
3.201 1 GPS 0 1130805120 0 0 -17000 0 0 0 13250 12 6
3.234 1 NAVIGATION 0 2 10801716. -3566302. 1.29394907546e+14 1.29395570246e+14 0 0
3.249 1 ATTITUDE -0.130859 2.770996 -0.822998
3.255 1 DESIRED -0.74 0.16 5. 16. -45. 805. 2.
3.258 1 IMU_MAG 0.445312 -1.22998 2.295898
3.349 1 ATTITUDE -0.119629 2.762939 -0.831787
3.352 1 ENERGY 0. 0. 0 0.
3.449 1 ATTITUDE -0.115967 2.759766 -0.838379
3.454 1 DESIRED -0.74 0.15 5. 16. -45. 805. 2.
3.460 1 GPS 0 1130805120 0 0 -17000 0 0 0 13500 12 7
3.463 1 IMU_GYRO 0.010498 -0.000977 0.023193
3.483 1 NAVIGATION 0 2 10801716. -3566302. 1.29394907546e+14 1.29395570246e+14 0 0
3.549 1 ATTITUDE -0.11499 2.764893 -0.835938
3.551 1 ESTIMATOR -16.887346 0.09339
3.641 1 DOWNLINK_STATUS 7 5731 256 0 803. 35. 2.63
3.649 1 ATTITUDE -0.114258 2.766113 -0.835938
3.654 1 DESIRED -0.74 0.15 5. 16. -45. 805. 2.
3.658 1 WP_MOVED 8 506254.8125 3566257.5 815. 12
3.662 1 NAVIGATION 0 2 10801716. -3566302. 1.29394907546e+14 1.29395570246e+14 0 0
3.701 1 GPS 0 1130805120 0 0 -17000 0 0 0 13750 12 8
3.731 1 FBW_STATUS 0 45 1 0 0
3.736 1 NAVIGATION 0 2 10801716. -3566302. 1.29394907546e+14 1.29395570246e+14 0 0
3.749 1 ATTITUDE -0.113281 2.762939 -0.839844
3.849 1 ATTITUDE -0.114258 2.764404 -0.839355
3.854 1 DESIRED -0.74 0.15 5. 16. -45. 805. 2.
3.856 1 DL_VALUE 9 1.
3.950 1 ATTITUDE -0.11377 2.764648 -0.84082
3.954 1 GPS 0 1130805120 0 0 -17000 0 0 0 14000 12 9
3.957 1 IMU_ACCEL -7.398438 0.623047 -6.40625
3.959 1 STATE_FILTER_STATUS 3 0
3.983 1 NAVIGATION 0 2 10801716. -3566302. 1.29394907546e+14 1.29395570246e+14 0 0
4.049 1 ATTITUDE -0.111816 2.76416 -0.842529
4.054 1 DESIRED -0.74 0.15 5. 16. -45. 805. 2.
4.057 1 ESTIMATOR -16.898949 0.072666
4.060 1 IMU_GYRO 0.00415 -0.033936 -0.00415
4.149 1 ATTITUDE -0.107666 2.762207 -0.845215
4.152 1 WP_MOVED 9 506213.8125 3566287.5 815. 12
4.201 1 GPS 0 1130805120 0 0 -17000 0 0 0 14250 12 10
4.234 1 NAVIGATION 0 2 10801716. -3566302. 1.29394907546e+14 1.29395570246e+14 0 0
4.249 1 ATTITUDE -0.10498 2.76123 -0.8479
4.254 1 DESIRED -0.74 0.15 5. 16. -45. 805. 2.
4.258 1 BAT 0 0 0 0 1 14 12 0
4.349 1 ATTITUDE -0.102051 2.759277 -0.851074
4.449 1 ATTITUDE -0.100586 2.758545 -0.85376
4.454 1 DESIRED -0.74 0.14 5. 16. -45. 805. 2.
4.460 1 GPS 0 1130805120 0 0 -17000 0 0 0 14500 12 11
4.463 1 GPS_SOL 649519040 2693 9999 0
4.483 1 NAVIGATION 0 2 10801716. -3566302. 1.29394907546e+14 1.29395570246e+14 0 0
4.549 1 ATTITUDE -0.097412 2.756836 -0.857178
4.551 1 ESTIMATOR -16.936344 0.025871
4.554 1 IMU_MAG 0.492188 -1.180664 2.298828
4.642 1 DOWNLINK_STATUS 8 6536 292 0 805. 36. 2.63
4.649 1 ATTITUDE -0.093994 2.756104 -0.860352
4.654 1 DESIRED -0.74 0.14 5. 16. -45. 805. 2.
4.658 1 WP_MOVED 0 506377. 3566344. 757. 12
4.661 1 IMU_GYRO -0.014893 -0.038086 0.000977
4.666 1 NAVIGATION 0 2 10801716. -3566302. 1.29394907546e+14 1.29395570246e+14 0 0
4.701 1 GPS 0 1130805120 0 0 -17000 0 0 0 14750 12 12
4.733 1 NAVIGATION 0 2 10801716. -3566302. 1.29394907546e+14 1.29395570246e+14 0 0
4.749 1 ATTITUDE -0.093262 2.754639 -0.862793
4.752 1 IMU_ACCEL -7.541992 0.464844 -6.306641
4.831 1 COMMANDS 0,-4295,5522,-28
4.849 1 ATTITUDE -0.093018 2.75415 -0.86377
4.854 1 DESIRED -0.74 0.14 5. 16. -45. 805. 2.
4.931 1 ACTUATORS 1000,1170,1629,1499
4.949 1 ATTITUDE -0.091797 2.752686 -0.86499
4.954 1 GPS 0 1130805120 0 0 -17000 0 0 0 15000 12 13
4.983 1 NAVIGATION 0 2 10801716. -3566302. 1.29394907546e+14 1.29395570246e+14 0 0
5.048 1 ATTITUDE -0.090576 2.751221 -0.86499
5.054 1 DESIRED -0.74 0.14 5. 16. -45. 805. 2.
5.057 1 ESTIMATOR -16.947897 0.015186
5.149 1 ATTITUDE -0.090088 2.751709 -0.86377
5.152 1 WP_MOVED 1 506335. 3566302. 765. 12
5.201 1 GPS 0 1130805120 0 0 -17000 0 0 0 15250 12 14
5.233 1 NAVIGATION 0 2 10801716. -3566302. 1.29394907546e+14 1.29395570246e+14 0 0
5.249 1 ATTITUDE -0.088135 2.750244 -0.864014
5.254 1 DESIRED -0.74 0.14 5. 16. -45. 805. 2.
5.258 1 IMU_GYRO 0.00415 -0.006348 0.018066
5.259 1 CALIBRATION -150. 0
5.348 1 ATTITUDE -0.088135 2.751465 -0.861816
5.352 1 BAT 0 0 0 0 1 15 13 0
5.354 1 DL_VALUE 10 0.
5.448 1 ATTITUDE -0.087646 2.751953 -0.860352
5.454 1 DESIRED -0.74 0.14 5. 16. -45. 805. 2.
5.460 1 GPS 0 1130805120 0 0 -17000 0 0 0 15500 12 15
5.483 1 NAVIGATION 0 2 10801716. -3566302. 1.29394907546e+14 1.29395570246e+14 0 0
5.548 1 ATTITUDE -0.087646 2.751221 -0.862061
5.551 1 ESTIMATOR -16.976133 -0.004809
5.554 1 IMU_ACCEL -7.541992 0.421875 -6.296875
5.643 1 DOWNLINK_STATUS 9 7360 329 0 824. 37. 2.63
5.648 1 ATTITUDE -0.087402 2.751465 -0.861572
5.654 1 DESIRED -0.74 0.14 5. 16. -45. 805. 2.
5.658 1 WP_MOVED 2 506254.8125 3566257.5 815. 12
5.662 1 NAVIGATION 0 2 10801716. -3566302. 1.29394907546e+14 1.29395570246e+14 0 0
5.701 1 GPS 0 1130805120 0 0 -17000 0 0 0 15750 12 16
5.731 1 FBW_STATUS 0 46 1 0 0
5.737 1 NAVIGATION 0 2 10801716. -3566302. 1.29394907546e+14 1.29395570246e+14 0 0
5.748 1 ATTITUDE -0.087891 2.75293 -0.859375
5.848 1 ATTITUDE -0.087158 2.753418 -0.858154
5.854 1 DESIRED -0.74 0.14 5. 16. -45. 805. 2.
5.857 1 IMU_GYRO -0.006348 0.005127 0.016846
5.861 1 IMU_MAG 0.49707 -1.171875 2.295898
5.864 1 ENERGY 0. 0. 0 0.
5.948 1 ATTITUDE -0.083252 2.751221 -0.862061
5.954 1 GPS 0 1130805120 0 0 -17000 0 0 0 16000 12 1
5.958 1 ALIVE 112,66,248,248,162,132,62,76,192,50,22,74,8,129,117,74
5.983 1 NAVIGATION 0 2 10801716. -3566302. 1.29394907546e+14 1.29395570246e+14 0 0
6.048 1 ATTITUDE -0.077637 2.749023 -0.865723
6.054 1 DESIRED -0.74 0.13 5. 16. -45. 805. 2.
6.057 1 ESTIMATOR -16.98316 -0.008263
6.059 1 PPRZ_MODE 2 3 3 0 0 21
6.148 1 ATTITUDE -0.077393 2.749756 -0.863525
6.152 1 WP_MOVED 3 506350.5 3566257. 805. 12
6.153 1 STATE_FILTER_STATUS 3 0
6.201 1 GPS 0 1130805120 0 0 -17000 0 0 0 16250 12 2
6.233 1 NAVIGATION 0 2 10801716. -3566302. 1.29394907546e+14 1.29395570246e+14 0 0
6.248 1 ATTITUDE -0.079102 2.748779 -0.864746
6.254 1 DESIRED -0.74 0.13 5. 16. -45. 805. 2.
6.348 1 ATTITUDE -0.083496 2.749023 -0.864746
6.352 1 IMU_ACCEL -7.628906 0.421875 -6.344727
6.448 1 ATTITUDE -0.094482 2.757324 -0.858154
6.454 1 DESIRED -0.74 0.14 5. 16. -45. 805. 2.
6.460 1 GPS 0 1130805120 0 0 -17000 0 0 0 16500 12 3
6.463 1 IMU_GYRO -0.016846 0.036133 0.040283
6.467 1 BAT 0 0 0 0 1 16 14 0
6.483 1 NAVIGATION 0 2 10801716. -3566302. 1.29394907546e+14 1.29395570246e+14 0 0
6.548 1 ATTITUDE -0.093506 2.756104 -0.860107
6.551 1 ESTIMATOR -16.997581 -0.012283
6.553 1 DOWNLINK 1 823 625
6.643 1 DOWNLINK_STATUS 10 8221 368 0 861. 39. 2.63
6.648 1 ATTITUDE -0.084229 2.749756 -0.865234
6.654 1 DESIRED -0.74 0.14 5. 16. -45. 805. 2.
6.658 1 WP_MOVED 4 506374.40625 3566337.75 805. 12
6.662 1 NAVIGATION 0 2 10801716. -3566302. 1.29394907546e+14 1.29395570246e+14 0 0
6.701 1 GPS 0 1130805120 0 0 -17000 0 0 0 16750 12 4
6.733 1 NAVIGATION 0 2 10801716. -3566302. 1.29394907546e+14 1.29395570246e+14 0 0
6.748 1 ATTITUDE -0.080078 2.750244 -0.861572
6.848 1 ATTITUDE -0.077881 2.748291 -0.865234
6.854 1 DESIRED -0.74 0.13 5. 16. -45. 805. 2.
6.857 1 DL_VALUE 11 1.
6.948 1 ATTITUDE -0.072998 2.740967 -0.874512
6.954 1 GPS 0 1130805120 0 0 -17000 0 0 0 17000 12 5
6.983 1 NAVIGATION 0 2 10801716. -3566302. 1.29394907546e+14 1.29395570246e+14 0 0
7.048 1 ATTITUDE -0.074219 2.740723 -0.874756
7.054 1 DESIRED -0.74 0.13 5. 16. -45. 805. 2.
7.058 1 ESTIMATOR -17.000484 -0.012183
7.060 1 IMU_GYRO 0.010498 -0.063721 0.
7.143 1 PONG 
7.148 1 ATTITUDE -0.069336 2.738525 -0.881348
7.152 1 WP_MOVED 5 506402.3125 3566363.25 820. 12
7.155 1 IMU_ACCEL -7.714844 0.282227 -6.173828
7.158 1 IMU_MAG 0.53125 -1.143066 2.264648
7.201 1 GPS 0 1130805120 0 0 -17000 0 0 0 17250 12 6
7.233 1 NAVIGATION 0 2 10801716. -3566302. 1.29394907546e+14 1.29395570246e+14 0 0
7.249 1 ATTITUDE -0.064209 2.735352 -0.88916
7.254 1 DESIRED -0.74 0.13 5. 16. -45. 805. 2.
7.348 1 ATTITUDE -0.063232 2.735596 -0.889404
7.350 1 CALIBRATION -150. 0
7.448 1 ATTITUDE -0.075439 2.746338 -0.880127
7.454 1 DESIRED -0.74 0.13 5. 16. -45. 805. 2.
7.460 1 GPS 0 1130805120 0 0 -17000 0 0 0 17500 12 7
7.483 1 NAVIGATION 0 2 10801716. -3566302. 1.29394907546e+14 1.29395570246e+14 0 0
7.548 1 ATTITUDE -0.093018 2.763916 -0.860107
7.551 1 ESTIMATOR -17.005062 -0.009764
7.557 1 BAT 0 0 0 0 1 17 15 0
7.644 1 DOWNLINK_STATUS 11 9003 403 0 782. 35. 2.68
7.648 1 ATTITUDE -0.087402 2.754639 -0.869141
7.654 1 DESIRED -0.74 0.14 5. 16. -45. 805. 2.
7.658 1 WP_MOVED 6 506374.40625 3566337.75 820. 12
7.661 1 IMU_GYRO -0.080811 -0.145752 -0.126465
7.665 1 NAVIGATION 0 2 10801716. -3566302. 1.29394907546e+14 1.29395570246e+14 0 0
7.701 1 GPS 0 1130805120 0 0 -17000 0 0 0 17750 12 8
7.731 1 FBW_STATUS 0 46 1 0 0
7.735 1 NAVIGATION 0 2 10801716. -3566302. 1.29394907546e+14 1.29395570246e+14 0 0
7.750 1 ATTITUDE -0.083008 2.740723 -0.879883
7.848 1 ATTITUDE -0.087402 2.751709 -0.868652
7.854 1 DESIRED -0.74 0.14 5. 16. -45. 805. 2.
7.948 1 ATTITUDE -0.08374 2.751465 -0.868408
7.954 1 GPS 0 1130805120 0 0 -17000 0 0 0 18000 12 9
7.957 1 IMU_ACCEL -7.532227 0.421875 -6.301758
7.983 1 NAVIGATION 0 2 10801716. -3566302. 1.29394907546e+14 1.29395570246e+14 0 0
8.048 1 ATTITUDE -0.080078 2.744629 -0.872314
8.054 1 DESIRED -0.74 0.13 5. 16. -45. 805. 2.
8.057 1 ESTIMATOR -17.005575 -0.00862
8.148 1 ATTITUDE -0.07959 2.745361 -0.871826
8.152 1 WP_MOVED 7 506350.5 3566270.75 805. 12
8.201 1 GPS 0 1130805120 0 0 -17000 0 0 0 18250 12 10
8.233 1 NAVIGATION 0 2 10801716. -3566302. 1.29394907546e+14 1.29395570246e+14 0 0
8.248 1 ATTITUDE -0.080811 2.74707 -0.868652
8.254 1 DESIRED -0.74 0.14 5. 16. -45. 805. 2.
8.257 1 IMU_GYRO -0.02124 -0.061523 -0.007324
8.348 1 ATTITUDE -0.078369 2.742188 -0.874756
8.350 1 DL_VALUE 0 0.
8.352 1 STATE_FILTER_STATUS 3 0
8.355 1 ENERGY 0. 0. 0 0.
8.448 1 ATTITUDE -0.078613 2.74292 -0.874268
8.454 1 DESIRED -0.74 0.13 5. 16. -45. 805. 2.
8.460 1 GPS 0 1130805120 0 0 -17000 0 0 0 18500 12 11
8.463 1 IMU_MAG 0.521484 -1.143066 2.275879
8.466 1 GPS_SOL 649519040 2872 9999 0
8.483 1 NAVIGATION 0 2 10801716. -3566302. 1.29394907546e+14 1.29395570246e+14 0 0
8.548 1 ATTITUDE -0.078369 2.745117 -0.871338
8.551 1 ESTIMATOR -17.005365 -0.005184
8.644 1 DOWNLINK_STATUS 12 9826 440 0 823. 37. 2.68
8.648 1 ATTITUDE -0.080078 2.751953 -0.866211
8.654 1 DESIRED -0.74 0.13 5. 16. -45. 805. 2.
8.658 1 WP_MOVED 8 506254.8125 3566257.5 815. 12
8.662 1 NAVIGATION 0 2 10801716. -3566302. 1.29394907546e+14 1.29395570246e+14 0 0
8.666 1 BAT 0 0 0 0 1 18 16 0
8.701 1 GPS 0 1130805120 0 0 -17000 0 0 0 18750 12 12
8.733 1 NAVIGATION 0 2 10801716. -3566302. 1.29394907546e+14 1.29395570246e+14 0 0
8.748 1 ATTITUDE -0.08252 2.758301 -0.859619
8.751 1 IMU_ACCEL -7.546875 0.393555 -6.296875
8.848 1 ATTITUDE -0.077881 2.746582 -0.870117
8.854 1 DESIRED -0.74 0.13 5. 16. -45. 805. 2.
8.857 1 IMU_GYRO -0.012695 -0.00415 -0.065918
8.948 1 ATTITUDE -0.074463 2.74292 -0.871338
8.954 1 GPS 0 1130805120 0 0 -17000 0 0 0 19000 12 13
8.983 1 NAVIGATION 0 2 10801716. -3566302. 1.29394907546e+14 1.29395570246e+14 0 0
9.048 1 ATTITUDE -0.07373 2.743164 -0.868896
9.054 1 DESIRED -0.74 0.13 5. 16. -45. 805. 2.
9.057 1 ESTIMATOR -17.00495 -0.004169
9.148 1 ATTITUDE -0.074463 2.743652 -0.868652
9.152 1 WP_MOVED 9 506213.8125 3566287.5 815. 12
9.201 1 GPS 0 1130805120 0 0 -17000 0 0 0 19250 12 14
9.233 1 NAVIGATION 0 2 10801716. -3566302. 1.29394907546e+14 1.29395570246e+14 0 0
9.248 1 ATTITUDE -0.07373 2.742432 -0.872803
9.254 1 DESIRED -0.74 0.13 5. 16. -45. 805. 2.
9.348 1 ATTITUDE -0.073975 2.742432 -0.871094
9.351 1 NAVIGATION_REF 506335 3566302 12
9.448 1 ATTITUDE -0.082764 2.754639 -0.864502
9.454 1 DESIRED -0.74 0.14 5. 16. -45. 805. 2.
9.460 1 GPS 0 1130805120 0 0 -17000 0 0 0 19500 12 15
9.463 1 IMU_GYRO 0.008301 0.09668 0.137207
9.465 1 CALIBRATION -150. 0
9.483 1 NAVIGATION 0 2 10801716. -3566302. 1.29394907546e+14 1.29395570246e+14 0 0
9.548 1 ATTITUDE -0.086426 2.76001 -0.860596
9.551 1 ESTIMATOR -17.003363 -0.001764
9.554 1 IMU_ACCEL -7.464844 0.388672 -6.334961
