3.494 1 GPS 0 0 0 0 0 0 0 0 0 0 1
3.506 1 NAVIGATION 0 1 0. 0. 8421.2 0. 0 0
3.521 1 ATTITUDE 0.350098 -0.051514 0.410156
3.527 1 DESIRED -0. 0.26 4.2 -80. -45. 815. 2.
3.539 1 IMU_GYRO -0.012695 -0.019043 0.024414
3.621 1 ATTITUDE 0.350342 -0.051758 0.407959
3.623 1 DL_VALUE 4 0.
3.629 1 DOWNLINK 0 818 250
3.721 1 ATTITUDE 0.350342 -0.049805 0.408691
3.727 1 DESIRED -0. 0.26 4.2 -80. -45. 815. 2.
3.732 1 GPS 0 0 0 0 0 0 0 0 0 0 1
3.735 1 GPS_SOL 0 0 0 0
3.756 1 NAVIGATION 0 1 0. 0. 8421.2 0. 0 0
3.821 1 ATTITUDE 0.351074 -0.048584 0.40625
3.823 1 ESTIMATOR 0. 0.
3.827 1 BAT -114 0 0 0 1 6 6 0
3.921 1 ATTITUDE 0.351318 -0.047607 0.405518
3.927 1 DESIRED -0. 0.26 4.2 -80. -45. 815. 2.
3.930 1 WP_MOVED 4 506374.40625 3566337.75 805. 12
3.935 1 NAVIGATION 0 1 0. 0. 8421.2 0. 0 0
3.973 1 GPS 0 0 0 0 0 0 0 0 0 0 1
4.006 1 NAVIGATION 0 1 0. 0. 8421.2 0. 0 0
4.021 1 ATTITUDE 0.351318 -0.046875 0.406006
4.024 1 IMU_ACCEL -3.794922 1.511719 8.847656
4.027 1 IMU_MAG -0.580078 0.109863 -0.155273
4.096 1 DOWNLINK_STATUS 10 5895 267 0 866. 39. 3.48
4.121 1 ATTITUDE 0.351562 -0.046875 0.404053
4.127 1 DESIRED -0. 0.26 4.2 -80. -45. 815. 2.
4.130 1 IMU_GYRO -0.001953 -0.001953 0.005127
4.132 1 CALIBRATION 0. 0
4.221 1 ATTITUDE 0.352051 -0.044678 0.403564
4.227 1 GPS 0 0 0 0 0 0 0 0 0 0 1
4.256 1 NAVIGATION 0 1 0. 0. 8421.2 0. 0 0
4.321 1 ATTITUDE 0.352295 -0.043457 0.403076
4.327 1 DESIRED -0. 0.26 4.2 -80. -45. 815. 2.
4.329 1 ESTIMATOR 0. 0.
4.421 1 ATTITUDE 0.352539 -0.043457 0.401855
4.424 1 WP_MOVED 5 506402.3125 3566363.25 820. 12
4.473 1 GPS 0 0 0 0 0 0 0 0 0 0 1
4.506 1 NAVIGATION 0 1 0. 0. 8421.2 0. 0 0
4.521 1 ATTITUDE 0.352295 -0.04248 0.401855
4.527 1 DESIRED -0. 0.26 4.2 -80. -45. 815. 2.
4.591 1 PONG 
4.621 1 ATTITUDE 0.352783 -0.041016 0.400879
4.622 1 STATE_FILTER_STATUS 3 0
4.721 1 ATTITUDE 0.353027 -0.040283 0.400146
4.727 1 DESIRED -0. 0.26 4.2 -80. -45. 815. 2.
4.732 1 GPS 0 0 0 0 0 0 0 0 0 0 1
4.736 1 IMU_GYRO -0.014893 -0.019043 0.032959
4.756 1 NAVIGATION 0 1 0. 0. 8421.2 0. 0 0
4.821 1 ATTITUDE 0.353027 -0.040039 0.399658
4.823 1 ESTIMATOR 0. 0.
4.826 1 IMU_ACCEL -3.712891 1.521484 8.842773
4.921 1 ATTITUDE 0.353027 -0.039307 0.39917
4.927 1 DESIRED -0. 0.26 4.2 -80. -45. 815. 2.
4.930 1 WP_MOVED 6 506374.40625 3566337.75 820. 12
4.935 1 NAVIGATION 0 1 0. 0. 8421.2 0. 0 0
4.938 1 BAT -114 0 0 0 1 7 7 0
4.973 1 GPS 0 0 0 0 0 0 0 0 0 0 1
5.003 1 FBW_STATUS 0 45 1 0 0
5.008 1 NAVIGATION 0 1 0. 0. 8421.2 0. 0 0
5.021 1 ATTITUDE 0.353271 -0.038086 0.398438
5.097 1 DOWNLINK_STATUS 11 6689 303 0 794. 36. 3.32
5.121 1 ATTITUDE 0.353516 -0.037354 0.397705
5.127 1 DESIRED -0. 0.26 4.2 -80. -45. 815. 2.
5.129 1 DL_VALUE 5 0.
5.221 1 ATTITUDE 0.353516 -0.037842 0.397949
5.226 1 GPS 0 0 0 0 0 0 0 0 0 0 1
5.256 1 NAVIGATION 0 1 0. 0. 8421.2 0. 0 0
5.321 1 ATTITUDE 0.353516 -0.037109 0.396973
5.327 1 DESIRED -0. 0.26 4.2 -80. -45. 815. 2.
5.329 1 ESTIMATOR 0. 0.
5.332 1 IMU_GYRO -0.006348 -0.007324 0.015869
5.335 1 IMU_MAG -0.58252 0.095215 -0.149414
5.421 1 ATTITUDE 0.353516 -0.036133 0.396484
5.424 1 WP_MOVED 7 506350.5 3566270.75 805. 12
5.474 1 GPS 0 0 0 0 0 0 0 0 0 0 1
5.506 1 NAVIGATION 0 1 0. 0. 8421.2 0. 0 0
5.521 1 ATTITUDE 0.35376 -0.035645 0.39624
5.527 1 DESIRED -0. 0.26 4.2 -80. -45. 815. 2.
5.621 1 ATTITUDE 0.35376 -0.035645 0.395508
5.624 1 IMU_ACCEL -3.689453 1.579102 8.852539
5.627 1 ENERGY 0. 0. 0 0.
5.721 1 ATTITUDE 0.35376 -0.035156 0.395508
5.727 1 DESIRED -0. 0.26 4.2 -80. -45. 815. 2.
5.732 1 GPS 0 0 0 0 0 0 0 0 0 0 1
5.735 1 GPS_SOL 0 0 0 0
5.756 1 NAVIGATION 0 1 0. 0. 8421.2 0. 0 0
5.821 1 ATTITUDE 0.354004 -0.034424 0.395264
5.823 1 ESTIMATOR 0. 0.
5.921 1 ATTITUDE 0.354004 -0.034912 0.394287
5.927 1 DESIRED -0. 0.26 4.2 -80. -45. 815. 2.
5.930 1 WP_MOVED 8 506254.8125 3566257.5 815. 12
5.933 1 IMU_GYRO -0.008301 0.008301 0.014893
5.938 1 NAVIGATION 0 1 0. 0. 8421.2 0. 0 0
5.975 1 GPS 0 0 0 0 0 0 0 0 0 0 1
6.006 1 NAVIGATION 0 1 0. 0. 8421.2 0. 0 0
6.021 1 ATTITUDE 0.354004 -0.034912 0.394287
6.024 1 BAT -114 0 0 0 1 9 9 0
6.097 1 DOWNLINK_STATUS 12 7509 339 0 820. 36. 3.32
6.121 1 ATTITUDE 0.354004 -0.033936 0.394287
6.127 1 DESIRED -0. 0.26 4.2 -80. -45. 815. 2.
6.221 1 ATTITUDE 0.354248 -0.033447 0.393799
6.226 1 GPS 0 0 0 0 0 0 0 0 0 0 1
6.228 1 CALIBRATION 0. 0
6.255 1 NAVIGATION 0 1 0. 0. 8421.2 0. 0 0
6.321 1 ATTITUDE 0.354248 -0.032715 0.393066
6.327 1 DESIRED -0. 0.26 4.2 -80. -45. 815. 2.
6.329 1 ESTIMATOR 0. 0.
6.421 1 ATTITUDE 0.354248 -0.032471 0.394287
6.424 1 WP_MOVED 9 506213.8125 3566287.5 815. 12
6.427 1 IMU_ACCEL -3.790039 1.506836 8.895508
6.473 1 GPS 0 0 0 0 0 0 0 0 0 0 1
6.505 1 NAVIGATION 0 1 0. 0. 8421.2 0. 0 0
6.521 1 ATTITUDE 0.354492 -0.031982 0.39209
6.527 1 DESIRED -0. 0.26 4.2 -80. -45. 815. 2.
6.530 1 IMU_GYRO -0.006348 0.000977 0.016846
6.621 1 ATTITUDE 0.354492 -0.030762 0.393066
6.624 1 IMU_MAG -0.580078 0.104004 -0.152344
6.626 1 DL_VALUE 6 100.
6.721 1 ATTITUDE 0.354736 -0.030762 0.393066
6.726 1 DESIRED -0. 0.26 4.2 -80. -45. 815. 2.
6.732 1 GPS 0 0 0 0 0 0 0 0 0 0 1
6.755 1 NAVIGATION 0 1 0. 0. 8421.2 0. 0 0
6.821 1 ATTITUDE 0.354736 -0.030762 0.392578
6.823 1 ESTIMATOR 0. 0.
6.825 1 STATE_FILTER_STATUS 3 0
6.921 1 ATTITUDE 0.354492 -0.030273 0.392822
6.926 1 DESIRED -0. 0.26 4.2 -80. -45. 815. 2.
6.930 1 WP_MOVED 0 506377. 3566344. 757. 12
6.934 1 NAVIGATION 0 1 0. 0. 8421.2 0. 0 0
6.973 1 GPS 0 0 0 0 0 0 0 0 0 0 1
7.003 1 FBW_STATUS 0 45 1 0 0
7.008 1 NAVIGATION 0 1 0. 0. 8421.2 0. 0 0
7.021 1 ATTITUDE 0.354736 -0.029785 0.392822
7.099 1 DOWNLINK_STATUS 13 8288 374 0 779. 35. 3.32
7.103 1 COMMANDS -114,-2359,-711,0
7.121 1 ATTITUDE 0.35498 -0.030273 0.391113
7.126 1 DESIRED -0. 0.26 4.2 -80. -45. 815. 2.
7.130 1 IMU_GYRO 0. 0.015869 0.009521
7.133 1 BAT -114 0 0 0 1 10 10 0
7.203 1 ACTUATORS 1000,1475,1415,1500
7.221 1 ATTITUDE 0.35376 -0.030273 0.394287
7.226 1 GPS 0 0 0 0 0 0 0 0 0 0 1
7.229 1 IMU_ACCEL -3.919922 1.472656 8.748047
7.255 1 NAVIGATION 0 1 0. 0. 8421.2 0. 0 0
7.321 1 ATTITUDE 0.354492 -0.030762 0.391846
7.326 1 DESIRED -0. 0.26 4.2 -80. -45. 815. 2.
7.329 1 ESTIMATOR 0. 0.
7.421 1 ATTITUDE 0.355225 -0.031494 0.387939
7.424 1 WP_MOVED 1 506335. 3566302. 765. 12
7.473 1 GPS 0 0 0 0 0 0 0 0 0 0 1
7.505 1 NAVIGATION 0 1 0. 0. 8421.2 0. 0 0
7.521 1 ATTITUDE 0.354736 -0.031006 0.390137
7.526 1 DESIRED -0. 0.26 4.2 -80. -45. 815. 2.
7.621 1 ATTITUDE 0.353027 -0.031006 0.390869
7.623 1 NAVIGATION_REF 506335 3566302 12
7.721 1 ATTITUDE 0.349121 -0.028809 0.392334
7.726 1 DESIRED -0. 0.26 4.2 -80. -45. 815. 2.
7.732 1 GPS 0 0 0 0 0 0 0 0 0 0 1
7.735 1 IMU_GYRO 0.078613 0.00415 -0.012695
7.738 1 GPS_SOL 0 0 0 0
7.755 1 NAVIGATION 0 1 0. 0. 8421.2 0. 0 0
7.821 1 ATTITUDE 0.325195 -0.022949 0.387451
7.823 1 ESTIMATOR 0. 0.
7.921 1 ATTITUDE 0.295654 0.025879 0.462891
7.926 1 DESIRED -0. 0.24 4.2 -80. -45. 815. 2.
7.930 1 WP_MOVED 2 506254.8125 3566257.5 815. 12
7.934 1 NAVIGATION 0 1 0. 0. 8421.2 0. 0 0
7.938 1 IMU_MAG -0.553223 0.025879 -0.178223
7.973 1 GPS 0 0 0 0 0 0 0 0 0 0 1
8.005 1 NAVIGATION 0 1 0. 0. 8421.2 0. 0 0
8.021 1 ATTITUDE 0.311768 0.027588 0.439453
8.024 1 IMU_ACCEL -4.145508 2.481445 8.880859
8.100 1 DOWNLINK_STATUS 14 9140 412 0 852. 38. 3.32
8.121 1 ATTITUDE 0.307861 0.029541 0.444092
8.126 1 DESIRED -0. 0.24 4.2 -80. -45. 815. 2.
8.128 1 DL_VALUE 7 1.
8.132 1 ENERGY 0. 0. 0 0.
8.221 1 ATTITUDE 0.307861 0.029785 0.446533
8.226 1 GPS 0 0 0 0 0 0 0 0 0 0 1
8.230 1 BAT -114 0 0 0 1 11 11 0
8.234 1 ALIVE 158,24,214,36,189,244,242,105,201,236,43,205,131,135,77,194
8.255 1 NAVIGATION 0 1 0. 0. 8421.2 0. 0 0
8.321 1 ATTITUDE 0.307617 0.033447 0.456299
8.326 1 DESIRED -0. 0.24 4.2 -80. -45. 815. 2.
8.329 1 ESTIMATOR 0. 0.
8.332 1 IMU_GYRO -0.065918 -0.071289 0.114746
8.334 1 CALIBRATION 0. 0
8.336 1 PPRZ_MODE 1 3 3 0 0 21
8.421 1 ATTITUDE 0.308594 0.032227 0.44873
8.424 1 WP_MOVED 3 506350.5 3566257. 805. 12
8.473 1 GPS 0 0 0 0 0 0 0 0 0 0 1
8.505 1 NAVIGATION 0 1 0. 0. 8421.2 0. 0 0
8.520 1 ATTITUDE 0.306396 0.031494 0.456787
8.526 1 DESIRED -0. 0.24 4.2 -80. -45. 815. 2.
8.621 1 ATTITUDE 0.306885 0.034668 0.45752
8.720 1 ATTITUDE 0.307373 0.03418 0.451416
8.726 1 DESIRED -0. 0.24 4.2 -80. -45. 815. 2.
8.732 1 GPS 0 0 0 0 0 0 0 0 0 0 1
8.734 1 DOWNLINK 0 825 438
8.755 1 NAVIGATION 0 1 0. 0. 8421.2 0. 0 0
8.820 1 ATTITUDE 0.306152 0.036133 0.459717
8.823 1 ESTIMATOR 0. 0.
8.826 1 IMU_ACCEL -4.601562 1.660156 8.349609
8.920 1 ATTITUDE 0.306885 0.034668 0.457031
8.926 1 DESIRED -0. 0.24 4.2 -80. -45. 815. 2.
8.930 1 WP_MOVED 4 506374.40625 3566337.75 805. 12
8.933 1 IMU_GYRO 0. 0.007324 0.
8.937 1 NAVIGATION 0 1 0. 0. 8421.2 0. 0 0
8.973 1 GPS 0 0 0 0 0 0 0 0 0 0 1
9.003 1 FBW_STATUS 0 46 1 0 0
9.008 1 NAVIGATION 0 1 0. 0. 8421.2 0. 0 0
9.020 1 ATTITUDE 0.305908 0.034912 0.455566
9.022 1 STATE_FILTER_STATUS 3 0
9.100 1 DOWNLINK_STATUS 15 10005 452 0 865. 40. 3.32
9.120 1 ATTITUDE 0.30249 0.032471 0.491943
9.126 1 DESIRED -0. 0.24 4.2 -80. -45. 815. 2.
9.220 1 ATTITUDE 0.305908 0.030762 0.479248
9.226 1 GPS 0 0 0 0 0 0 0 0 0 0 1
9.229 1 IMU_MAG -0.54834 0.040039 -0.172363
9.255 1 NAVIGATION 0 1 0. 0. 8421.2 0. 0 0
9.320 1 ATTITUDE 0.304443 0.03125 0.487549
9.326 1 DESIRED -0. 0.24 4.2 -80. -45. 815. 2.
9.329 1 ESTIMATOR 0. 0.
9.332 1 BAT -114 0 0 0 1 12 12 0
9.420 1 ATTITUDE 0.305176 0.034912 0.495605
9.424 1 WP_MOVED 5 506402.3125 3566363.25 820. 12
9.473 1 GPS 0 0 0 0 0 0 0 0 0 0 1
9.505 1 NAVIGATION 0 1 0. 0. 8421.2 0. 0 0
9.520 1 ATTITUDE 0.303711 0.045654 0.527344
9.526 1 DESIRED -0. 0.24 4.2 -80. -45. 815. 2.
9.529 1 IMU_GYRO 0.029785 0.125488 -0.031738
9.591 1 PONG 
9.620 1 ATTITUDE 0.299072 0.043945 0.530029
9.624 1 IMU_ACCEL -4.760742 1.693359 8.140625
9.625 1 DL_VALUE 8 0.
9.720 1 ATTITUDE 0.29834 0.050781 0.563721
9.726 1 DESIRED -0. 0.24 4.2 -80. -45. 815. 2.
9.732 1 GPS 0 0 0 0 0 0 0 0 0 0 1
9.735 1 GPS_SOL 0 0 0 0
9.755 1 NAVIGATION 0 1 0. 0. 8421.2 0. 0 0
9.820 1 ATTITUDE 0.29541 0.052002 0.580322
9.823 1 ESTIMATOR 0. 0.
9.920 1 ATTITUDE 0.292725 0.050537 0.578857
9.926 1 DESIRED -0. 0.23 4.2 -80. -45. 815. 2.
9.930 1 WP_MOVED 6 506374.40625 3566337.75 820. 12
9.934 1 NAVIGATION 0 1 0. 0. 8421.2 0. 0 0
9.973 1 GPS 0 0 0 0 0 0 0 0 0 0 1
10.005 1 NAVIGATION 0 1 0. 0. 8421.2 0. 0 0
10.020 1 ATTITUDE 0.29248 0.052734 0.595947
10.102 1 DOWNLINK_STATUS 16 10793 487 0 788. 35. 2.89
10.120 1 ATTITUDE 0.290771 0.049561 0.588623
10.126 1 DESIRED -0. 0.23 4.2 -80. -45. 815. 2.
10.129 1 IMU_GYRO -0.027588 -0.369141 0.134033
10.220 1 ATTITUDE 0.289551 0.046875 0.545654
10.226 1 GPS 0 0 0 0 0 0 0 0 0 0 1
10.255 1 NAVIGATION 0 1 0. 0. 8421.2 0. 0 0
10.320 1 ATTITUDE 0.289307 0.042969 0.518799
10.326 1 DESIRED -0. 0.23 4.2 -80. -45. 815. 2.
10.329 1 ESTIMATOR 0. 0.
10.420 1 ATTITUDE 0.289062 0.044434 0.520752
10.424 1 WP_MOVED 7 506350.5 3566270.75 805. 12
10.427 1 IMU_ACCEL -4.938477 2.418945 8.31543
10.430 1 BAT -114 0 0 0 1 13 13 0
10.432 1 CALIBRATION 0. 0
10.473 1 GPS 0 0 0 0 0 0 0 0 0 0 1
10.505 1 NAVIGATION 0 1 0. 0. 8421.2 0. 0 0
10.520 1 ATTITUDE 0.288574 0.045654 0.521729
10.526 1 DESIRED -0. 0.23 4.2 -80. -45. 815. 2.
10.529 1 IMU_MAG -0.523926 0.01709 -0.181152
10.620 1 ATTITUDE 0.289307 0.046631 0.521973
10.624 1 ENERGY 0. 0. 0 0.
10.720 1 ATTITUDE 0.289307 0.046143 0.519043
10.726 1 DESIRED -0. 0.23 4.2 -80. -45. 815. 2.
10.732 1 GPS 0 0 0 0 0 0 0 0 0 0 1
10.735 1 IMU_GYRO 0.001953 0.014893 0.00415
10.755 1 NAVIGATION 0 1 0. 0. 8421.2 0. 0 0
10.820 1 ATTITUDE 0.288818 0.04834 0.520996
10.823 1 ESTIMATOR 0. 0.
10.920 1 ATTITUDE 0.289307 0.049316 0.521484
10.926 1 DESIRED -0. 0.23 4.2 -80. -45. 815. 2.
10.930 1 WP_MOVED 8 506254.8125 3566257.5 815. 12
10.934 1 NAVIGATION 0 1 0. 0. 8421.2 0. 0 0
10.973 1 GPS 0 0 0 0 0 0 0 0 0 0 1
11.005 1 NAVIGATION 0 1 0. 0. 8421.2 0. 0 0
11.008 1 FBW_STATUS 0 46 1 0 0
11.020 1 ATTITUDE 0.289307 0.049072 0.519531
11.102 1 DOWNLINK_STATUS 17 11610 523 0 817. 36. 2.89
11.120 1 ATTITUDE 0.288818 0.050537 0.52124
11.126 1 DESIRED -0. 0.23 4.2 -80. -45. 815. 2.
11.128 1 DL_VALUE 9 1.
11.227 1 ATTITUDE 0.289307 0.050781 0.52124
11.227 1 GPS 0 0 0 0 0 0 0 0 0 0 1
11.229 1 IMU_ACCEL -4.823242 2.000977 8.220703
11.230 1 STATE_FILTER_STATUS 3 0
11.257 1 NAVIGATION 0 1 0. 0. 8421.2 0. 0 0
11.320 1 ATTITUDE 0.289062 0.049805 0.519531
11.326 1 DESIRED -0. 0.23 4.2 -80. -45. 815. 2.
11.329 1 ESTIMATOR 0. 0.
11.332 1 IMU_GYRO 0. 0.001953 0.010498
11.420 1 ATTITUDE 0.288574 0.05127 0.521484
11.424 1 WP_MOVED 9 506213.8125 3566287.5 815. 12
11.473 1 GPS 0 0 0 0 0 0 0 0 0 0 1
11.505 1 NAVIGATION 0 1 0. 0. 8421.2 0. 0 0
11.520 1 ATTITUDE 0.289307 0.051025 0.520996
11.526 1 DESIRED -0. 0.23 4.2 -80. -45. 815. 2.
11.529 1 BAT -114 0 0 0 1 14 14 0
11.620 1 ATTITUDE 0.288818 0.050293 0.519531
11.720 1 ATTITUDE 0.288574 0.051758 0.521973
11.726 1 DESIRED -0. 0.23 4.2 -80. -45. 815. 2.
11.732 1 GPS 0 0 0 0 0 0 0 0 0 0 1
11.735 1 GPS_SOL 0 0 0 0
11.755 1 NAVIGATION 0 1 0. 0. 8421.2 0. 0 0
11.820 1 ATTITUDE 0.289307 0.051514 0.520752
11.823 1 ESTIMATOR 0. 0.
11.826 1 IMU_MAG -0.523926 0.025879 -0.178223
11.920 1 ATTITUDE 0.288818 0.052246 0.520264
11.926 1 DESIRED -0. 0.23 4.2 -80. -45. 815. 2.
11.930 1 WP_MOVED 0 506377. 3566344. 757. 12
11.933 1 IMU_GYRO -0.00415 0.00415 0.011475
11.937 1 NAVIGATION 0 1 0. 0. 8421.2 0. 0 0
11.973 1 GPS 0 0 0 0 0 0 0 0 0 0 1
12.005 1 NAVIGATION 0 1 0. 0. 8421.2 0. 0 0
12.020 1 ATTITUDE 0.288818 0.053467 0.521973
12.023 1 IMU_ACCEL -5.03418 1.818359 8.116211
12.103 1 COMMANDS -114,-1924,-1587,0
12.103 1 DOWNLINK_STATUS 18 12452 561 0 842. 38. 2.89
12.120 1 ATTITUDE 0.289307 0.05249 0.520752
12.126 1 DESIRED -0. 0.23 4.2 -80. -45. 815. 2.
12.203 1 ACTUATORS 1000,1520,1390,1500
12.220 1 ATTITUDE 0.288818 0.052979 0.520508
12.226 1 GPS 0 0 0 0 0 0 0 0 0 0 1
12.255 1 NAVIGATION 0 1 0. 0. 8421.2 0. 0 0
12.320 1 ATTITUDE 0.289062 0.053955 0.521729
12.326 1 DESIRED -0. 0.23 4.2 -80. -45. 815. 2.
12.329 1 ESTIMATOR 0. 0.
12.420 1 ATTITUDE 0.289307 0.053711 0.520752
12.424 1 WP_MOVED 1 506335. 3566302. 765. 12
12.473 1 GPS 0 0 0 0 0 0 0 0 0 0 1
12.505 1 NAVIGATION 0 1 0. 0. 8421.2 0. 0 0
12.520 1 ATTITUDE 0.288818 0.053955 0.520264
12.526 1 DESIRED -0. 0.23 4.2 -80. -45. 815. 2.
12.529 1 IMU_GYRO 0.001953 0.013672 0.007324
12.531 1 CALIBRATION 0. 0
12.620 1 ATTITUDE 0.289062 0.054688 0.521973
12.624 1 BAT -114 0 0 0 1 15 15 0
12.626 1 DL_VALUE 10 0.
12.720 1 ATTITUDE 0.289307 0.054688 0.520996
12.726 1 DESIRED -0. 0.23 4.2 -80. -45. 815. 2.
12.732 1 GPS 0 0 0 0 0 0 0 0 0 0 1
12.755 1 NAVIGATION 0 1 0. 0. 8421.2 0. 0 0
12.820 1 ATTITUDE 0.288818 0.05542 0.520752
12.823 1 ESTIMATOR 0. 0.
12.826 1 IMU_ACCEL -4.933594 1.915039 8.192383
12.920 1 ATTITUDE 0.289062 0.056152 0.521973
12.926 1 DESIRED -0. 0.23 4.2 -80. -45. 815. 2.
12.929 1 WP_MOVED 2 506254.8125 3566257.5 815. 12
12.934 1 NAVIGATION 0 1 0. 0. 8421.2 0. 0 0
12.973 1 GPS 0 0 0 0 0 0 0 0 0 0 1
13.003 1 FBW_STATUS 0 46 1 0 0
13.007 1 NAVIGATION 0 1 0. 0. 8421.2 0. 0 0
13.020 1 ATTITUDE 0.289307 0.055908 0.520996
13.103 1 DOWNLINK_STATUS 19 13239 596 0 787. 35. 2.89
13.120 1 ATTITUDE 0.288818 0.055664 0.520996
13.126 1 DESIRED -0. 0.23 4.2 -80. -45. 815. 2.
13.129 1 IMU_GYRO 0.001953 0.010498 0.005127
13.132 1 IMU_MAG -0.519043 0.01709 -0.184082
13.136 1 ENERGY 0. 0. 0 0.
13.220 1 ATTITUDE 0.289062 0.056152 0.522461
13.226 1 GPS 0 0 0 0 0 0 0 0 0 0 1
13.230 1 ALIVE 158,24,214,36,189,244,242,105,201,236,43,205,131,135,77,194
13.255 1 NAVIGATION 0 1 0. 0. 8421.2 0. 0 0
13.320 1 ATTITUDE 0.289062 0.055176 0.520996
13.326 1 DESIRED -0. 0.23 4.2 -80. -45. 815. 2.
13.329 1 ESTIMATOR 0. 0.
13.331 1 PPRZ_MODE 1 3 3 0 0 21
13.420 1 ATTITUDE 0.288574 0.05542 0.521484
13.424 1 WP_MOVED 3 506350.5 3566257. 805. 12
13.425 1 STATE_FILTER_STATUS 3 0
13.473 1 GPS 0 0 0 0 0 0 0 0 0 0 1
13.505 1 NAVIGATION 0 1 0. 0. 8421.2 0. 0 0
13.520 1 ATTITUDE 0.289062 0.055664 0.522461
13.526 1 DESIRED -0. 0.23 4.2 -80. -45. 815. 2.
13.620 1 ATTITUDE 0.289062 0.054688 0.520996
13.623 1 IMU_ACCEL -4.750977 2.025391 8.263672
13.720 1 ATTITUDE 0.288574 0.054932 0.521973
13.726 1 DESIRED -0. 0.23 4.2 -80. -45. 815. 2.
13.732 1 GPS 0 0 0 0 0 0 0 0 0 0 1
13.735 1 IMU_GYRO -0.00415 0.005127 0.012695
13.738 1 BAT -114 0 0 0 1 16 16 0
13.755 1 NAVIGATION 0 1 0. 0. 8421.2 0. 0 0
13.820 1 ATTITUDE 0.289062 0.054932 0.522461
13.823 1 ESTIMATOR 0. 0.
13.824 1 DOWNLINK 1 823 627
13.920 1 ATTITUDE 0.289062 0.054443 0.520996
13.926 1 DESIRED -0. 0.23 4.2 -80. -45. 815. 2.
13.929 1 WP_MOVED 4 506374.40625 3566337.75 805. 12
13.934 1 NAVIGATION 0 1 0. 0. 8421.2 0. 0 0
13.973 1 GPS 0 0 0 0 0 0 0 0 0 0 1
14.005 1 NAVIGATION 0 1 0. 0. 8421.2 0. 0 0
14.020 1 ATTITUDE 0.288574 0.054688 0.521973
14.105 1 DOWNLINK_STATUS 20 14086 634 0 847. 38. 2.89
14.120 1 ATTITUDE 0.289062 0.054688 0.522217
14.126 1 DESIRED -0. 0.23 4.2 -80. -45. 815. 2.
14.128 1 DL_VALUE 11 1.
14.220 1 ATTITUDE 0.289062 0.054443 0.52124
14.226 1 GPS 0 0 0 0 0 0 0 0 0 0 1
14.255 1 NAVIGATION 0 1 0. 0. 8421.2 0. 0 0
14.320 1 ATTITUDE 0.288818 0.055176 0.522217
14.326 1 DESIRED -0. 0.23 4.2 -80. -45. 815. 2.
14.327 1 ESTIMATOR 0. 0.
14.331 1 IMU_GYRO -0.00415 0.008301 0.013672
14.420 1 ATTITUDE 0.289062 0.054688 0.522217
14.424 1 WP_MOVED 5 506402.3125 3566363.25 820. 12
14.427 1 IMU_ACCEL -4.779297 2.015625 8.258789
14.429 1 IMU_MAG -0.521484 0.025879 -0.189453
14.473 1 GPS 0 0 0 0 0 0 0 0 0 0 1
14.505 1 NAVIGATION 0 1 0. 0. 8421.2 0. 0 0
14.520 1 ATTITUDE 0.289062 0.054199 0.52124
14.526 1 DESIRED -0. 0.23 4.2 -80. -45. 815. 2.
14.592 1 PONG 
14.620 1 ATTITUDE 0.288818 0.055176 0.522217
14.622 1 CALIBRATION 0. 0
14.720 1 ATTITUDE 0.289062 0.054932 0.521729
14.726 1 DESIRED -0. 0.23 4.2 -80. -45. 815. 2.
14.732 1 GPS 0 0 0 0 0 0 0 0 0 0 1
14.755 1 NAVIGATION 0 1 0. 0. 8421.2 0. 0 0
14.820 1 ATTITUDE 0.288818 0.054688 0.52124
14.822 1 ESTIMATOR 0. 0.
14.826 1 BAT -114 0 0 0 1 17 17 0
14.923 1 ATTITUDE 0.288818 0.05542 0.521973
14.926 1 DESIRED -0. 0.23 4.2 -80. -45. 815. 2.
14.929 1 WP_MOVED 6 506374.40625 3566337.75 820. 12
14.933 1 IMU_GYRO -0.006348 0.000977 0.013672
14.937 1 NAVIGATION 0 1 0. 0. 8421.2 0. 0 0
14.973 1 GPS 0 0 0 0 0 0 0 0 0 0 1
15.003 1 FBW_STATUS 0 46 1 0 0
15.007 1 NAVIGATION 0 1 0. 0. 8421.2 0. 0 0
15.020 1 ATTITUDE 0.289062 0.055908 0.521729
15.105 1 DOWNLINK_STATUS 21 14900 671 0 814. 37. 3.18
15.120 1 ATTITUDE 0.288818 0.055664 0.521484
15.126 1 DESIRED -0. 0.23 4.2 -80. -45. 815. 2.
15.220 1 ATTITUDE 0.288574 0.055908 0.522461
15.226 1 GPS 0 0 0 0 0 0 0 0 0 0 1
15.229 1 IMU_ACCEL -4.933594 1.885742 8.154297
15.255 1 NAVIGATION 0 1 0. 0. 8421.2 0. 0 0
15.320 1 ATTITUDE 0.289062 0.05542 0.521973
15.326 1 DESIRED -0. 0.23 4.2 -80. -45. 815. 2.
15.328 1 ESTIMATOR 0. 0.
15.420 1 ATTITUDE 0.288818 0.055908 0.521484
15.424 1 WP_MOVED 7 506350.5 3566270.75 805. 12
15.473 1 GPS 0 0 0 0 0 0 0 0 0 0 1
15.505 1 NAVIGATION 0 1 0. 0. 8421.2 0. 0 0
15.520 1 ATTITUDE 0.288818 0.055908 0.522461
15.526 1 DESIRED -0. 0.23 4.2 -80. -45. 815. 2.
15.529 1 IMU_GYRO -0.010498 -0.000977 0.019043
15.620 1 ATTITUDE 0.289062 0.055908 0.521973
15.622 1 DL_VALUE 0 0.
15.624 1 STATE_FILTER_STATUS 3 0
15.627 1 ENERGY 0. 0. 0 0.
15.720 1 ATTITUDE 0.288574 0.056152 0.521729
15.726 1 DESIRED -0. 0.23 4.2 -80. -45. 815. 2.
15.732 1 GPS 0 0 0 0 0 0 0 0 0 0 1
15.735 1 IMU_MAG -0.523926 0.01416 -0.184082
15.738 1 GPS_SOL 0 0 0 0
15.755 1 NAVIGATION 0 1 0. 0. 8421.2 0. 0 0
15.820 1 ATTITUDE 0.288818 0.057129 0.522461
15.822 1 ESTIMATOR 0. 0.
15.920 1 ATTITUDE 0.288818 0.056885 0.521729
15.926 1 DESIRED -0. 0.23 4.2 -80. -45. 815. 2.
15.929 1 WP_MOVED 8 506254.8125 3566257.5 815. 12
15.934 1 NAVIGATION 0 1 0. 0. 8421.2 0. 0 0
15.937 1 BAT -114 0 0 0 1 18 18 0
15.973 1 GPS 0 0 0 0 0 0 0 0 0 0 1
16.005 1 NAVIGATION 0 1 0. 0. 8421.2 0. 0 0
16.019 1 ATTITUDE 0.288574 0.056885 0.521973
16.023 1 IMU_ACCEL -4.904297 1.910156 8.144531
16.106 1 DOWNLINK_STATUS 22 15729 708 0 829. 37. 3.18
16.120 1 ATTITUDE 0.288574 0.057129 0.522461
16.126 1 DESIRED -0. 0.23 4.2 -80. -45. 815. 2.
16.129 1 IMU_GYRO -0.010498 -0.005127 0.02124
16.220 1 ATTITUDE 0.288574 0.056641 0.521729
16.226 1 GPS 0 0 0 0 0 0 0 0 0 0 1
16.255 1 NAVIGATION 0 1 0. 0. 8421.2 0. 0 0
16.320 1 ATTITUDE 0.28833 0.056885 0.522217
16.326 1 DESIRED -0. 0.23 4.2 -80. -45. 815. 2.
16.328 1 ESTIMATOR 0. 0.
16.420 1 ATTITUDE 0.288574 0.056885 0.522461
16.423 1 WP_MOVED 9 506213.8125 3566287.5 815. 12
16.473 1 GPS 0 0 0 0 0 0 0 0 0 0 1
16.515 1 NAVIGATION 0 1 0. 0. 8421.2 0. 0 0
16.520 1 ATTITUDE 0.288574 0.056641 0.521729
16.526 1 DESIRED -0. 0.23 4.2 -80. -45. 815. 2.
16.620 1 ATTITUDE 0.288086 0.057129 0.522217
16.623 1 NAVIGATION_REF 506335 3566302 12
16.720 1 ATTITUDE 0.28833 0.057129 0.522217
16.727 1 DESIRED -0. 0.23 4.2 -80. -45. 815. 2.
16.732 1 GPS 0 0 0 0 0 0 0 0 0 0 1
16.735 1 IMU_GYRO -0.008301 -0.009521 0.019043
16.736 1 CALIBRATION 0. 0
16.755 1 NAVIGATION 0 1 0. 0. 8421.2 0. 0 0
16.820 1 ATTITUDE 0.288574 0.057617 0.521729
16.821 1 ESTIMATOR 0. 0.
16.825 1 IMU_ACCEL -4.793945 1.996094 8.263672
16.920 1 ATTITUDE 0.28833 0.058105 0.521973
16.926 1 DESIRED -0. 0.23 4.2 -80. -45. 815. 2.
16.928 1 WP_MOVED 0 506377. 3566344. 757. 12
16.934 1 NAVIGATION 0 1 0. 0. 8421.2 0. 0 0
16.973 1 GPS 0 0 0 0 0 0 0 0 0 0 1
17.003 1 FBW_STATUS 0 46 1 0 0
17.007 1 NAVIGATION 0 1 0. 0. 8421.2 0. 0 0
17.020 1 ATTITUDE 0.288574 0.05835 0.522461
17.023 1 BAT -114 0 0 0 1 20 20 0
17.027 1 IMU_MAG -0.53125 0.02002 -0.181152
17.105 1 COMMANDS -114,-1921,-1590,0
17.107 1 DOWNLINK_STATUS 23 16556 745 0 827. 37. 3.18
17.120 1 ATTITUDE 0.28833 0.058105 0.521973
17.126 1 DESIRED -0. 0.23 4.2 -80. -45. 815. 2.
17.128 1 DL_VALUE 1 0.
17.203 1 ACTUATORS 1000,1521,1389,1500
17.220 1 ATTITUDE 0.28833 0.058105 0.522217
17.226 1 GPS 0 0 0 0 0 0 0 0 0 0 1
17.255 1 NAVIGATION 0 1 0. 0. 8421.2 0. 0 0
17.324 1 ATTITUDE 0.28833 0.058105 0.522461
17.327 1 DESIRED -0. 0.23 4.2 -80. -45. 815. 2.
17.327 1 ESTIMATOR 0. 0.
17.331 1 IMU_GYRO -0.012695 -0.006348 0.02002
17.421 1 ATTITUDE 0.28833 0.057617 0.521973
17.422 1 WP_MOVED 1 506335. 3566302. 765. 12
17.473 1 GPS 0 0 0 0 0 0 0 0 0 0 1
17.505 1 NAVIGATION 0 1 0. 0. 8421.2 0. 0 0
17.520 1 ATTITUDE 0.28833 0.057617 0.522461
17.526 1 DESIRED -0. 0.23 4.2 -80. -45. 815. 2.
17.620 1 ATTITUDE 0.288574 0.057129 0.522461
17.622 1 IMU_ACCEL -4.803711 1.996094 8.258789
17.720 1 ATTITUDE 0.28833 0.056641 0.521973
17.726 1 DESIRED -0. 0.23 4.2 -80. -45. 815. 2.
17.731 1 GPS 0 0 0 0 0 0 0 0 0 0 1
17.733 1 GPS_SOL 0 0 0 0
17.755 1 NAVIGATION 0 1 0. 0. 8421.2 0. 0 0
17.821 1 ATTITUDE 0.28833 0.056885 0.522461
17.825 1 ESTIMATOR 0. 0.
17.825 1 STATE_FILTER_STATUS 3 0
17.920 1 ATTITUDE 0.28833 0.056885 0.522217
17.926 1 DESIRED -0. 0.23 4.2 -80. -45. 815. 2.
17.929 1 WP_MOVED 2 506254.8125 3566257.5 815. 12
17.932 1 IMU_GYRO -0.008301 -0.00415 0.02002
17.937 1 NAVIGATION 0 1 0. 0. 8421.2 0. 0 0
17.972 1 GPS 0 0 0 0 0 0 0 0 0 0 1
18.005 1 NAVIGATION 0 1 0. 0. 8421.2 0. 0 0
18.020 1 ATTITUDE 0.28833 0.056641 0.521973
18.108 1 DOWNLINK_STATUS 24 17342 780 0 786. 35. 3.18
18.120 1 ATTITUDE 0.28833 0.057129 0.522705
18.126 1 DESIRED -0. 0.23 4.2 -80. -45. 815. 2.
18.129 1 BAT -114 0 0 0 1 21 21 0
18.138 1 ENERGY 0. 0. 0 0.
18.220 1 ATTITUDE 0.28833 0.057617 0.522217
18.226 1 GPS 0 0 0 0 0 0 0 0 0 0 1
18.230 1 ALIVE 158,24,214,36,189,244,242,105,201,236,43,205,131,135,77,194
18.256 1 NAVIGATION 0 1 0. 0. 8421.2 0. 0 0
18.320 1 ATTITUDE 0.288086 0.057861 0.521973
18.326 1 DESIRED -0. 0.23 4.2 -80. -45. 815. 2.
18.328 1 ESTIMATOR 0. 0.
18.331 1 IMU_MAG -0.521484 0.01709 -0.181152
18.333 1 PPRZ_MODE 1 3 3 0 0 21
18.420 1 ATTITUDE 0.28833 0.058105 0.522705
18.425 1 WP_MOVED 3 506350.5 3566257. 805. 12
18.426 1 IMU_ACCEL -4.890625 1.923828 8.173828
18.472 1 GPS 0 0 0 0 0 0 0 0 0 0 1
18.508 1 NAVIGATION 0 1 0. 0. 8421.2 0. 0 0
18.520 1 ATTITUDE 0.28833 0.058105 0.522217
18.526 1 DESIRED -0. 0.23 4.2 -80. -45. 815. 2.
18.529 1 IMU_GYRO -0.006348 -0.003174 0.013672
18.620 1 ATTITUDE 0.28833 0.058594 0.521973
18.622 1 DL_VALUE 2 815.
18.720 1 ATTITUDE 0.28833 0.058838 0.522705
18.726 1 DESIRED -0. 0.23 4.2 -80. -45. 815. 2.
18.731 1 GPS 0 0 0 0 0 0 0 0 0 0 1
18.755 1 NAVIGATION 0 1 0. 0. 8421.2 0. 0 0
18.820 1 ATTITUDE 0.288574 0.058105 0.521973
18.822 1 ESTIMATOR 0. 0.
18.824 1 CALIBRATION 0. 0
18.920 1 ATTITUDE 0.28833 0.05835 0.522461
18.926 1 DESIRED -0. 0.23 4.2 -80. -45. 815. 2.
18.934 1 WP_MOVED 4 506374.40625 3566337.75 805. 12
18.934 1 NAVIGATION 0 1 0. 0. 8421.2 0. 0 0
18.936 1 DOWNLINK 1 822 815
18.972 1 GPS 0 0 0 0 0 0 0 0 0 0 1
19.005 1 NAVIGATION 0 1 0. 0. 8421.2 0. 0 0
19.007 1 FBW_STATUS 0 45 1 0 0
19.022 1 ATTITUDE 0.288574 0.058594 0.522705
19.108 1 DOWNLINK_STATUS 25 18198 819 0 856. 39. 3.18
19.120 1 ATTITUDE 0.288574 0.057861 0.521973
19.126 1 DESIRED -0. 0.23 4.2 -80. -45. 815. 2.
19.129 1 IMU_GYRO -0.00415 0.00415 0.014893
19.220 1 ATTITUDE 0.28833 0.057861 0.522705
19.226 1 GPS 0 0 0 0 0 0 0 0 0 0 1
19.229 1 IMU_ACCEL -4.90918 1.910156 8.168945
19.232 1 BAT -114 0 0 0 1 22 22 0
19.255 1 NAVIGATION 0 1 0. 0. 8421.2 0. 0 0
19.320 1 ATTITUDE 0.288574 0.057617 0.522949
19.326 1 DESIRED -0. 0.23 4.2 -80. -45. 815. 2.
19.328 1 ESTIMATOR 0. 0.
19.420 1 ATTITUDE 0.288574 0.057861 0.522705
19.423 1 WP_MOVED 5 506402.3125 3566363.25 820. 12
19.472 1 GPS 0 0 0 0 0 0 0 0 0 0 1
19.505 1 NAVIGATION 0 1 0. 0. 8421.2 0. 0 0
19.520 1 ATTITUDE 0.288086 0.058105 0.523193
19.526 1 DESIRED -0. 0.23 4.2 -80. -45. 815. 2.
19.592 1 PONG 
19.620 1 ATTITUDE 0.288086 0.057861 0.523193
19.623 1 IMU_MAG -0.519043 0.01123 -0.181152
19.720 1 ATTITUDE 0.288086 0.05835 0.522705
19.726 1 DESIRED -0. 0.23 4.2 -80. -45. 815. 2.
19.731 1 GPS 0 0 0 0 0 0 0 0 0 0 1
19.735 1 IMU_GYRO -0.006348 0.001953 0.016846
19.737 1 GPS_SOL 0 0 0 0
19.755 1 NAVIGATION 0 1 0. 0. 8421.2 0. 0 0
19.820 1 ATTITUDE 0.288086 0.058594 0.523193
19.822 1 ESTIMATOR 0. 0.
19.920 1 ATTITUDE 0.288086 0.05835 0.523193
19.926 1 DESIRED -0. 0.23 4.2 -80. -45. 815. 2.
19.929 1 WP_MOVED 6 506374.40625 3566337.75 820. 12
19.934 1 NAVIGATION 0 1 0. 0. 8421.2 0. 0 0
19.972 1 GPS 0 0 0 0 0 0 0 0 0 0 1
20.005 1 NAVIGATION 0 1 0. 0. 8421.2 0. 0 0
20.020 1 ATTITUDE 0.288086 0.057861 0.522949
20.022 1 IMU_ACCEL -4.828125 1.967773 8.235352
20.023 1 STATE_FILTER_STATUS 3 0
20.109 1 DOWNLINK_STATUS 26 19020 856 0 822. 37. 2.73
20.120 1 ATTITUDE 0.288086 0.058105 0.523193
20.126 1 DESIRED -0. 0.23 4.2 -80. -45. 815. 2.
20.128 1 DL_VALUE 3 0.
20.220 1 ATTITUDE 0.28833 0.058105 0.523193
20.225 1 GPS 0 0 0 0 0 0 0 0 0 0 1
20.255 1 NAVIGATION 0 1 0. 0. 8421.2 0. 0 0
20.320 1 ATTITUDE 0.288086 0.058105 0.522705
20.326 1 DESIRED -0. 0.23 4.2 -80. -45. 815. 2.
20.327 1 ESTIMATOR 0. 0.
20.331 1 IMU_GYRO -0.001953 0.001953 0.014893
20.334 1 BAT -114 0 0 0 1 23 23 0
20.420 1 ATTITUDE 0.288086 0.057861 0.522949
20.423 1 WP_MOVED 7 506350.5 3566270.75 805. 12
20.472 1 GPS 0 0 0 0 0 0 0 0 0 0 1
20.505 1 NAVIGATION 0 1 0. 0. 8421.2 0. 0 0
20.520 1 ATTITUDE 0.28833 0.057861 0.522949
20.526 1 DESIRED -0. 0.23 4.2 -80. -45. 815. 2.
20.620 1 ATTITUDE 0.288086 0.057617 0.522949
20.623 1 ENERGY 0. 0. 0 0.
20.720 1 ATTITUDE 0.288086 0.057129 0.523193
20.726 1 DESIRED -0. 0.23 4.2 -80. -45. 815. 2.
20.731 1 GPS 0 0 0 0 0 0 0 0 0 0 1
20.755 1 NAVIGATION 0 1 0. 0. 8421.2 0. 0 0
20.820 1 ATTITUDE 0.288086 0.057129 0.523193
20.822 1 ESTIMATOR 0. 0.
20.825 1 IMU_ACCEL -4.866211 2.015625 8.192383
20.920 1 ATTITUDE 0.288086 0.056885 0.522949
20.926 1 DESIRED -0. 0.23 4.2 -80. -45. 815. 2.
20.929 1 WP_MOVED 8 506254.8125 3566257.5 815. 12
20.932 1 IMU_GYRO -0.001953 0.003174 0.011475
20.937 1 NAVIGATION 0 1 0. 0. 8421.2 0. 0 0
20.939 1 CALIBRATION 0. 0
20.972 1 GPS 0 0 0 0 0 0 0 0 0 0 1
21.002 1 FBW_STATUS 0 45 1 0 0
21.007 1 NAVIGATION 0 1 0. 0. 8421.2 0. 0 0
21.020 1 ATTITUDE 0.288086 0.057373 0.523438
21.109 1 DOWNLINK_STATUS 27 19830 892 0 810. 36. 2.73
21.120 1 ATTITUDE 0.288086 0.056641 0.523193
21.126 1 DESIRED -0. 0.23 4.2 -80. -45. 815. 2.
21.220 1 ATTITUDE 0.288086 0.056396 0.523193
21.225 1 GPS 0 0 0 0 0 0 0 0 0 0 1
21.254 1 NAVIGATION 0 1 0. 0. 8421.2 0. 0 0
21.320 1 ATTITUDE 0.287842 0.056641 0.523438
21.326 1 DESIRED -0. 0.23 4.2 -80. -45. 815. 2.
21.328 1 ESTIMATOR 0. 0.
21.420 1 ATTITUDE 0.287842 0.056396 0.523438
21.423 1 WP_MOVED 9 506213.8125 3566287.5 815. 12
21.427 1 BAT -114 0 0 0 1 24 24 0
21.472 1 GPS 0 0 0 0 0 0 0 0 0 0 1
21.505 1 NAVIGATION 0 1 0. 0. 8421.2 0. 0 0
21.521 1 ATTITUDE 0.287842 0.056152 0.523438
21.526 1 DESIRED -0. 0.23 4.2 -80. -45. 815. 2.
21.531 1 IMU_GYRO -0.006348 0.003174 0.014893
21.620 1 ATTITUDE 0.287842 0.056152 0.523682
21.623 1 IMU_ACCEL -4.851562 1.915039 8.1875
21.625 1 DL_VALUE 4 0.
21.720 1 ATTITUDE 0.288086 0.056152 0.523193
21.725 1 DESIRED -0. 0.23 4.2 -80. -45. 815. 2.
21.731 1 GPS 0 0 0 0 0 0 0 0 0 0 1
21.734 1 GPS_SOL 0 0 0 0
21.754 1 NAVIGATION 0 1 0. 0. 8421.2 0. 0 0
21.820 1 ATTITUDE 0.287598 0.056152 0.523193
21.822 1 ESTIMATOR 0. 0.
21.920 1 ATTITUDE 0.287842 0.056641 0.523438
21.926 1 DESIRED -0. 0.23 4.2 -80. -45. 815. 2.
21.929 1 WP_MOVED 0 506377. 3566344. 757. 12
21.934 1 NAVIGATION 0 1 0. 0. 8421.2 0. 0 0
21.972 1 GPS 0 0 0 0 0 0 0 0 0 0 1
22.004 1 NAVIGATION 0 1 0. 0. 8421.2 0. 0 0
22.020 1 ATTITUDE 0.285889 0.056641 0.523682
22.101 1 COMMANDS -114,-1916,-1599,0
22.110 1 DOWNLINK_STATUS 28 20609 926 0 779. 34. 2.73
22.120 1 ATTITUDE 0.286865 0.057861 0.526367
22.125 1 DESIRED -0. 0.23 4.2 -80. -45. 815. 2.
22.129 1 IMU_GYRO -0.057373 -0.104248 0.016846
22.202 1 ACTUATORS 1000,1521,1389,1500
22.220 1 ATTITUDE 0.287354 0.060303 0.523193
22.225 1 GPS 0 0 0 0 0 0 0 0 0 0 1
22.228 1 IMU_MAG -0.519043 0.01709 -0.192383
22.230 1 STATE_FILTER_STATUS 3 0
22.254 1 NAVIGATION 0 1 0. 0. 8421.2 0. 0 0
22.320 1 ATTITUDE 0.286621 0.055908 0.525879
22.325 1 DESIRED -0. 0.23 4.2 -80. -45. 815. 2.
22.328 1 ESTIMATOR 0. 0.
22.420 1 ATTITUDE 0.281006 0.065674 0.554688
22.423 1 WP_MOVED 1 506335. 3566302. 765. 12
22.426 1 IMU_ACCEL -6.038086 2.068359 8.054688
22.472 1 GPS 0 0 0 0 0 0 0 0 0 0 1
22.504 1 NAVIGATION 0 1 0. 0. 8421.2 0. 0 0
22.520 1 ATTITUDE 0.294678 0.073242 0.632568
22.525 1 DESIRED -0. 0.24 4.2 -80. -45. 815. 2.
22.529 1 BAT -114 0 0 0 1 25 25 0
22.620 1 ATTITUDE 0.298828 0.050049 0.675049
22.720 1 ATTITUDE 0.258301 0.036865 0.662354
22.725 1 DESIRED -0. 0.22 4.2 -80. -45. 815. 2.
22.731 1 GPS 0 0 0 0 0 0 0 0 0 0 1
22.734 1 IMU_GYRO -0.134033 -0.337158 0.034912
22.754 1 NAVIGATION 0 1 0. 0. 8421.2 0. 0 0
22.820 1 ATTITUDE 0.281982 0.034424 0.653564
22.822 1 ESTIMATOR 0. 0.
22.920 1 ATTITUDE 0.297607 -0.005859 0.568604
22.925 1 DESIRED -0. 0.24 4.2 -80. -45. 815. 2.
22.929 1 WP_MOVED 2 506254.8125 3566257.5 815. 12
22.933 1 NAVIGATION 0 1 0. 0. 8421.2 0. 0 0
22.972 1 GPS 0 0 0 0 0 0 0 0 0 0 1
23.002 1 FBW_STATUS 0 45 1 0 0
23.008 1 NAVIGATION 0 1 0. 0. 8421.2 0. 0 0
23.020 1 ATTITUDE 0.338379 0.016113 0.281982
23.021 1 CALIBRATION 0. 0
23.111 1 DOWNLINK_STATUS 29 21430 963 0 821. 37. 2.73
23.120 1 ATTITUDE 0.360107 -0.053223 0.104248
23.125 1 DESIRED -0. 0.26 4.2 -80. -45. 815. 2.
23.126 1 DL_VALUE 5 0.
23.131 1 ENERGY 0. 0. 0 0.
23.220 1 ATTITUDE 0.443848 -0.116211 0.040527
23.225 1 GPS 0 0 0 0 0 0 0 0 0 0 1
23.228 1 IMU_ACCEL -1.902344 1.088867 10.368164
23.232 1 ALIVE 158,24,214,36,189,244,242,105,201,236,43,205,131,135,77,194
23.254 1 NAVIGATION 0 1 0. 0. 8421.2 0. 0 0
23.320 1 ATTITUDE 0.513916 -0.149414 0.034668
23.325 1 DESIRED -0. 0.33 4.2 -80. -45. 815. 2.
23.328 1 ESTIMATOR 0. 0.
23.331 1 IMU_GYRO -0.666016 -0.127686 0.395752
23.333 1 PPRZ_MODE 1 3 3 0 0 21
23.420 1 ATTITUDE 0.561035 -0.20459 0.063721
23.423 1 WP_MOVED 3 506350.5 3566257. 805. 12
23.472 1 GPS 0 0 0 0 0 0 0 0 0 0 1
23.504 1 NAVIGATION 0 1 0. 0. 8421.2 0. 0 0
23.521 1 ATTITUDE 0.554932 -0.251221 0.059326
23.525 1 DESIRED -0. 0.35 4.2 -80. -45. 815. 2.
23.528 1 IMU_MAG -0.697754 0.361328 0.03418
23.619 1 ATTITUDE 0.543213 -0.26709 0.065674
23.623 1 BAT -114 0 0 0 1 26 26 0
23.720 1 ATTITUDE 0.54541 -0.280273 0.049805
23.725 1 DESIRED -0. 0.34 4.2 -80. -45. 815. 2.
23.731 1 GPS 0 0 0 0 0 0 0 0 0 0 1
23.734 1 GPS_SOL 0 0 0 0
23.754 1 NAVIGATION 0 1 0. 0. 8421.2 0. 0 0
23.820 1 ATTITUDE 0.570068 -0.29248 -0.006592
23.822 1 ESTIMATOR 0. 0.
23.919 1 ATTITUDE 0.581055 -0.270996 0.014893
23.925 1 DESIRED -0. 0.36 4.2 -80. -45. 815. 2.
23.929 1 WP_MOVED 4 506374.40625 3566337.75 805. 12
23.932 1 IMU_GYRO -0.078613 0.477783 -0.315918
23.936 1 NAVIGATION 0 1 0. 0. 8421.2 0. 0 0
23.972 1 GPS 0 0 0 0 0 0 0 0 0 0 1
24.004 1 NAVIGATION 0 1 0. 0. 8421.2 0. 0 0
24.019 1 ATTITUDE 0.587158 -0.249023 0.050537
24.023 1 IMU_ACCEL -0.768555 -0.632812 9.460938
24.024 1 DOWNLINK 2 824 1003
24.112 1 DOWNLINK_STATUS 30 22314 1003 0 884. 40. 2.73
24.119 1 ATTITUDE 0.603027 -0.25708 0.061523
24.125 1 DESIRED -0. 0.37 4.2 -80. -45. 815. 2.
24.219 1 ATTITUDE 0.601807 -0.252441 0.074707
24.225 1 GPS 0 0 0 0 0 0 0 0 0 0 1
24.254 1 NAVIGATION 0 1 0. 0. 8421.2 0. 0 0
24.319 1 ATTITUDE 0.596191 -0.248779 0.091797
24.325 1 DESIRED -0. 0.37 4.2 -80. -45. 815. 2.
24.328 1 ESTIMATOR 0. 0.
24.419 1 ATTITUDE 0.614746 -0.255859 0.093262
24.423 1 WP_MOVED 5 506402.3125 3566363.25 820. 12
24.424 1 STATE_FILTER_STATUS 3 0
24.472 1 GPS 0 0 0 0 0 0 0 0 0 0 1
24.505 1 NAVIGATION 0 1 0. 0. 8421.2 0. 0 0
24.519 1 ATTITUDE 0.623291 -0.258057 0.094238
24.525 1 DESIRED -0. 0.38 4.2 -80. -45. 815. 2.
24.527 1 IMU_GYRO 0.016846 0.121094 -0.029785
24.592 1 PONG 
24.619 1 ATTITUDE 0.629883 -0.266357 0.098877
24.621 1 DL_VALUE 6 100.
24.719 1 ATTITUDE 0.65918 -0.284668 0.0896
24.725 1 DESIRED -0. 0.39 4.2 -80. -45. 815. 2.
24.731 1 GPS 0 0 0 0 0 0 0 0 0 0 1
24.734 1 BAT -114 0 0 0 1 27 27 0
24.754 1 NAVIGATION 0 1 0. 0. 8421.2 0. 0 0
24.819 1 ATTITUDE 0.666016 -0.297607 0.075195
24.822 1 ESTIMATOR 0. 0.
24.825 1 IMU_ACCEL -0.676758 -1.376953 9.62207
24.828 1 IMU_MAG -0.700195 0.445312 0.100586
24.919 1 ATTITUDE 0.675049 -0.321289 0.062744
24.925 1 DESIRED -0. 0.4 4.2 -80. -45. 815. 2.
24.929 1 WP_MOVED 6 506374.40625 3566337.75 820. 12
24.933 1 NAVIGATION 0 1 0. 0. 8421.2 0. 0 0
24.972 1 GPS 0 0 0 0 0 0 0 0 0 0 1
25.002 1 FBW_STATUS 0 45 1 0 0
25.007 1 NAVIGATION 0 1 0. 0. 8421.2 0. 0 0
25.019 1 ATTITUDE 0.693604 -0.343506 0.064941
25.113 1 DOWNLINK_STATUS 31 23108 1039 0 794. 36. 2.82
25.119 1 ATTITUDE 0.685791 -0.356689 0.063232
25.125 1 DESIRED -0. 0.41 4.2 -80. -45. 815. 2.
25.128 1 IMU_GYRO 0.333984 0.006348 -0.09668
25.130 1 CALIBRATION 0. 0
25.219 1 ATTITUDE 0.669678 -0.352783 0.072266
25.225 1 GPS 0 0 0 0 0 0 0 0 0 0 1
25.254 1 NAVIGATION 0 1 0. 0. 8421.2 0. 0 0
25.319 1 ATTITUDE 0.645264 -0.350098 0.081543
25.325 1 DESIRED -0. 0.39 4.2 -80. -45. 815. 2.
25.328 1 ESTIMATOR 0. 0.
25.419 1 ATTITUDE 0.637695 -0.350586 0.069824
25.423 1 WP_MOVED 7 506350.5 3566270.75 805. 12
25.472 1 GPS 0 0 0 0 0 0 0 0 0 0 1
25.504 1 NAVIGATION 0 1 0. 0. 8421.2 0. 0 0
25.519 1 ATTITUDE 0.625 -0.351318 0.071045
25.525 1 DESIRED -0. 0.38 4.2 -80. -45. 815. 2.
25.619 1 ATTITUDE 0.611572 -0.351807 0.075684
25.623 1 IMU_ACCEL -0.662109 -0.950195 9.56543
25.626 1 ENERGY 0. 0. 0 0.
25.629 1 NAVIGATION_REF 506335 3566302 12
25.719 1 ATTITUDE 0.615967 -0.354736 0.072998
25.725 1 DESIRED -0. 0.38 4.2 -80. -45. 815. 2.
25.731 1 GPS 0 0 0 0 0 0 0 0 0 0 1
25.734 1 IMU_GYRO 0.036133 0.005127 -0.011475
25.737 1 GPS_SOL 0 0 0 0
25.754 1 NAVIGATION 0 1 0. 0. 8421.2 0. 0 0
25.819 1 ATTITUDE 0.606934 -0.351807 0.076904
25.822 1 ESTIMATOR 0. 0.
25.825 1 BAT -114 0 0 0 1 28 28 0
25.919 1 ATTITUDE 0.606445 -0.351807 0.077881
25.925 1 DESIRED -0. 0.37 4.2 -80. -45. 815. 2.
25.929 1 WP_MOVED 8 506254.8125 3566257.5 815. 12
25.933 1 NAVIGATION 0 1 0. 0. 8421.2 0. 0 0
25.972 1 GPS 0 0 0 0 0 0 0 0 0 0 1
26.008 1 NAVIGATION 0 1 0. 0. 8421.2 0. 0 0
26.019 1 ATTITUDE 0.603516 -0.348633 0.081299
26.113 1 DOWNLINK_STATUS 32 23925 1075 0 817. 36. 2.82
26.119 1 ATTITUDE 0.603271 -0.349121 0.081055
26.125 1 DESIRED -0. 0.37 4.2 -80. -45. 815. 2.
26.128 1 IMU_MAG -0.685547 0.390625 0.040039
26.130 1 DL_VALUE 7 1.
26.219 1 ATTITUDE 0.602295 -0.349121 0.079834
26.225 1 GPS 0 0 0 0 0 0 0 0 0 0 1
26.254 1 NAVIGATION 0 1 0. 0. 8421.2 0. 0 0
26.319 1 ATTITUDE 0.609131 -0.350586 0.078613
26.325 1 DESIRED -0. 0.37 4.2 -80. -45. 815. 2.
26.328 1 ESTIMATOR 0. 0.
26.331 1 IMU_GYRO -0.083008 -0.014893 -0.000977
26.419 1 ATTITUDE 0.608154 -0.348877 0.078613
26.423 1 WP_MOVED 9 506213.8125 3566287.5 815. 12
26.426 1 IMU_ACCEL -0.65332 -0.853516 9.555664
26.472 1 GPS 0 0 0 0 0 0 0 0 0 0 1
26.504 1 NAVIGATION 0 1 0. 0. 8421.2 0. 0 0
26.520 1 ATTITUDE 0.607422 -0.348389 0.078613
26.525 1 DESIRED -0. 0.37 4.2 -80. -45. 815. 2.
26.619 1 ATTITUDE 0.611572 -0.347656 0.078369
26.621 1 STATE_FILTER_STATUS 3 0
26.719 1 ATTITUDE 0.611328 -0.345703 0.078613
26.725 1 DESIRED -0. 0.37 4.2 -80. -45. 815. 2.
26.731 1 GPS 0 0 0 0 0 0 0 0 0 0 1
26.754 1 NAVIGATION 0 1 0. 0. 8421.2 0. 0 0
26.819 1 ATTITUDE 0.610107 -0.347656 0.078613
26.822 1 ESTIMATOR 0. 0.
26.919 1 ATTITUDE 0.609375 -0.346924 0.078369
26.925 1 DESIRED -0. 0.37 4.2 -80. -45. 815. 2.
26.929 1 WP_MOVED 0 506377. 3566344. 757. 12
26.932 1 IMU_GYRO -0.106201 -0.015869 0.051025
26.936 1 NAVIGATION 0 1 0. 0. 8421.2 0. 0 0
26.972 1 GPS 0 0 0 0 0 0 0 0 0 0 1
27.003 1 FBW_STATUS 0 45 1 0 0
27.012 1 NAVIGATION 0 1 0. 0. 8421.2 0. 0 0
27.020 1 ATTITUDE 0.611084 -0.34668 0.078857
27.102 1 COMMANDS -114,-4054,1627,0
27.114 1 DOWNLINK_STATUS 33 24726 1111 0 801. 36. 2.82
27.119 1 ATTITUDE 0.613037 -0.346924 0.077393
27.125 1 DESIRED -0. 0.37 4.2 -80. -45. 815. 2.
27.202 1 ACTUATORS 1000,1337,1473,1500
27.219 1 ATTITUDE 0.61377 -0.346924 0.077637
27.225 1 GPS 0 0 0 0 0 0 0 0 0 0 1
27.228 1 IMU_ACCEL -0.801758 -0.892578 9.678711
27.230 1 CALIBRATION 0. 0
27.254 1 NAVIGATION 0 1 0. 0. 8421.2 0. 0 0
27.319 1 ATTITUDE 0.614258 -0.346191 0.077393
27.325 1 DESIRED -0. 0.37 4.2 -80. -45. 815. 2.
27.328 1 ESTIMATOR 0. 0.
27.419 1 ATTITUDE 0.613037 -0.345459 0.077637
27.423 1 WP_MOVED 1 506335. 3566302. 765. 12
27.427 1 IMU_MAG -0.69043 0.399414 0.051758
27.472 1 GPS 0 0 0 0 0 0 0 0 0 0 1
27.504 1 NAVIGATION 0 1 0. 0. 8421.2 0. 0 0
27.519 1 ATTITUDE 0.614014 -0.345215 0.077148
27.525 1 DESIRED -0. 0.37 4.2 -80. -45. 815. 2.
27.528 1 IMU_GYRO -0.023193 0. 0.036133
27.619 1 ATTITUDE 0.616943 -0.34668 0.076416
27.621 1 DL_VALUE 8 0.
27.633 1 WIND_INFO 1 42 0. 0. 0.
27.719 1 ATTITUDE 0.612549 -0.342529 0.075439
27.725 1 DESIRED -0. 0.37 4.2 -80. -45. 815. 2.
27.731 1 GPS 0 0 0 0 0 0 0 0 0 0 1
27.734 1 GPS_SOL 0 0 0 0
27.754 1 NAVIGATION 0 1 0. 0. 8421.2 0. 0 0
27.819 1 ATTITUDE 0.613037 -0.341309 0.07373
27.822 1 ESTIMATOR 0. 0.
27.919 1 ATTITUDE 0.609863 -0.335938 0.073242
27.925 1 DESIRED -0. 0.37 4.2 -80. -45. 815. 2.
27.929 1 WP_MOVED 2 506254.8125 3566257.5 815. 12
27.933 1 NAVIGATION 0 1 0. 0. 8421.2 0. 0 0
27.972 1 GPS 0 0 0 0 0 0 0 0 0 0 1
28.005 1 NAVIGATION 0 1 0. 0. 8421.2 0. 0 0
28.019 1 ATTITUDE 0.61084 -0.337158 0.072754
28.022 1 IMU_ACCEL -0.676758 -0.911133 9.541016
28.028 1 BAT -114 0 0 0 1 31 31 0
28.115 1 DOWNLINK_STATUS 34 25552 1148 0 826. 37. 2.82
28.119 1 ATTITUDE 0.613281 -0.33667 0.074219
28.125 1 DESIRED -0. 0.37 4.2 -80. -45. 815. 2.
28.128 1 IMU_GYRO 0.012695 0.00415 -0.00415
28.132 1 ENERGY 0. 0. 0 0.
28.219 1 ATTITUDE 0.611328 -0.336426 0.075439
28.225 1 GPS 0 0 0 0 0 0 0 0 0 0 1
28.229 1 ALIVE 158,24,214,36,189,244,242,105,201,236,43,205,131,135,77,194
28.254 1 NAVIGATION 0 1 0. 0. 8421.2 0. 0 0
28.319 1 ATTITUDE 0.61084 -0.334229 0.076172
28.325 1 DESIRED -0. 0.37 4.2 -80. -45. 815. 2.
28.328 1 ESTIMATOR 0. 0.
28.330 1 PPRZ_MODE 1 3 3 0 0 21
28.419 1 ATTITUDE 0.612061 -0.332764 0.075684
28.423 1 WP_MOVED 3 506350.5 3566257. 805. 12
28.472 1 GPS 0 0 0 0 0 0 0 0 0 0 1
28.504 1 NAVIGATION 0 1 0. 0. 8421.2 0. 0 0
28.519 1 ATTITUDE 0.616455 -0.335693 0.073486
28.530 1 DESIRED -0. 0.38 4.2 -80. -45. 815. 2.
28.619 1 ATTITUDE 0.611816 -0.334961 0.074463
28.719 1 ATTITUDE 0.609131 -0.333252 0.075684
28.725 1 DESIRED -0. 0.37 4.2 -80. -45. 815. 2.
28.731 1 GPS 0 0 0 0 0 0 0 0 0 0 1
28.734 1 IMU_GYRO -0.052979 -0.005127 0.048828
28.737 1 IMU_MAG -0.702637 0.399414 0.040039
28.754 1 NAVIGATION 0 1 0. 0. 8421.2 0. 0 0
28.819 1 ATTITUDE 0.609619 -0.333984 0.076904
28.822 1 ESTIMATOR 0. 0.
28.825 1 IMU_ACCEL -0.657227 -0.853516 9.494141
28.826 1 STATE_FILTER_STATUS 3 0
28.919 1 ATTITUDE 0.612061 -0.335205 0.076172
28.925 1 DESIRED -0. 0.37 4.2 -80. -45. 815. 2.
28.929 1 WP_MOVED 4 506374.40625 3566337.75 805. 12
28.933 1 NAVIGATION 0 1 0. 0. 8421.2 0. 0 0
28.972 1 GPS 0 0 0 0 0 0 0 0 0 0 1
29.005 1 FBW_STATUS 0 45 1 0 0
29.006 1 NAVIGATION 0 1 0. 0. 8421.2 0. 0 0
29.021 1 ATTITUDE 0.607666 -0.334473 0.076904
29.116 1 DOWNLINK_STATUS 35 26382 1185 0 830. 37. 2.82
29.119 1 ATTITUDE 0.604248 -0.330078 0.078857
29.125 1 DESIRED -0. 0.37 4.2 -80. -45. 815. 2.
29.129 1 BAT -114 0 0 0 1 32 32 0
29.130 1 DL_VALUE 9 1.
29.132 1 DOWNLINK 3 816 1190
29.219 1 ATTITUDE 0.593262 -0.329834 0.077393
29.225 1 GPS 0 0 0 0 0 0 0 0 0 0 1
29.254 1 NAVIGATION 0 1 0. 0. 8421.2 0. 0 0
29.319 1 ATTITUDE 0.588135 -0.321289 0.078369
29.325 1 DESIRED -0. 0.36 4.2 -80. -45. 815. 2.
29.326 1 ESTIMATOR 0. 0.
29.331 1 IMU_GYRO 0.074463 0.00415 -0.109375
29.331 1 CALIBRATION 0. 0
29.419 1 ATTITUDE 0.585938 -0.313477 0.079346
29.423 1 WP_MOVED 5 506402.3125 3566363.25 820. 12
29.472 1 GPS 0 0 0 0 0 0 0 0 0 0 1
29.505 1 NAVIGATION 0 1 0. 0. 8421.2 0. 0 0
29.519 1 ATTITUDE 0.562988 -0.300049 0.083252
29.525 1 DESIRED -0. 0.35 4.2 -80. -45. 815. 2.
29.593 1 PONG 
29.619 1 ATTITUDE 0.539551 -0.275391 0.084473
29.622 1 IMU_ACCEL -0.902344 -0.148438 9.550781
29.719 1 ATTITUDE 0.536621 -0.26416 0.086914
29.725 1 DESIRED -0. 0.34 4.2 -80. -45. 815. 2.
29.731 1 GPS 0 0 0 0 0 0 0 0 0 0 1
29.734 1 GPS_SOL 0 0 0 0
29.754 1 NAVIGATION 0 1 0. 0. 8421.2 0. 0 0
29.819 1 ATTITUDE 0.534912 -0.254639 0.084473
29.821 1 ESTIMATOR 0. 0.
29.919 1 ATTITUDE 0.513916 -0.228516 0.132812
29.925 1 DESIRED -0. 0.33 4.2 -80. -45. 815. 2.
29.928 1 WP_MOVED 6 506374.40625 3566337.75 820. 12
29.932 1 IMU_GYRO 0.208496 1.158691 -0.262695
29.936 1 NAVIGATION 0 1 0. 0. 8421.2 0. 0 0
29.972 1 GPS 0 0 0 0 0 0 0 0 0 0 1
30.006 1 NAVIGATION 0 1 0. 0. 8421.2 0. 0 0
30.020 1 ATTITUDE 0.498291 -0.211182 0.208984
30.022 1 IMU_MAG -0.653809 0.257324 -0.051758
30.116 1 DOWNLINK_STATUS 36 27210 1223 0 828. 38. 2.63
30.118 1 ATTITUDE 0.49707 -0.20459 0.214355
30.125 1 DESIRED -0. 0.32 4.2 -80. -45. 815. 2.
30.219 1 ATTITUDE 0.496094 -0.203857 0.214355
30.225 1 GPS 0 0 0 0 0 0 0 0 0 0 1
30.228 1 BAT -114 0 0 0 1 33 33 0
30.254 1 NAVIGATION 0 1 0. 0. 8421.2 0. 0 0
30.319 1 ATTITUDE 0.491699 -0.202393 0.226318
30.325 1 DESIRED -0. 0.32 4.2 -80. -45. 815. 2.
30.327 1 ESTIMATOR 0. 0.
30.419 1 ATTITUDE 0.489746 -0.200928 0.231445
30.422 1 WP_MOVED 7 506350.5 3566270.75 805. 12
30.426 1 IMU_ACCEL -2.271484 0.359375 9.494141
30.472 1 GPS 0 0 0 0 0 0 0 0 0 0 1
30.506 1 NAVIGATION 0 1 0. 0. 8421.2 0. 0 0
30.519 1 ATTITUDE 0.489746 -0.196533 0.230469
30.525 1 DESIRED -0. 0.32 4.2 -80. -45. 815. 2.
30.528 1 IMU_GYRO 0. -0.011475 0.007324
30.619 1 ATTITUDE 0.489014 -0.195068 0.233154
30.621 1 DL_VALUE 10 0.
30.624 1 ENERGY 0. 0. 0 0.
30.719 1 ATTITUDE 0.486572 -0.196289 0.241211
30.725 1 DESIRED -0. 0.32 4.2 -80. -45. 815. 2.
30.731 1 GPS 0 0 0 0 0 0 0 0 0 0 1
30.754 1 NAVIGATION 0 1 0. 0. 8421.2 0. 0 0
30.819 1 ATTITUDE 0.485352 -0.195312 0.239502
30.821 1 ESTIMATOR 0. 0.
30.919 1 ATTITUDE 0.484863 -0.191406 0.242188
30.925 1 DESIRED -0. 0.32 4.2 -80. -45. 815. 2.
30.928 1 WP_MOVED 8 506254.8125 3566257.5 815. 12
30.933 1 NAVIGATION 0 1 0. 0. 8421.2 0. 0 0
30.972 1 GPS 0 0 0 0 0 0 0 0 0 0 1
31.006 1 FBW_STATUS 0 46 1 0 0
31.007 1 NAVIGATION 0 1 0. 0. 8421.2 0. 0 0
31.019 1 ATTITUDE 0.484863 -0.191406 0.244629
31.020 1 STATE_FILTER_STATUS 3 0
31.116 1 DOWNLINK_STATUS 37 28000 1258 0 790. 35. 2.63
31.119 1 ATTITUDE 0.483398 -0.193848 0.244141
31.125 1 DESIRED -0. 0.32 4.2 -80. -45. 815. 2.
31.128 1 IMU_GYRO 0.008301 0.043457 0.00415
31.219 1 ATTITUDE 0.50293 -0.195068 0.314941
31.225 1 GPS 0 0 0 0 0 0 0 0 0 0 1
31.228 1 IMU_ACCEL -2.78125 0.301758 9.673828
31.254 1 NAVIGATION 0 1 0. 0. 8421.2 0. 0 0
31.319 1 ATTITUDE 0.525146 -0.162109 0.675049
31.325 1 DESIRED -0. 0.34 4.2 -80. -45. 815. 2.
31.327 1 ESTIMATOR 0. 0.
31.331 1 BAT -114 0 0 0 1 34 34 0
31.334 1 IMU_MAG -0.313477 0.263184 -0.01123
31.419 1 ATTITUDE 0.444336 -0.222656 0.309082
31.421 1 WP_MOVED 9 506213.8125 3566287.5 815. 12
31.423 1 CALIBRATION 0. 0
31.472 1 GPS 0 0 0 0 0 0 0 0 0 0 1
31.504 1 NAVIGATION 0 1 0. 0. 8421.2 0. 0 0
31.519 1 ATTITUDE 0.445801 -0.205566 0.425537
31.527 1 DESIRED -0. 0.3 4.2 -80. -45. 815. 2.
31.619 1 ATTITUDE 0.446045 -0.211426 0.403564
31.719 1 ATTITUDE 0.429199 -0.205078 0.452637
31.725 1 DESIRED -0. 0.29 4.2 -80. -45. 815. 2.
31.731 1 GPS 0 0 0 0 0 0 0 0 0 0 1
31.734 1 IMU_GYRO 0.253174 0.810791 -0.155273
31.737 1 GPS_SOL 0 0 0 0
31.754 1 NAVIGATION 0 1 0. 0. 8421.2 0. 0 0
31.819 1 ATTITUDE 0.415039 -0.229736 0.469482
31.821 1 ESTIMATOR 0. 0.
31.919 1 ATTITUDE 0.430908 -0.201172 0.473877
31.925 1 DESIRED -0. 0.29 4.2 -80. -45. 815. 2.
31.928 1 WP_MOVED 0 506377. 3566344. 757. 12
31.933 1 NAVIGATION 0 1 0. 0. 8421.2 0. 0 0
31.972 1 GPS 0 0 0 0 0 0 0 0 0 0 1
32.007 1 NAVIGATION 0 1 0. 0. 8421.2 0. 0 0
32.019 1 ATTITUDE 0.43335 -0.20166 0.469971
32.022 1 IMU_ACCEL -4.155273 0.671875 7.361328
32.102 1 COMMANDS -114,-2860,-1189,0
32.116 1 DOWNLINK_STATUS 38 28833 1295 0 833. 37. 2.63
32.119 1 ATTITUDE 0.420898 -0.20874 0.494385
32.125 1 DESIRED -0. 0.29 4.2 -80. -45. 815. 2.
32.127 1 DL_VALUE 11 1.
32.202 1 ACTUATORS 1000,1451,1426,1500
32.219 1 ATTITUDE 0.398438 -0.238037 0.309326
32.225 1 GPS 0 0 0 0 0 0 0 0 0 0 1
32.254 1 NAVIGATION 0 1 0. 0. 8421.2 0. 0 0
32.319 1 ATTITUDE 0.358398 -0.252686 0.114014
32.325 1 DESIRED -0. 0.27 4.2 -80. -45. 815. 2.
32.327 1 ESTIMATOR 0. 0.
32.330 1 IMU_GYRO 0.51709 -2.834961 1.108887
32.419 1 ATTITUDE 0.345215 -0.239746 -0.07959
32.422 1 WP_MOVED 1 506335. 3566302. 765. 12
32.426 1 BAT -114 0 0 0 1 35 35 0
32.472 1 GPS 0 0 0 0 0 0 0 0 0 0 1
32.508 1 NAVIGATION 0 1 0. 0. 8421.2 0. 0 0
32.520 1 ATTITUDE 0.34375 -0.241699 0.071777
32.527 1 DESIRED -0. 0.26 4.2 -80. -45. 815. 2.
32.619 1 ATTITUDE 0.339355 -0.206787 0.188965
32.622 1 IMU_MAG -0.631836 0.086426 -0.114746
32.719 1 ATTITUDE 0.343262 -0.177734 0.207031
32.725 1 DESIRED -0. 0.26 4.2 -80. -45. 815. 2.
32.731 1 GPS 0 0 0 0 0 0 0 0 0 0 1
32.754 1 NAVIGATION 0 1 0. 0. 8421.2 0. 0 0
32.819 1 ATTITUDE 0.346436 -0.166504 0.240723
32.821 1 ESTIMATOR 0. 0.
32.824 1 IMU_ACCEL -2.555664 1.976562 9.260742
32.919 1 ATTITUDE 0.318848 -0.172119 0.260498
32.925 1 DESIRED -0. 0.25 4.2 -80. -45. 815. 2.
32.928 1 WP_MOVED 2 506254.8125 3566257.5 815. 12
32.931 1 IMU_GYRO -0.00415 -0.210693 0.536133
32.936 1 NAVIGATION 0 1 0. 0. 8421.2 0. 0 0
32.972 1 GPS 0 0 0 0 0 0 0 0 0 0 1
33.001 1 FBW_STATUS 0 46 1 0 0
33.009 1 NAVIGATION 0 1 0. 0. 8421.2 0. 0 0
33.019 1 ATTITUDE 0.303711 -0.222168 0.19458
33.117 1 DOWNLINK_STATUS 39 29645 1331 0 812. 36. 2.63
33.119 1 ATTITUDE 0.308594 -0.275635 0.059326
33.125 1 DESIRED -0. 0.24 4.2 -80. -45. 815. 2.
33.128 1 ENERGY 0. 0. 0 0.
33.219 1 ATTITUDE 0.331299 -0.232666 -0.123535
33.225 1 GPS 0 0 0 0 0 0 0 0 0 0 1
33.226 1 STATE_FILTER_STATUS 3 0
33.230 1 ALIVE 158,24,214,36,189,244,242,105,201,236,43,205,131,135,77,194
33.254 1 NAVIGATION 0 1 0. 0. 8421.2 0. 0 0
33.319 1 ATTITUDE 0.345215 -0.169922 -0.291992
33.325 1 DESIRED -0. 0.26 4.2 -80. -45. 815. 2.
33.327 1 ESTIMATOR 0. 0.
33.329 1 PPRZ_MODE 1 3 3 0 0 21
33.419 1 ATTITUDE 0.342529 -0.119873 -0.352783
33.422 1 WP_MOVED 3 506350.5 3566257. 805. 12
33.471 1 GPS 0 0 0 0 0 0 0 0 0 0 1
33.510 1 NAVIGATION 0 1 0. 0. 8421.2 0. 0 0
33.520 1 ATTITUDE 0.338867 -0.125977 -0.172363
33.525 1 DESIRED -0. 0.25 4.2 -80. -45. 815. 2.
33.528 1 IMU_GYRO 0.263916 2.608154 -0.191406
33.531 1 BAT -114 0 0 0 1 36 36 0
33.532 1 CALIBRATION 0. 0
33.619 1 ATTITUDE 0.31958 -0.144531 0.048096
33.622 1 IMU_ACCEL -1.017578 2.572266 9.826172
33.624 1 DL_VALUE 0 0.
33.719 1 ATTITUDE 0.304199 -0.159912 0.193604
33.725 1 DESIRED -0. 0.24 4.2 -80. -45. 815. 2.
33.730 1 GPS 0 0 0 0 0 0 0 0 0 0 1
33.733 1 GPS_SOL 0 0 0 0
33.754 1 NAVIGATION 0 1 0. 0. 8421.2 0. 0 0
33.819 1 ATTITUDE 0.282959 -0.194824 0.282227
33.821 1 ESTIMATOR 0. 0.
33.919 1 ATTITUDE 0.265381 -0.2146 0.345703
33.925 1 DESIRED -0. 0.22 4.2 -80. -45. 815. 2.
33.928 1 WP_MOVED 4 506374.40625 3566337.75 805. 12
33.933 1 NAVIGATION 0 1 0. 0. 8421.2 0. 0 0
33.936 1 IMU_MAG -0.367188 0.054688 -0.103516
33.971 1 GPS 0 0 0 0 0 0 0 0 0 0 1
34.010 1 NAVIGATION 0 1 0. 0. 8421.2 0. 0 0
34.019 1 ATTITUDE 0.253174 -0.225586 0.385254
34.117 1 DOWNLINK_STATUS 40 30502 1370 0 857. 39. 2.63
34.119 1 ATTITUDE 0.263428 -0.223633 0.387207
34.125 1 DESIRED -0. 0.22 4.2 -80. -45. 815. 2.
34.128 1 IMU_GYRO -0.687256 -1.950684 0.091309
34.219 1 ATTITUDE 0.321777 -0.1604 0.148926
34.225 1 GPS 0 0 0 0 0 0 0 0 0 0 1
34.226 1 DOWNLINK 3 815 1376
34.254 1 NAVIGATION 0 1 0. 0. 8421.2 0. 0 0
34.319 1 ATTITUDE 0.342773 -0.120605 -0.027588
34.325 1 DESIRED -0. 0.26 4.2 -80. -45. 815. 2.
34.327 1 ESTIMATOR 0. 0.
34.419 1 ATTITUDE 0.320312 -0.127686 0.042725
34.422 1 WP_MOVED 5 506402.3125 3566363.25 820. 12
34.425 1 IMU_ACCEL -0.119141 1.996094 9.251953
34.471 1 GPS 0 0 0 0 0 0 0 0 0 0 1
34.510 1 NAVIGATION 0 1 0. 0. 8421.2 0. 0 0
34.519 1 ATTITUDE 0.269775 -0.171387 0.250977
34.525 1 DESIRED -0. 0.22 4.2 -80. -45. 815. 2.
34.594 1 PONG 
34.619 1 ATTITUDE 0.259521 -0.186768 0.334473
34.622 1 BAT -114 0 0 0 1 37 37 0
34.625 1 NAVIGATION_REF 506335 3566302 12
34.719 1 ATTITUDE 0.313721 -0.126221 0.086426
34.725 1 DESIRED -0. 0.24 4.2 -80. -45. 815. 2.
34.730 1 GPS 0 0 0 0 0 0 0 0 0 0 1
34.734 1 IMU_GYRO -0.70874 -4.37915 -0.166992
34.754 1 NAVIGATION 0 1 0. 0. 8421.2 0. 0 0
34.819 1 ATTITUDE 0.3396 -0.056396 -0.197021
34.821 1 ESTIMATOR 0. 0.
34.919 1 ATTITUDE 0.349121 0.01123 -0.39502
34.925 1 DESIRED -0. 0.26 4.2 -80. -45. 815. 2.
34.928 1 WP_MOVED 6 506374.40625 3566337.75 820. 12
34.933 1 NAVIGATION 0 1 0. 0. 8421.2 0. 0 0
34.971 1 GPS 0 0 0 0 0 0 0 0 0 0 1
35.001 1 FBW_STATUS 0 46 1 0 0
35.011 1 NAVIGATION 0 1 0. 0. 8421.2 0. 0 0
35.019 1 ATTITUDE 0.348633 0.045898 -0.516113
35.117 1 DOWNLINK_STATUS 41 31302 1406 0 800. 36. 2.65
35.119 1 ATTITUDE 0.329346 -0.064941 -0.091309
35.125 1 DESIRED -0. 0.25 4.2 -80. -45. 815. 2.
35.127 1 DL_VALUE 1 0.
35.219 1 ATTITUDE 0.241699 -0.119385 0.277588
35.224 1 GPS 0 0 0 0 0 0 0 0 0 0 1
35.228 1 IMU_ACCEL -3.069336 2.898438 8.605469
35.231 1 IMU_MAG -0.38916 0.01416 -0.129395
35.254 1 NAVIGATION 0 1 0. 0. 8421.2 0. 0 0
35.319 1 ATTITUDE 0.233643 -0.126709 0.31543
35.325 1 DESIRED -0. 0.21 4.2 -80. -45. 815. 2.
35.327 1 ESTIMATOR 0. 0.
35.330 1 IMU_GYRO -0.223389 -0.344727 0.275391
35.419 1 ATTITUDE 0.241211 -0.123779 0.312744
35.422 1 WP_MOVED 7 506350.5 3566270.75 805. 12
35.424 1 STATE_FILTER_STATUS 3 0
35.471 1 GPS 0 0 0 0 0 0 0 0 0 0 1
35.504 1 NAVIGATION 0 1 0. 0. 8421.2 0. 0 0
35.519 1 ATTITUDE 0.301025 -0.056152 0.040283
35.525 1 DESIRED -0. 0.23 4.2 -80. -45. 815. 2.
35.619 1 ATTITUDE 0.358887 0.029297 -0.429688
35.621 1 CALIBRATION 0. 0
35.624 1 ENERGY 0. 0. 0 0.
35.719 1 ATTITUDE 0.366699 0.037109 -0.460938
35.725 1 DESIRED -0. 0.27 4.2 -80. -45. 815. 2.
35.730 1 GPS 0 0 0 0 0 0 0 0 0 0 1
35.734 1 BAT -114 0 0 0 1 38 38 0
35.737 1 GPS_SOL 0 0 0 0
35.754 1 NAVIGATION 0 1 0. 0. 8421.2 0. 0 0
35.819 1 ATTITUDE 0.368652 -0.008789 -0.290527
35.821 1 ESTIMATOR 0. 0.
35.919 1 ATTITUDE 0.284424 -0.073486 0.179688
35.925 1 DESIRED -0. 0.23 4.2 -80. -45. 815. 2.
35.928 1 WP_MOVED 8 506254.8125 3566257.5 815. 12
35.931 1 IMU_GYRO 0.923584 3.192627 -0.27124
35.936 1 NAVIGATION 0 1 0. 0. 8421.2 0. 0 0
35.971 1 GPS 0 0 0 0 0 0 0 0 0 0 1
36.003 1 NAVIGATION 0 1 0. 0. 8421.2 0. 0 0
36.019 1 ATTITUDE 0.223389 -0.094971 0.377686
36.022 1 IMU_ACCEL -3.890625 3.354492 8.933594
36.117 1 DOWNLINK_STATUS 42 32160 1445 0 858. 39. 2.65
36.119 1 ATTITUDE 0.238037 -0.089355 0.3479
36.125 1 DESIRED -0. 0.21 4.2 -80. -45. 815. 2.
36.219 1 ATTITUDE 0.288818 -0.041748 0.258545
36.224 1 GPS 0 0 0 0 0 0 0 0 0 0 1
36.254 1 NAVIGATION 0 1 0. 0. 8421.2 0. 0 0
36.319 1 ATTITUDE 0.3396 0.012207 0.104004
36.325 1 DESIRED -0. 0.26 4.2 -80. -45. 815. 2.
36.327 1 ESTIMATOR 0. 0.
36.419 1 ATTITUDE 0.404053 0.05542 -0.012451
36.422 1 WP_MOVED 9 506213.8125 3566287.5 815. 12
36.471 1 GPS 0 0 0 0 0 0 0 0 0 0 1
36.503 1 NAVIGATION 0 1 0. 0. 8421.2 0. 0 0
36.519 1 ATTITUDE 0.429443 0.070557 0.167236
36.525 1 DESIRED -0. 0.29 4.2 -80. -45. 815. 2.
36.528 1 IMU_GYRO 0.010498 0.814941 -0.391602
36.531 1 IMU_MAG -0.589844 0.196777 -0.085938
36.619 1 ATTITUDE 0.434326 0.11499 0.257324
36.621 1 DL_VALUE 2 815.
36.719 1 ATTITUDE 0.435303 0.135254 0.292969
36.724 1 DESIRED -0. 0.3 4.2 -80. -45. 815. 2.
36.730 1 GPS 0 0 0 0 0 0 0 0 0 0 1
36.753 1 NAVIGATION 0 1 0. 0. 8421.2 0. 0 0
36.819 1 ATTITUDE 0.437744 0.121582 0.293213
36.821 1 ESTIMATOR 0. 0.
36.824 1 IMU_ACCEL -2.881836 0.795898 9.204102
36.828 1 BAT -114 0 0 0 1 39 39 0
36.919 1 ATTITUDE 0.437256 0.105225 0.299072
36.925 1 DESIRED -0. 0.3 4.2 -80. -45. 815. 2.
36.928 1 WP_MOVED 0 506377. 3566344. 757. 12
36.933 1 NAVIGATION 0 1 0. 0. 8421.2 0. 0 0
36.971 1 GPS 0 0 0 0 0 0 0 0 0 0 1
37.001 1 FBW_STATUS 0 46 1 0 0
37.006 1 NAVIGATION 0 1 0. 0. 8421.2 0. 0 0
37.019 1 ATTITUDE 0.437256 0.090332 0.302002
37.101 1 COMMANDS -114,-2902,-37,0
37.120 1 ATTITUDE 0.437744 0.076416 0.304199
37.120 1 DOWNLINK_STATUS 43 32972 1481 0 812. 36. 2.65
37.125 1 DESIRED -0. 0.3 4.2 -80. -45. 815. 2.
37.128 1 IMU_GYRO 0.001953 -0.007324 -0.026367
37.200 1 ACTUATORS 1000,1434,1430,1500
37.219 1 ATTITUDE 0.438477 0.066162 0.307129
37.224 1 GPS 0 0 0 0 0 0 0 0 0 0 1
37.253 1 NAVIGATION 0 1 0. 0. 8421.2 0. 0 0
37.319 1 ATTITUDE 0.438721 0.049072 0.307861
37.325 1 DESIRED -0. 0.3 4.2 -80. -45. 815. 2.
37.327 1 ESTIMATOR 0. 0.
37.419 1 ATTITUDE 0.4375 0.034668 0.310303
37.422 1 WP_MOVED 1 506335. 3566302. 765. 12
37.471 1 GPS 0 0 0 0 0 0 0 0 0 0 1
37.503 1 NAVIGATION 0 1 0. 0. 8421.2 0. 0 0
37.522 1 ATTITUDE 0.437744 0.025879 0.312988
37.524 1 DESIRED -0. 0.3 4.2 -80. -45. 815. 2.
37.619 1 ATTITUDE 0.438965 0.013672 0.312988
37.622 1 IMU_ACCEL -2.924805 0.743164 9.227539
37.623 1 STATE_FILTER_STATUS 3 0
37.633 1 WIND_INFO 1 42 0. 0. 0.
37.719 1 ATTITUDE 0.438232 0.001221 0.314697
37.724 1 DESIRED -0. 0.3 4.2 -80. -45. 815. 2.
37.730 1 GPS 0 0 0 0 0 0 0 0 0 0 1
37.733 1 IMU_GYRO -0.014893 -0.001953 0.054199
37.736 1 GPS_SOL 0 0 0 0
37.753 1 NAVIGATION 0 1 0. 0. 8421.2 0. 0 0
37.819 1 ATTITUDE 0.437744 -0.009766 0.316162
37.821 1 ESTIMATOR 0. 0.
37.824 1 IMU_MAG -0.555664 0.205078 -0.083008
37.919 1 ATTITUDE 0.437988 -0.019043 0.317627
37.924 1 DESIRED -0. 0.3 4.2 -80. -45. 815. 2.
37.928 1 WP_MOVED 2 506254.8125 3566257.5 815. 12
37.932 1 NAVIGATION 0 1 0. 0. 8421.2 0. 0 0
37.936 1 BAT -114 0 0 0 1 40 40 0
37.971 1 GPS 0 0 0 0 0 0 0 0 0 0 1
38.003 1 NAVIGATION 0 1 0. 0. 8421.2 0. 0 0
38.019 1 ATTITUDE 0.438232 -0.026611 0.318848
38.119 1 ATTITUDE 0.438232 -0.037598 0.319336
38.121 1 DOWNLINK_STATUS 44 33785 1517 0 813. 36. 2.65
38.124 1 DESIRED -0. 0.3 4.2 -80. -45. 815. 2.
38.126 1 DL_VALUE 3 0.
38.130 1 ENERGY 0. 0. 0 0.
38.219 1 ATTITUDE 0.437256 -0.046631 0.320312
38.224 1 GPS 0 0 0 0 0 0 0 0 0 0 1
38.228 1 ALIVE 158,24,214,36,189,244,242,105,201,236,43,205,131,135,77,194
38.253 1 NAVIGATION 0 1 0. 0. 8421.2 0. 0 0
38.319 1 ATTITUDE 0.437256 -0.051514 0.321289
38.324 1 DESIRED -0. 0.3 4.2 -80. -45. 815. 2.
38.327 1 ESTIMATOR 0. 0.
38.330 1 IMU_GYRO -0.001953 0.014893 -0.00415
38.332 1 PPRZ_MODE 1 3 3 0 0 21
38.419 1 ATTITUDE 0.437988 -0.058838 0.321777
38.422 1 WP_MOVED 3 506350.5 3566257. 805. 12
38.425 1 IMU_ACCEL -3.09375 0.705078 9.194336
38.472 1 GPS 0 0 0 0 0 0 0 0 0 0 1
38.503 1 NAVIGATION 0 1 0. 0. 8421.2 0. 0 0
38.522 1 ATTITUDE 0.437256 -0.06665 0.322754
38.524 1 DESIRED -0. 0.3 4.2 -80. -45. 815. 2.
38.619 1 ATTITUDE 0.436768 -0.073486 0.323486
38.719 1 ATTITUDE 0.437256 -0.077881 0.324463
38.724 1 DESIRED -0. 0.3 4.2 -80. -45. 815. 2.
38.730 1 GPS 0 0 0 0 0 0 0 0 0 0 1
38.753 1 NAVIGATION 0 1 0. 0. 8421.2 0. 0 0
38.819 1 ATTITUDE 0.437256 -0.083008 0.324951
38.821 1 ESTIMATOR 0. 0.
38.919 1 ATTITUDE 0.437012 -0.090088 0.325195
38.924 1 DESIRED -0. 0.3 4.2 -80. -45. 815. 2.
38.934 1 WP_MOVED 4 506374.40625 3566337.75 805. 12
38.934 1 IMU_GYRO 0.001953 0.008301 0.
38.936 1 NAVIGATION 0 1 0. 0. 8421.2 0. 0 0
38.971 1 GPS 0 0 0 0 0 0 0 0 0 0 1
39.003 1 NAVIGATION 0 1 0. 0. 8421.2 0. 0 0
39.006 1 FBW_STATUS 0 45 1 0 0
39.018 1 ATTITUDE 0.436523 -0.095215 0.326904
39.022 1 BAT -114 0 0 0 1 42 42 0
39.118 1 ATTITUDE 0.436768 -0.098389 0.327393
39.121 1 DOWNLINK_STATUS 45 34619 1554 0 834. 37. 2.65
39.124 1 DESIRED -0. 0.3 4.2 -80. -45. 815. 2.
39.128 1 IMU_MAG -0.560547 0.205078 -0.100586
39.218 1 ATTITUDE 0.437012 -0.10376 0.327637
39.224 1 GPS 0 0 0 0 0 0 0 0 0 0 1
39.227 1 IMU_ACCEL -3.179688 0.762695 9.099609
39.253 1 NAVIGATION 0 1 0. 0. 8421.2 0. 0 0
39.318 1 ATTITUDE 0.436523 -0.109131 0.328857
39.324 1 DESIRED -0. 0.3 4.2 -80. -45. 815. 2.
39.330 1 ESTIMATOR 0. 0.
39.330 1 DOWNLINK 4 825 1564
39.418 1 ATTITUDE 0.436279 -0.113037 0.329346
39.422 1 WP_MOVED 5 506402.3125 3566363.25 820. 12
39.471 1 GPS 0 0 0 0 0 0 0 0 0 0 1
39.503 1 NAVIGATION 0 1 0. 0. 8421.2 0. 0 0
39.519 1 ATTITUDE 0.436523 -0.116943 0.329834
39.524 1 DESIRED -0. 0.3 4.2 -80. -45. 815. 2.
39.527 1 IMU_GYRO -0.001953 0.003174 0.005127
39.595 1 PONG 
39.618 1 ATTITUDE 0.436523 -0.120605 0.330566
39.620 1 DL_VALUE 4 0.
39.718 1 ATTITUDE 0.436279 -0.125 0.330322
39.724 1 DESIRED -0. 0.3 4.2 -80. -45. 815. 2.
39.732 1 GPS 0 0 0 0 0 0 0 0 0 0 1
39.733 1 GPS_SOL 0 0 0 0
39.753 1 NAVIGATION 0 1 0. 0. 8421.2 0. 0 0
39.818 1 ATTITUDE 0.436035 -0.12793 0.331299
39.821 1 ESTIMATOR 0. 0.
39.823 1 CALIBRATION 0. 0
39.824 1 STATE_FILTER_STATUS 3 0
39.918 1 ATTITUDE 0.436279 -0.129883 0.332031
39.924 1 DESIRED -0. 0.3 4.2 -80. -45. 815. 2.
39.928 1 WP_MOVED 6 506374.40625 3566337.75 820. 12
39.932 1 NAVIGATION 0 1 0. 0. 8421.2 0. 0 0
39.971 1 GPS 0 0 0 0 0 0 0 0 0 0 1
40.003 1 NAVIGATION 0 1 0. 0. 8421.2 0. 0 0
40.018 1 ATTITUDE 0.436279 -0.133545 0.331787
40.022 1 IMU_ACCEL -3.199219 0.767578 9.147461
40.118 1 ATTITUDE 0.436035 -0.136963 0.332764
40.121 1 DOWNLINK_STATUS 46 35436 1592 0 817. 38. 3.25
40.124 1 DESIRED -0. 0.3 4.2 -80. -45. 815. 2.
40.127 1 IMU_GYRO -0.010498 -0.00415 0.025391
40.131 1 BAT -114 0 0 0 1 43 43 0
40.218 1 ATTITUDE 0.435791 -0.13916 0.333008
40.224 1 GPS 0 0 0 0 0 0 0 0 0 0 1
40.253 1 NAVIGATION 0 1 0. 0. 8421.2 0. 0 0
40.318 1 ATTITUDE 0.436035 -0.140869 0.333008
40.324 1 DESIRED -0. 0.3 4.2 -80. -45. 815. 2.
40.327 1 ESTIMATOR 0. 0.
40.418 1 ATTITUDE 0.436035 -0.143311 0.333984
40.422 1 WP_MOVED 7 506350.5 3566270.75 805. 12
40.425 1 IMU_MAG -0.560547 0.202148 -0.103516
40.471 1 GPS 0 0 0 0 0 0 0 0 0 0 1
40.503 1 NAVIGATION 0 1 0. 0. 8421.2 0. 0 0
40.519 1 ATTITUDE 0.435791 -0.145752 0.333984
40.524 1 DESIRED -0. 0.3 4.2 -80. -45. 815. 2.
40.618 1 ATTITUDE 0.435547 -0.147217 0.333984
40.622 1 ENERGY 0. 0. 0 0.
40.718 1 ATTITUDE 0.436035 -0.148193 0.335205
40.724 1 DESIRED -0. 0.3 4.2 -80. -45. 815. 2.
40.730 1 GPS 0 0 0 0 0 0 0 0 0 0 1
40.733 1 IMU_GYRO -0.010498 -0.00415 0.025391
40.753 1 NAVIGATION 0 1 0. 0. 8421.2 0. 0 0
40.818 1 ATTITUDE 0.436035 -0.150879 0.334717
40.821 1 ESTIMATOR 0. 0.
40.825 1 IMU_ACCEL -3.126953 0.892578 9.15625
40.918 1 ATTITUDE 0.435547 -0.152832 0.334961
40.924 1 DESIRED -0. 0.3 4.2 -80. -45. 815. 2.
40.928 1 WP_MOVED 8 506254.8125 3566257.5 815. 12
40.932 1 NAVIGATION 0 1 0. 0. 8421.2 0. 0 0
40.971 1 GPS 0 0 0 0 0 0 0 0 0 0 1
41.001 1 FBW_STATUS 0 45 1 0 0
41.005 1 NAVIGATION 0 1 0. 0. 8421.2 0. 0 0
41.018 1 ATTITUDE 0.435791 -0.15332 0.335693
41.118 1 ATTITUDE 0.435791 -0.155762 0.335205
41.121 1 DOWNLINK_STATUS 47 36242 1627 0 806. 35. 3.25
41.124 1 DESIRED -0. 0.3 4.2 -80. -45. 815. 2.
41.126 1 DL_VALUE 5 0.
41.218 1 ATTITUDE 0.435547 -0.157471 0.335693
41.224 1 GPS 0 0 0 0 0 0 0 0 0 0 1
41.228 1 BAT -114 0 0 0 1 44 44 0
41.253 1 NAVIGATION 0 1 0. 0. 8421.2 0. 0 0
41.318 1 ATTITUDE 0.435791 -0.158691 0.335938
41.324 1 DESIRED -0. 0.3 4.2 -80. -45. 815. 2.
41.327 1 ESTIMATOR 0. 0.
41.330 1 IMU_GYRO -0.00415 -0.00415 0.008301
41.418 1 ATTITUDE 0.435791 -0.159912 0.335449
41.422 1 WP_MOVED 9 506213.8125 3566287.5 815. 12
41.472 1 GPS 0 0 0 0 0 0 0 0 0 0 1
41.503 1 NAVIGATION 0 1 0. 0. 8421.2 0. 0 0
41.518 1 ATTITUDE 0.435791 -0.160645 0.335938
41.524 1 DESIRED -0. 0.3 4.2 -80. -45. 815. 2.
41.618 1 ATTITUDE 0.435791 -0.162598 0.336182
41.621 1 IMU_ACCEL -3.204102 0.834961 9.089844
41.718 1 ATTITUDE 0.435791 -0.163818 0.335938
41.724 1 DESIRED -0. 0.3 4.2 -80. -45. 815. 2.
41.730 1 GPS 0 0 0 0 0 0 0 0 0 0 1
41.733 1 IMU_MAG -0.553223 0.208008 -0.100586
41.736 1 GPS_SOL 0 0 0 0
41.753 1 NAVIGATION 0 1 0. 0. 8421.2 0. 0 0
41.818 1 ATTITUDE 0.435547 -0.164307 0.33667
41.821 1 ESTIMATOR 0. 0.
41.918 1 ATTITUDE 0.435791 -0.166504 0.33667
41.924 1 DESIRED -0. 0.3 4.2 -80. -45. 815. 2.
41.928 1 WP_MOVED 0 506377. 3566344. 757. 12
41.931 1 IMU_GYRO -0.006348 0. 0.015869
41.935 1 NAVIGATION 0 1 0. 0. 8421.2 0. 0 0
41.937 1 CALIBRATION 0. 0
41.971 1 GPS 0 0 0 0 0 0 0 0 0 0 1
42.003 1 NAVIGATION 0 1 0. 0. 8421.2 0. 0 0
42.019 1 ATTITUDE 0.435547 -0.16748 0.33667
42.020 1 STATE_FILTER_STATUS 3 0
42.101 1 COMMANDS -114,-2889,-221,0
42.118 1 ATTITUDE 0.435303 -0.167725 0.337646
42.122 1 DOWNLINK_STATUS 48 37077 1665 0 835. 38. 3.25
42.124 1 DESIRED -0. 0.3 4.2 -80. -45. 815. 2.
42.201 1 ACTUATORS 1000,1442,1424,1500
42.218 1 ATTITUDE 0.435547 -0.168701 0.337646
42.224 1 GPS 0 0 0 0 0 0 0 0 0 0 1
42.253 1 NAVIGATION 0 1 0. 0. 8421.2 0. 0 0
42.318 1 ATTITUDE 0.435303 -0.169434 0.337646
42.324 1 DESIRED -0. 0.3 4.2 -80. -45. 815. 2.
42.327 1 ESTIMATOR 0. 0.
42.330 1 BAT -114 0 0 0 1 45 45 0
42.418 1 ATTITUDE 0.435303 -0.169922 0.338135
42.422 1 WP_MOVED 1 506335. 3566302. 765. 12
42.425 1 IMU_ACCEL -3.314453 0.810547 9.076172
42.471 1 GPS 0 0 0 0 0 0 0 0 0 0 1
42.503 1 NAVIGATION 0 1 0. 0. 8421.2 0. 0 0
42.522 1 ATTITUDE 0.435303 -0.170166 0.338379
42.524 1 DESIRED -0. 0.3 4.2 -80. -45. 815. 2.
42.527 1 IMU_GYRO -0.00415 0.008301 0.009521
42.618 1 ATTITUDE 0.435303 -0.169922 0.338867
42.620 1 DL_VALUE 6 100.
42.718 1 ATTITUDE 0.435303 -0.170654 0.339355
42.724 1 DESIRED -0. 0.3 4.2 -80. -45. 815. 2.
42.730 1 GPS 0 0 0 0 0 0 0 0 0 0 1
42.753 1 NAVIGATION 0 1 0. 0. 8421.2 0. 0 0
42.818 1 ATTITUDE 0.435059 -0.171387 0.339355
42.821 1 ESTIMATOR 0. 0.
42.918 1 ATTITUDE 0.435059 -0.170654 0.3396
42.924 1 DESIRED -0. 0.3 4.2 -80. -45. 815. 2.
42.928 1 WP_MOVED 2 506254.8125 3566257.5 815. 12
42.932 1 NAVIGATION 0 1 0. 0. 8421.2 0. 0 0
42.971 1 GPS 0 0 0 0 0 0 0 0 0 0 1
43.001 1 FBW_STATUS 0 45 1 0 0
43.005 1 NAVIGATION 0 1 0. 0. 8421.2 0. 0 0
43.021 1 ATTITUDE 0.435547 -0.171387 0.3396
43.022 1 IMU_MAG -0.555664 0.190918 -0.100586
43.118 1 ATTITUDE 0.435303 -0.172119 0.339111
43.122 1 DOWNLINK_STATUS 49 37871 1700 0 794. 35. 3.25
43.124 1 DESIRED -0. 0.3 4.2 -80. -45. 815. 2.
43.127 1 IMU_GYRO -0.008301 -0.006348 0.02124
43.131 1 ENERGY 0. 0. 0 0.
43.218 1 ATTITUDE 0.435303 -0.172119 0.339355
43.224 1 GPS 0 0 0 0 0 0 0 0 0 0 1
43.227 1 IMU_ACCEL -3.285156 0.762695 9.071289
43.231 1 ALIVE 158,24,214,36,189,244,242,105,201,236,43,205,131,135,77,194
43.253 1 NAVIGATION 0 1 0. 0. 8421.2 0. 0 0
43.318 1 ATTITUDE 0.435547 -0.172363 0.339844
43.324 1 DESIRED -0. 0.3 4.2 -80. -45. 815. 2.
43.327 1 ESTIMATOR 0. 0.
43.329 1 PPRZ_MODE 1 3 3 0 0 21
43.418 1 ATTITUDE 0.435303 -0.17334 0.339844
43.422 1 WP_MOVED 3 506350.5 3566257. 805. 12
43.425 1 BAT -114 0 0 0 1 46 46 0
43.471 1 GPS 0 0 0 0 0 0 0 0 0 0 1
43.503 1 NAVIGATION 0 1 0. 0. 8421.2 0. 0 0
43.521 1 ATTITUDE 0.435303 -0.173584 0.340088
43.524 1 DESIRED -0. 0.3 4.2 -80. -45. 815. 2.
43.618 1 ATTITUDE 0.435303 -0.174316 0.340576
43.621 1 NAVIGATION_REF 506335 3566302 12
43.718 1 ATTITUDE 0.427246 -0.185303 0.38208
43.724 1 DESIRED -0. 0.29 4.2 -80. -45. 815. 2.
43.730 1 GPS 0 0 0 0 0 0 0 0 0 0 1
43.733 1 IMU_GYRO 0.046631 -0.51709 0.180908
43.736 1 GPS_SOL 0 0 0 0
43.753 1 NAVIGATION 0 1 0. 0. 8421.2 0. 0 0
43.818 1 ATTITUDE 0.422119 -0.177246 0.376221
43.821 1 ESTIMATOR 0. 0.
43.918 1 ATTITUDE 0.424316 -0.158691 0.384521
43.924 1 DESIRED -0. 0.29 4.2 -80. -45. 815. 2.
43.928 1 WP_MOVED 4 506374.40625 3566337.75 805. 12
43.932 1 NAVIGATION 0 1 0. 0. 8421.2 0. 0 0
43.971 1 GPS 0 0 0 0 0 0 0 0 0 0 1
44.003 1 NAVIGATION 0 1 0. 0. 8421.2 0. 0 0
44.022 1 ATTITUDE 0.4375 -0.155762 0.343506
44.022 1 IMU_ACCEL -3.391602 0.863281 9.180664
44.023 1 CALIBRATION 0. 0
44.118 1 ATTITUDE 0.438477 -0.136475 0.356445
44.122 1 DOWNLINK_STATUS 50 38741 1739 0 870. 39. 3.25
44.124 1 DESIRED -0. 0.3 4.2 -80. -45. 815. 2.
44.126 1 DL_VALUE 7 1.
45.123 1 DOWNLINK_STATUS 51 38786 1741 0 45. 2. -4997.72
46.125 1 DOWNLINK_STATUS 52 38786 1741 0 0. 0. -4997.72
