1.200 1 GPS 0 0 0 0 0 0 0 0 0 0 1
1.232 1 NAVIGATION 0 1 0. 0. 8421.2 0. 0 0
1.248 1 ATTITUDE 2.908447 2.665771 -1.162354
1.254 1 DESIRED -0. 1.38 4.2 -80. -45. 815. 2.
1.323 1 DOWNLINK_STATUS 5 4129 185 0 881. 40. 0.
1.348 1 ATTITUDE 2.909424 2.665039 -1.160645
1.448 1 ATTITUDE 2.908936 2.664307 -1.161621
1.453 1 DESIRED -0. 1.38 4.2 -80. -45. 815. 2.
1.459 1 GPS 0 0 0 0 0 0 0 0 0 0 1
1.460 1 DOWNLINK 0 824 436
1.482 1 NAVIGATION 0 1 0. 0. 8421.2 0. 0 0
1.548 1 ATTITUDE 2.908691 2.664551 -1.161621
1.549 1 ESTIMATOR 0. 0.
1.553 1 IMU_ACCEL -8.820312 0.714844 -4.245117
1.648 1 ATTITUDE 2.909912 2.663574 -1.161621
1.654 1 DESIRED -0. 1.38 4.2 -80. -45. 815. 2.
1.657 1 WP_MOVED 4 506374.40625 3566337.75 805. 12
1.659 1 IMU_GYRO -0.006348 0.008301 0.018066
1.665 1 NAVIGATION 0 1 0. 0. 8421.2 0. 0 0
1.700 1 GPS 0 0 0 0 0 0 0 0 0 0 1
1.730 1 FBW_STATUS 0 46 1 0 0
1.735 1 NAVIGATION 0 1 0. 0. 8421.2 0. 0 0
1.748 1 ATTITUDE 2.90918 2.663574 -1.161621
1.749 1 STATE_FILTER_STATUS 3 0
1.823 1 PONG 
1.848 1 ATTITUDE 2.909668 2.663818 -1.161621
1.854 1 DESIRED -0. 1.38 4.2 -80. -45. 815. 2.
1.948 1 ATTITUDE 2.911133 2.662354 -1.161621
1.953 1 GPS 0 0 0 0 0 0 0 0 0 0 1
1.956 1 IMU_MAG 0.526367 -1.200684 1.234375
1.983 1 NAVIGATION 0 1 0. 0. 8421.2 0. 0 0
2.054 1 ATTITUDE 2.9104 2.662842 -1.161377
2.054 1 DESIRED -0. 1.38 4.2 -80. -45. 815. 2.
2.056 1 ESTIMATOR 0. 0.
2.059 1 BAT -100 0 0 0 1 12 12 0
2.148 1 ATTITUDE 2.910645 2.662842 -1.161377
2.155 1 WP_MOVED 5 506402.3125 3566363.25 820. 12
2.200 1 GPS 0 0 0 0 0 0 0 0 0 0 1
2.232 1 NAVIGATION 0 1 0. 0. 8421.2 0. 0 0
2.248 1 ATTITUDE 2.911377 2.662109 -1.161621
2.253 1 DESIRED -0. 1.38 4.2 -80. -45. 815. 2.
2.257 1 IMU_GYRO -0.006348 -0.000977 0.018066
2.324 1 DOWNLINK_STATUS 6 4941 222 0 812. 37. 2.39
2.348 1 ATTITUDE 2.910645 2.662598 -1.161377
2.351 1 IMU_ACCEL -8.78125 0.81543 -4.316406
2.354 1 DL_VALUE 8 0.
2.448 1 ATTITUDE 2.910889 2.662354 -1.161621
2.453 1 DESIRED -0. 1.38 4.2 -80. -45. 815. 2.
2.459 1 GPS 0 0 0 0 0 0 0 0 0 0 1
2.462 1 GPS_SOL 0 0 0 0
2.482 1 NAVIGATION 0 1 0. 0. 8421.2 0. 0 0
2.548 1 ATTITUDE 2.912109 2.661133 -1.161621
2.550 1 ESTIMATOR 0. 0.
2.650 1 ATTITUDE 2.911621 2.661621 -1.161377
2.653 1 DESIRED -0. 1.38 4.2 -80. -45. 815. 2.
2.658 1 WP_MOVED 6 506374.40625 3566337.75 820. 12
2.661 1 NAVIGATION 0 1 0. 0. 8421.2 0. 0 0
2.700 1 GPS 0 0 0 0 0 0 0 0 0 0 1
2.732 1 NAVIGATION 0 1 0. 0. 8421.2 0. 0 0
2.748 1 ATTITUDE 2.912354 2.661377 -1.161377
2.848 1 ATTITUDE 2.91333 2.659424 -1.161377
2.853 1 DESIRED -0. 1.38 4.2 -80. -45. 815. 2.
2.857 1 IMU_GYRO -0.006348 -0.00415 0.018066
2.948 1 ATTITUDE 2.912354 2.658936 -1.160889
2.953 1 GPS 0 0 0 0 0 0 0 0 0 0 1
2.982 1 NAVIGATION 0 1 0. 0. 8421.2 0. 0 0
3.048 1 ATTITUDE 2.91333 2.657471 -1.161377
3.053 1 DESIRED -0. 1.38 4.2 -80. -45. 815. 2.
3.056 1 ESTIMATOR 0. 0.
3.151 1 ATTITUDE 2.913574 2.655762 -1.160889
3.151 1 WP_MOVED 7 506350.5 3566270.75 805. 12
3.154 1 IMU_ACCEL -8.748047 0.839844 -4.269531
3.158 1 BAT -100 0 0 0 1 13 13 0
3.159 1 CALIBRATION -4. 0
3.200 1 GPS 0 0 0 0 0 0 0 0 0 0 1
3.232 1 NAVIGATION 0 1 0. 0. 8421.2 0. 0 0
3.247 1 ATTITUDE 2.913086 2.655518 -1.160889
3.253 1 DESIRED -0. 1.39 4.2 -80. -45. 815. 2.
3.257 1 IMU_MAG 0.577637 -1.227051 1.251465
3.324 1 DOWNLINK_STATUS 7 5752 258 0 811. 36. 2.39
3.348 1 ATTITUDE 2.913818 2.654053 -1.160889
3.351 1 ENERGY 0. 0. 0 0.
3.447 1 ATTITUDE 2.914062 2.653076 -1.160889
3.458 1 DESIRED -0. 1.88 4.2 -80. -45. 815. 2.
3.459 1 GPS 0 0 0 0 0 0 0 0 0 0 1
3.462 1 IMU_GYRO -0.006348 -0.003174 0.016846
3.486 1 NAVIGATION 0 1 0. 0. 8421.2 0. 0 0
3.547 1 ATTITUDE 2.913574 2.65332 -1.160889
3.550 1 ESTIMATOR 0. 0.
3.647 1 ATTITUDE 2.914551 2.652588 -1.160645
3.653 1 DESIRED -0. 1.47 4.2 -80. -45. 815. 2.
3.657 1 WP_MOVED 8 506254.8125 3566257.5 815. 12
3.661 1 NAVIGATION 0 1 0. 0. 8421.2 0. 0 0
3.700 1 GPS 0 0 0 0 0 0 0 0 0 0 1
3.730 1 FBW_STATUS 0 45 1 0 0
3.735 1 NAVIGATION 0 1 0. 0. 8421.2 0. 0 0
3.747 1 ATTITUDE 2.914307 2.6521 -1.1604
3.847 1 ATTITUDE 2.913818 2.652832 -1.160156
3.853 1 DESIRED -0. 1.39 4.2 -80. -45. 815. 2.
3.855 1 DL_VALUE 9 1.
3.947 1 ATTITUDE 2.914795 2.6521 -1.1604
3.953 1 GPS 0 0 0 0 0 0 0 0 0 0 1
3.956 1 IMU_ACCEL -8.820312 0.719727 -4.354492
3.958 1 STATE_FILTER_STATUS 3 0
3.982 1 NAVIGATION 0 1 0. 0. 8421.2 0. 0 0
4.047 1 ATTITUDE 2.914551 2.651855 -1.160156
4.053 1 DESIRED -0. 1.38 4.2 -80. -45. 815. 2.
4.056 1 ESTIMATOR 0. 0.
4.059 1 IMU_GYRO -0.00415 -0.000977 0.018066
4.147 1 ATTITUDE 2.914307 2.651611 -1.160156
4.151 1 WP_MOVED 9 506213.8125 3566287.5 815. 12
4.201 1 GPS 0 0 0 0 0 0 0 0 0 0 1
4.232 1 NAVIGATION 0 1 0. 0. 8421.2 0. 0 0
4.247 1 ATTITUDE 2.915039 2.650146 -1.160156
4.253 1 DESIRED -0. 1.38 4.2 -80. -45. 815. 2.
4.257 1 BAT -100 0 0 0 1 14 14 0
4.325 1 DOWNLINK_STATUS 8 6560 294 0 808. 36. 2.39
4.347 1 ATTITUDE 2.914551 2.650635 -1.159668
4.447 1 ATTITUDE 2.914062 2.651367 -1.159912
4.453 1 DESIRED -0. 1.15 4.2 -80. -45. 815. 2.
4.459 1 GPS 0 0 0 0 0 0 0 0 0 0 1
4.462 1 GPS_SOL 0 0 0 0
4.482 1 NAVIGATION 0 1 0. 0. 8421.2 0. 0 0
4.547 1 ATTITUDE 2.915283 2.650635 -1.160156
4.550 1 ESTIMATOR 0. 0.
4.553 1 IMU_MAG 0.555664 -1.212402 1.251465
4.647 1 ATTITUDE 2.913818 2.652588 -1.159424
4.653 1 DESIRED -0. 1.24 4.2 -80. -45. 815. 2.
4.657 1 WP_MOVED 0 506377. 3566344. 757. 12
4.660 1 IMU_GYRO -0.00415 -0.006348 0.012695
4.664 1 NAVIGATION 0 1 0. 0. 8421.2 0. 0 0
4.700 1 GPS 0 0 0 0 0 0 0 0 0 0 1
4.732 1 NAVIGATION 0 1 0. 0. 8421.2 0. 0 0
4.747 1 ATTITUDE 2.914062 2.652832 -1.159668
4.751 1 IMU_ACCEL -8.78125 0.787109 -4.292969
4.830 1 COMMANDS -100,-9600,9600,0
4.847 1 ATTITUDE 2.914307 2.652344 -1.159668
4.853 1 DESIRED -0.01 1.38 4.2 -80. -45. 815. 2.
4.930 1 ACTUATORS 1000,1000,1675,1500
4.947 1 ATTITUDE 2.913818 2.652344 -1.159424
4.953 1 GPS 0 0 0 0 0 0 0 0 0 0 1
4.982 1 NAVIGATION 0 1 0. 0. 8421.2 0. 0 0
5.047 1 ATTITUDE 2.913818 2.6521 -1.15918
5.053 1 DESIRED -0.01 1.38 4.2 -80. -45. 815. 2.
5.056 1 ESTIMATOR 0. 0.
5.147 1 ATTITUDE 2.914062 2.651367 -1.159424
5.151 1 WP_MOVED 1 506335. 3566302. 765. 12
5.201 1 GPS 0 0 0 0 0 0 0 0 0 0 1
5.232 1 NAVIGATION 0 1 0. 0. 8421.2 0. 0 0
5.247 1 ATTITUDE 2.913086 2.651855 -1.15918
5.253 1 DESIRED -0.01 1.38 4.2 -80. -45. 815. 2.
5.256 1 IMU_GYRO -0.001953 -0.005127 0.016846
5.258 1 CALIBRATION -4. 0
5.326 1 DOWNLINK_STATUS 9 7370 330 0 810. 36. 2.39
5.347 1 ATTITUDE 2.913086 2.651367 -1.158936
5.351 1 BAT -100 0 0 0 1 15 15 0
5.353 1 DL_VALUE 10 0.
5.447 1 ATTITUDE 2.91333 2.650635 -1.15918
5.453 1 DESIRED -0.01 1.38 4.2 -80. -45. 815. 2.
5.459 1 GPS 0 0 0 0 0 0 0 0 0 0 1
5.482 1 NAVIGATION 0 1 0. 0. 8421.2 0. 0 0
5.547 1 ATTITUDE 2.912598 2.651367 -1.158936
5.550 1 ESTIMATOR 0. 0.
5.553 1 IMU_ACCEL -8.810547 0.863281 -4.321289
5.647 1 ATTITUDE 2.912842 2.651855 -1.158936
5.653 1 DESIRED -0.01 1.38 4.2 -80. -45. 815. 2.
5.657 1 WP_MOVED 2 506254.8125 3566257.5 815. 12
5.661 1 NAVIGATION 0 1 0. 0. 8421.2 0. 0 0
5.700 1 GPS 0 0 0 0 0 0 0 0 0 0 1
5.730 1 FBW_STATUS 0 45 1 0 0
5.734 1 NAVIGATION 0 1 0. 0. 8421.2 0. 0 0
5.747 1 ATTITUDE 2.912842 2.6521 -1.158936
5.847 1 ATTITUDE 2.912109 2.65332 -1.158936
5.853 1 DESIRED -0.01 1.38 4.2 -80. -45. 815. 2.
5.856 1 IMU_GYRO 0. -0.009521 0.016846
5.860 1 IMU_MAG 0.555664 -1.212402 1.254395
5.863 1 ENERGY 0. 0. 0 0.
5.947 1 ATTITUDE 2.912354 2.653564 -1.158691
5.953 1 GPS 0 0 0 0 0 0 0 0 0 0 1
5.957 1 ALIVE 234,98,226,137,62,118,253,207,168,232,160,10,245,130,110,131
5.982 1 NAVIGATION 0 1 0. 0. 8421.2 0. 0 0
6.047 1 ATTITUDE 2.912109 2.653564 -1.158691
6.053 1 DESIRED -0.01 1.38 4.2 -80. -45. 815. 2.
6.056 1 ESTIMATOR 0. 0.
6.058 1 PPRZ_MODE 1 3 3 0 0 21
6.147 1 ATTITUDE 2.911621 2.655029 -1.158447
6.151 1 WP_MOVED 3 506350.5 3566257. 805. 12
6.152 1 STATE_FILTER_STATUS 3 0
6.202 1 GPS 0 0 0 0 0 0 0 0 0 0 1
6.232 1 NAVIGATION 0 1 0. 0. 8421.2 0. 0 0
6.247 1 ATTITUDE 2.912109 2.655518 -1.158447
6.253 1 DESIRED -0.01 1.38 4.2 -80. -45. 815. 2.
6.326 1 DOWNLINK_STATUS 10 8213 368 0 843. 38. 2.39
6.347 1 ATTITUDE 2.911865 2.657471 -1.158447
6.350 1 IMU_ACCEL -8.820312 0.858398 -4.259766
6.447 1 ATTITUDE 2.911621 2.657471 -1.158203
6.453 1 DESIRED -0.01 1.38 4.2 -80. -45. 815. 2.
6.459 1 GPS 0 0 0 0 0 0 0 0 0 0 1
6.462 1 IMU_GYRO 0. 0.009521 0.018066
6.466 1 BAT -100 0 0 0 1 16 16 0
6.482 1 NAVIGATION 0 1 0. 0. 8421.2 0. 0 0
6.549 1 ATTITUDE 2.911865 2.656982 -1.158447
6.550 1 ESTIMATOR 0. 0.
6.552 1 DOWNLINK 1 823 625
6.647 1 ATTITUDE 2.911865 2.656982 -1.158447
6.653 1 DESIRED -0.01 1.38 4.2 -80. -45. 815. 2.
6.657 1 WP_MOVED 4 506374.40625 3566337.75 805. 12
6.661 1 NAVIGATION 0 1 0. 0. 8421.2 0. 0 0
6.705 1 GPS 0 0 0 0 0 0 0 0 0 0 1
6.732 1 NAVIGATION 0 1 0. 0. 8421.2 0. 0 0
6.747 1 ATTITUDE 2.911377 2.656982 -1.158447
6.824 1 PONG 
6.847 1 ATTITUDE 2.911865 2.656006 -1.158447
6.853 1 DESIRED -0.01 1.38 4.2 -80. -45. 815. 2.
6.855 1 DL_VALUE 11 1.
6.947 1 ATTITUDE 2.911377 2.655273 -1.158447
6.953 1 GPS 0 0 0 0 0 0 0 0 0 0 1
6.982 1 NAVIGATION 0 1 0. 0. 8421.2 0. 0 0
7.047 1 ATTITUDE 2.911377 2.655029 -1.158203
7.053 1 DESIRED -0.01 1.38 4.2 -80. -45. 815. 2.
7.056 1 ESTIMATOR 0. 0.
7.059 1 IMU_GYRO -0.001953 -0.000977 0.016846
7.147 1 ATTITUDE 2.911133 2.654541 -1.158203
7.151 1 WP_MOVED 5 506402.3125 3566363.25 820. 12
7.154 1 IMU_ACCEL -8.805664 0.791016 -4.274414
7.157 1 IMU_MAG 0.533691 -1.206543 1.242676
7.200 1 GPS 0 0 0 0 0 0 0 0 0 0 1
7.232 1 NAVIGATION 0 1 0. 0. 8421.2 0. 0 0
7.247 1 ATTITUDE 2.911621 2.654541 -1.157959
7.253 1 DESIRED -0.01 1.38 4.2 -80. -45. 815. 2.
7.327 1 DOWNLINK_STATUS 11 9031 405 0 818. 37. 2.61
7.347 1 ATTITUDE 2.911621 2.654297 -1.157959
7.349 1 CALIBRATION -4. 0
7.447 1 ATTITUDE 2.896484 2.652588 -1.155762
7.453 1 DESIRED -0.01 1.37 4.2 -80. -45. 815. 2.
7.459 1 GPS 0 0 0 0 0 0 0 0 0 0 1
7.482 1 NAVIGATION 0 1 0. 0. 8421.2 0. 0 0
7.547 1 ATTITUDE 2.836426 2.775879 -1.156738
7.550 1 ESTIMATOR 0. 0.
7.553 1 BAT -100 0 0 0 1 17 17 0
7.647 1 ATTITUDE 2.980713 2.522705 -1.253662
7.653 1 DESIRED -0.01 1.41 4.2 -80. -45. 815. 2.
7.657 1 WP_MOVED 6 506374.40625 3566337.75 820. 12
7.660 1 IMU_GYRO -0.5979 -0.065918 -1.069336
7.664 1 NAVIGATION 0 1 0. 0. 8421.2 0. 0 0
7.701 1 GPS 0 0 0 0 0 0 0 0 0 0 1
7.730 1 FBW_STATUS 0 45 1 0 0
7.734 1 NAVIGATION 0 1 0. 0. 8421.2 0. 0 0
7.747 1 ATTITUDE -3.092285 2.317383 -1.248779
7.847 1 ATTITUDE 2.984131 2.611816 -1.177979
7.853 1 DESIRED -0.01 1.41 4.2 -80. -45. 815. 2.
7.947 1 ATTITUDE 2.820312 2.796631 -1.161377
7.953 1 GPS 0 0 0 0 0 0 0 0 0 0 1
7.956 1 IMU_ACCEL -9.99707 2.582031 -3.333984
7.982 1 NAVIGATION 0 1 0. 0. 8421.2 0. 0 0
8.047 1 ATTITUDE 2.926514 2.706299 -1.176514
8.053 1 DESIRED -0.01 1.39 4.2 -80. -45. 815. 2.
8.056 1 ESTIMATOR 0. 0.
8.147 1 ATTITUDE -3.090088 2.523438 -1.102295
8.151 1 WP_MOVED 7 506350.5 3566270.75 805. 12
8.200 1 GPS 0 0 0 0 0 0 0 0 0 0 1
8.232 1 NAVIGATION 0 1 0. 0. 8421.2 0. 0 0
8.247 1 ATTITUDE 3.037842 2.698975 -1.22998
8.253 1 DESIRED -0.01 1.43 4.2 -80. -45. 815. 2.
8.256 1 IMU_GYRO -0.393555 -1.491943 0.341553
8.328 1 DOWNLINK_STATUS 12 9810 439 0 779. 34. 2.61
8.347 1 ATTITUDE 3.108398 2.64502 -1.222412
8.349 1 DL_VALUE 0 0.
8.351 1 STATE_FILTER_STATUS 3 0
8.354 1 ENERGY 0. 0. 0 0.
8.447 1 ATTITUDE 2.977539 2.802734 -1.157715
8.453 1 DESIRED -0.01 1.41 4.2 -80. -45. 815. 2.
8.459 1 GPS 0 0 0 0 0 0 0 0 0 0 1
8.462 1 IMU_MAG 0.705078 -0.992676 1.564941
8.465 1 GPS_SOL 0 0 0 0
8.482 1 NAVIGATION 0 1 0. 0. 8421.2 0. 0 0
8.547 1 ATTITUDE 2.991455 2.790283 -1.166992
8.550 1 ESTIMATOR 0. 0.
8.647 1 ATTITUDE 2.911621 2.855469 -1.130127
8.653 1 DESIRED -0.01 1.38 4.2 -80. -45. 815. 2.
8.657 1 WP_MOVED 8 506254.8125 3566257.5 815. 12
8.661 1 NAVIGATION 0 1 0. 0. 8421.2 0. 0 0
8.665 1 BAT -100 0 0 0 1 18 18 0
8.700 1 GPS 0 0 0 0 0 0 0 0 0 0 1
8.732 1 NAVIGATION 0 1 0. 0. 8421.2 0. 0 0
8.747 1 ATTITUDE 3.069092 2.619385 -1.158447
8.750 1 IMU_ACCEL -8.532227 -0.263672 -4.516602
8.847 1 ATTITUDE 3.049316 2.634521 -1.148438
8.853 1 DESIRED -0.01 1.43 4.2 -80. -45. 815. 2.
8.856 1 IMU_GYRO -0.444824 -0.754395 -0.413818
8.947 1 ATTITUDE 3.104736 2.474365 -1.180176
8.953 1 GPS 0 0 0 0 0 0 0 0 0 0 1
8.982 1 NAVIGATION 0 1 0. 0. 8421.2 0. 0 0
9.047 1 ATTITUDE 3.011719 2.554443 -1.221924
9.053 1 DESIRED -0.01 1.42 4.2 -80. -45. 815. 2.
9.055 1 ESTIMATOR 0. 0.
9.147 1 ATTITUDE 3.118408 2.385742 -1.155273
9.151 1 WP_MOVED 9 506213.8125 3566287.5 815. 12
9.200 1 GPS 0 0 0 0 0 0 0 0 0 0 1
9.232 1 NAVIGATION 0 1 0. 0. 8421.2 0. 0 0
9.247 1 ATTITUDE -3.000732 2.157227 -1.205811
9.253 1 DESIRED -0.01 1.42 4.2 -80. -45. 815. 2.
9.329 1 DOWNLINK_STATUS 13 10621 475 0 811. 36. 2.61
9.347 1 ATTITUDE -3.124268 2.195068 -0.991943
9.350 1 NAVIGATION_REF 506335 3566302 12
9.447 1 ATTITUDE -2.964111 2.028564 -0.620605
9.453 1 DESIRED -0.01 1.4 4.2 -80. -45. 815. 2.
9.459 1 GPS 0 0 0 0 0 0 0 0 0 0 1
9.462 1 IMU_GYRO 0.451172 4.462158 -3.330811
9.464 1 CALIBRATION -4. 0
9.482 1 NAVIGATION 0 1 0. 0. 8421.2 0. 0 0
9.547 1 ATTITUDE -2.877686 1.803467 -0.548096
9.550 1 ESTIMATOR 0. 0.
9.553 1 IMU_ACCEL -5.629883 -1.113281 -7.774414
9.647 1 ATTITUDE -2.889404 1.730469 -0.555176
9.653 1 DESIRED -0.01 1.37 4.2 -80. -45. 815. 2.
9.656 1 WP_MOVED 0 506377. 3566344. 757. 12
9.661 1 NAVIGATION 0 1 0. 0. 8421.2 0. 0 0
9.700 1 GPS 0 0 0 0 0 0 0 0 0 0 1
9.730 1 FBW_STATUS 0 45 1 0 0
9.734 1 NAVIGATION 0 1 0. 0. 8421.2 0. 0 0
9.747 1 ATTITUDE -2.967773 1.680176 -0.409912
9.750 1 BAT -100 0 0 0 1 20 20 0
9.754 1 IMU_MAG -0.041504 0.350098 1.953613
9.830 1 COMMANDS -100,9600,9493,0
9.847 1 ATTITUDE -3.0354 1.594727 -0.292236
9.853 1 DESIRED -0.01 1.43 4.2 -80. -45. 815. 2.
9.855 1 DL_VALUE 1 0.
9.930 1 ACTUATORS 1000,1353,2000,1500
9.947 1 ATTITUDE -3.063965 1.590576 -0.173584
9.953 1 GPS 0 0 0 0 0 0 0 0 0 0 1
9.982 1 NAVIGATION 0 1 0. 0. 8421.2 0. 0 0
10.047 1 ATTITUDE -3.108643 1.539551 -0.164062
10.053 1 DESIRED -0.01 1.47 4.2 -80. -45. 815. 2.
10.055 1 ESTIMATOR 0. 0.
10.059 1 IMU_GYRO 0.102051 0.046631 -0.674561
10.147 1 ATTITUDE -3.074951 1.554199 -0.119629
10.151 1 WP_MOVED 1 506335. 3566302. 765. 12
10.200 1 GPS 0 0 0 0 0 0 0 0 0 0 1
10.232 1 NAVIGATION 0 1 0. 0. 8421.2 0. 0 0
10.247 1 ATTITUDE -3.053711 1.55957 -0.125977
10.253 1 DESIRED -0.01 1.44 4.2 -80. -45. 815. 2.
10.330 1 DOWNLINK_STATUS 14 11474 514 0 853. 39. 2.61
10.347 1 ATTITUDE -3.049805 1.599365 -0.135742
10.350 1 IMU_ACCEL -1.032227 -0.709961 -8.97168
10.447 1 ATTITUDE -3.05127 1.69165 -0.124756
10.453 1 DESIRED -0.01 1.44 4.2 -80. -45. 815. 2.
10.459 1 GPS 0 0 0 0 0 0 0 0 0 0 1
10.462 1 GPS_SOL 0 0 0 0
10.482 1 NAVIGATION 0 1 0. 0. 8421.2 0. 0 0
10.547 1 ATTITUDE -3.041992 1.790527 -0.127441
10.549 1 ESTIMATOR 0. 0.
10.551 1 STATE_FILTER_STATUS 3 0
10.647 1 ATTITUDE -3.046387 1.862305 -0.114258
10.653 1 DESIRED -0.01 1.44 4.2 -80. -45. 815. 2.
10.656 1 WP_MOVED 2 506254.8125 3566257.5 815. 12
10.660 1 IMU_GYRO 0.261719 0.294678 0.416016
10.664 1 NAVIGATION 0 1 0. 0. 8421.2 0. 0 0
10.700 1 GPS 0 0 0 0 0 0 0 0 0 0 1
10.732 1 NAVIGATION 0 1 0. 0. 8421.2 0. 0 0
10.747 1 ATTITUDE -3.047852 1.999268 -0.0979
10.847 1 ATTITUDE -3.067139 2.101807 -0.108887
10.853 1 DESIRED -0.01 1.45 4.2 -80. -45. 815. 2.
10.856 1 BAT -100 0 0 0 1 21 21 0
10.860 1 ENERGY 0. 0. 0 0.
10.947 1 ATTITUDE -3.062988 2.206299 -0.10498
10.953 1 GPS 0 0 0 0 0 0 0 0 0 0 1
10.957 1 ALIVE 234,98,226,137,62,118,253,207,168,232,160,10,245,130,110,131
10.982 1 NAVIGATION 0 1 0. 0. 8421.2 0. 0 0
11.047 1 ATTITUDE -3.067871 2.272705 -0.114258
11.053 1 DESIRED -0.01 1.45 4.2 -80. -45. 815. 2.
11.055 1 ESTIMATOR 0. 0.
11.058 1 IMU_MAG -0.611816 0.512207 2.258789
11.061 1 PPRZ_MODE 1 3 3 0 0 21
11.147 1 ATTITUDE -3.052246 2.412354 -0.095215
11.150 1 WP_MOVED 3 506350.5 3566257. 805. 12
11.154 1 IMU_ACCEL -1.224609 -1.136719 -8.349609
11.200 1 GPS 0 0 0 0 0 0 0 0 0 0 1
11.232 1 NAVIGATION 0 1 0. 0. 8421.2 0. 0 0
11.247 1 ATTITUDE -3.052734 2.506836 -0.100342
11.253 1 DESIRED -0.01 1.44 4.2 -80. -45. 815. 2.
11.256 1 IMU_GYRO -0.195801 0.106201 -0.011475
11.330 1 DOWNLINK_STATUS 15 12345 553 0 871. 39. 2.61
11.347 1 ATTITUDE -3.062012 2.595947 -0.100342
11.349 1 DL_VALUE 2 815.
11.447 1 ATTITUDE -3.054932 2.681885 -0.09668
11.453 1 DESIRED -0.01 1.44 4.2 -80. -45. 815. 2.
11.459 1 GPS 0 0 0 0 0 0 0 0 0 0 1
11.482 1 NAVIGATION 0 1 0. 0. 8421.2 0. 0 0
11.547 1 ATTITUDE -3.055908 2.753418 -0.094238
11.549 1 ESTIMATOR 0. 0.
11.551 1 CALIBRATION -4. 0
11.647 1 ATTITUDE -3.063721 2.831299 -0.088135
11.653 1 DESIRED -0.01 1.45 4.2 -80. -45. 815. 2.
11.656 1 WP_MOVED 4 506374.40625 3566337.75 805. 12
11.661 1 NAVIGATION 0 1 0. 0. 8421.2 0. 0 0
11.663 1 DOWNLINK 1 822 813
11.700 1 GPS 0 0 0 0 0 0 0 0 0 0 1
11.730 1 FBW_STATUS 0 45 1 0 0
11.734 1 NAVIGATION 0 1 0. 0. 8421.2 0. 0 0
11.747 1 ATTITUDE -3.068848 2.88623 -0.075195
11.825 1 PONG 
11.847 1 ATTITUDE -3.070557 2.963135 -0.075195
11.853 1 DESIRED -0.01 1.45 4.2 -80. -45. 815. 2.
11.856 1 IMU_GYRO -0.229736 0.205322 -0.125488
11.947 1 ATTITUDE -3.09375 3.025879 -0.090088
11.953 1 GPS 0 0 0 0 0 0 0 0 0 0 1
11.956 1 IMU_ACCEL -0.724609 -0.378906 -9.741211
11.959 1 BAT -100 0 0 0 1 22 22 0
11.982 1 NAVIGATION 0 1 0. 0. 8421.2 0. 0 0
12.047 1 ATTITUDE -3.095947 3.098389 -0.099365
12.053 1 DESIRED -0.01 1.46 4.2 -80. -45. 815. 2.
12.055 1 ESTIMATOR 0. 0.
12.147 1 ATTITUDE -3.077148 -3.126709 -0.131104
12.150 1 WP_MOVED 5 506402.3125 3566363.25 820. 12
12.200 1 GPS 0 0 0 0 0 0 0 0 0 0 1
12.232 1 NAVIGATION 0 1 0. 0. 8421.2 0. 0 0
12.247 1 ATTITUDE -3.049805 -3.086182 -0.175293
12.253 1 DESIRED -0.01 1.44 4.2 -80. -45. 815. 2.
12.317 1 WIND_INFO 1 42 0. 0. 0.
12.331 1 DOWNLINK_STATUS 16 13134 589 0 789. 36. 2.87
12.347 1 ATTITUDE -3.034424 -3.039551 -0.183594
12.350 1 IMU_MAG -0.386719 0.706055 2.195312
12.447 1 ATTITUDE -3.010498 -3.01123 -0.204102
12.453 1 DESIRED -0.01 1.42 4.2 -80. -45. 815. 2.
12.459 1 GPS 0 0 0 0 0 0 0 0 0 0 1
12.462 1 IMU_GYRO -0.044678 0.09668 -0.02124
12.465 1 GPS_SOL 0 0 0 0
12.482 1 NAVIGATION 0 1 0. 0. 8421.2 0. 0 0
12.547 1 ATTITUDE -3.00708 -2.950195 -0.190674
12.549 1 ESTIMATOR 0. 0.
12.647 1 ATTITUDE -3.017334 -2.893555 -0.163818
12.653 1 DESIRED -0.01 1.43 4.2 -80. -45. 815. 2.
12.656 1 WP_MOVED 6 506374.40625 3566337.75 820. 12
12.661 1 NAVIGATION 0 1 0. 0. 8421.2 0. 0 0
12.700 1 GPS 0 0 0 0 0 0 0 0 0 0 1
12.732 1 NAVIGATION 0 1 0. 0. 8421.2 0. 0 0
12.747 1 ATTITUDE -3.029053 -2.838867 -0.146973
12.750 1 IMU_ACCEL -0.441406 -0.772461 -9.916016
12.752 1 STATE_FILTER_STATUS 3 0
12.847 1 ATTITUDE -3.043213 -2.79126 -0.135742
12.853 1 DESIRED -0.01 1.44 4.2 -80. -45. 815. 2.
12.855 1 DL_VALUE 3 0.
12.947 1 ATTITUDE -3.043457 -2.762451 -0.136963
12.953 1 GPS 0 0 0 0 0 0 0 0 0 0 1
12.982 1 NAVIGATION 0 1 0. 0. 8421.2 0. 0 0
13.047 1 ATTITUDE -3.041504 -2.748047 -0.135254
13.053 1 DESIRED -0.01 1.44 4.2 -80. -45. 815. 2.
13.055 1 ESTIMATOR 0. 0.
13.058 1 IMU_GYRO 0.008301 -0.481934 -0.249023
13.062 1 BAT -100 0 0 0 1 23 23 0
13.147 1 ATTITUDE -3.031738 -2.743164 -0.151611
13.150 1 WP_MOVED 7 506350.5 3566270.75 805. 12
13.199 1 GPS 0 0 0 0 0 0 0 0 0 0 1
13.232 1 NAVIGATION 0 1 0. 0. 8421.2 0. 0 0
13.247 1 ATTITUDE -3.033936 -2.726562 -0.149902
13.253 1 DESIRED -0.01 1.43 4.2 -80. -45. 815. 2.
13.332 1 DOWNLINK_STATUS 17 13943 625 0 809. 36. 2.87
13.347 1 ATTITUDE -3.034668 -2.720459 -0.159668
13.350 1 ENERGY 0. 0. 0 0.
13.447 1 ATTITUDE -3.055664 -2.694824 -0.128418
13.453 1 DESIRED -0.01 1.44 4.2 -80. -45. 815. 2.
13.458 1 GPS 0 0 0 0 0 0 0 0 0 0 1
13.482 1 NAVIGATION 0 1 0. 0. 8421.2 0. 0 0
13.547 1 ATTITUDE -3.049316 -2.69165 -0.137207
13.549 1 ESTIMATOR 0. 0.
13.552 1 IMU_ACCEL -1.244141 -1.314453 -10.006836
13.647 1 ATTITUDE -3.042236 -2.67334 -0.129639
13.653 1 DESIRED -0.01 1.44 4.2 -80. -45. 815. 2.
13.656 1 WP_MOVED 8 506254.8125 3566257.5 815. 12
13.659 1 IMU_GYRO 0.119141 0.110596 0.30957
13.664 1 NAVIGATION 0 1 0. 0. 8421.2 0. 0 0
13.666 1 CALIBRATION -4. 0
13.699 1 GPS 0 0 0 0 0 0 0 0 0 0 1
13.729 1 FBW_STATUS 0 45 1 0 0
13.734 1 NAVIGATION 0 1 0. 0. 8421.2 0. 0 0
13.747 1 ATTITUDE -3.037354 -2.64209 -0.117676
13.847 1 ATTITUDE -3.028564 -2.600098 -0.074707
13.853 1 DESIRED -0.01 1.43 4.2 -80. -45. 815. 2.
13.947 1 ATTITUDE -3.024658 -2.484375 -0.011963
13.953 1 GPS 0 0 0 0 0 0 0 0 0 0 1
13.982 1 NAVIGATION 0 1 0. 0. 8421.2 0. 0 0
14.047 1 ATTITUDE -3.052979 -2.449463 -0.02417
14.053 1 DESIRED -0.01 1.44 4.2 -80. -45. 815. 2.
14.055 1 ESTIMATOR 0. 0.
14.147 1 ATTITUDE -3.096191 -2.539551 -0.075195
14.150 1 WP_MOVED 9 506213.8125 3566287.5 815. 12
14.154 1 BAT -100 0 0 0 1 24 24 0
14.200 1 GPS 0 0 0 0 0 0 0 0 0 0 1
14.232 1 NAVIGATION 0 1 0. 0. 8421.2 0. 0 0
14.247 1 ATTITUDE -3.131348 -2.598145 -0.099609
14.253 1 DESIRED -0.01 1.48 4.2 -80. -45. 815. 2.
14.256 1 IMU_GYRO -0.033936 -0.490479 -0.340332
14.333 1 DOWNLINK_STATUS 18 14742 660 0 799. 35. 2.87
14.347 1 ATTITUDE -3.087158 -2.586914 -0.114258
14.350 1 IMU_ACCEL -0.076172 -0.499023 -11.635742
14.352 1 DL_VALUE 4 0.
14.447 1 ATTITUDE -3.095459 -2.577881 -0.094727
14.453 1 DESIRED -0.01 1.46 4.2 -80. -45. 815. 2.
14.458 1 GPS 0 0 0 0 0 0 0 0 0 0 1
14.461 1 GPS_SOL 0 0 0 0
14.482 1 NAVIGATION 0 1 0. 0. 8421.2 0. 0 0
14.547 1 ATTITUDE -3.102539 -2.578613 -0.081787
14.549 1 ESTIMATOR 0. 0.
14.647 1 ATTITUDE -3.105469 -2.551514 -0.063721
14.653 1 DESIRED -0.01 1.46 4.2 -80. -45. 815. 2.
14.656 1 WP_MOVED 0 506377. 3566344. 757. 12
14.661 1 NAVIGATION 0 1 0. 0. 8421.2 0. 0 0
14.701 1 GPS 0 0 0 0 0 0 0 0 0 0 1
14.732 1 NAVIGATION 0 1 0. 0. 8421.2 0. 0 0
14.747 1 ATTITUDE -3.107178 -2.4729 -0.041016
14.830 1 COMMANDS -100,9600,8188,0
14.847 1 ATTITUDE -3.105957 -2.435059 0.000732
14.853 1 DESIRED -0.01 1.46 4.2 -80. -45. 815. 2.
14.856 1 IMU_GYRO 0.063721 1.261963 1.414307
14.930 1 ACTUATORS 1000,1410,2000,1500
14.947 1 ATTITUDE -3.098877 -2.336182 0.082764
14.952 1 GPS 0 0 0 0 0 0 0 0 0 0 1
14.956 1 IMU_MAG -0.362305 -0.118652 2.295898
14.957 1 STATE_FILTER_STATUS 3 0
14.982 1 NAVIGATION 0 1 0. 0. 8421.2 0. 0 0
15.047 1 ATTITUDE -3.087158 -2.366699 0.024414
15.053 1 DESIRED -0.01 1.46 4.2 -80. -45. 815. 2.
15.055 1 ESTIMATOR 0. 0.
15.148 1 ATTITUDE -3.10498 -2.442139 -0.015625
15.150 1 WP_MOVED 1 506335. 3566302. 765. 12
15.153 1 IMU_ACCEL -0.964844 -0.344727 -9.741211
15.201 1 GPS 0 0 0 0 0 0 0 0 0 0 1
15.232 1 NAVIGATION 0 1 0. 0. 8421.2 0. 0 0
15.247 1 ATTITUDE -3.111816 -2.492188 -0.029053
15.253 1 DESIRED -0.01 1.47 4.2 -80. -45. 815. 2.
15.256 1 BAT -100 0 0 0 1 25 25 0
15.334 1 DOWNLINK_STATUS 19 15581 698 0 839. 38. 2.87
15.347 1 ATTITUDE -3.125244 -2.502197 -0.026611
15.447 1 ATTITUDE -3.122803 -2.46582 0.022217
15.453 1 DESIRED -0.01 1.47 4.2 -80. -45. 815. 2.
15.458 1 GPS 0 0 0 0 0 0 0 0 0 0 1
15.461 1 IMU_GYRO -0.265869 0.470215 0.202148
15.482 1 NAVIGATION 0 1 0. 0. 8421.2 0. 0 0
15.547 1 ATTITUDE 3.136475 -2.462402 0.061035
15.549 1 ESTIMATOR 0. 0.
15.647 1 ATTITUDE 3.119873 -2.486084 0.05542
15.653 1 DESIRED -0.01 1.47 4.2 -80. -45. 815. 2.
15.656 1 WP_MOVED 2 506254.8125 3566257.5 815. 12
15.661 1 NAVIGATION 0 1 0. 0. 8421.2 0. 0 0
15.705 1 GPS 0 0 0 0 0 0 0 0 0 0 1
15.729 1 FBW_STATUS 0 46 1 0 0
15.734 1 NAVIGATION 0 1 0. 0. 8421.2 0. 0 0
15.747 1 ATTITUDE 3.096191 -2.491699 0.07373
15.749 1 CALIBRATION -4. 0
15.847 1 ATTITUDE 3.040283 -2.544189 -0.000488
15.853 1 DESIRED -0.01 1.44 4.2 -80. -45. 815. 2.
15.854 1 DL_VALUE 5 0.
15.858 1 ENERGY 0. 0. 0 0.
15.947 1 ATTITUDE 3.01123 -2.573242 -0.047852
15.952 1 GPS 0 0 0 0 0 0 0 0 0 0 1
15.956 1 IMU_ACCEL -1.364258 1.506836 -8.776367
15.960 1 ALIVE 234,98,226,137,62,118,253,207,168,232,160,10,245,130,110,131
15.982 1 NAVIGATION 0 1 0. 0. 8421.2 0. 0 0
16.047 1 ATTITUDE 2.952881 -2.570557 -0.072998
16.053 1 DESIRED -0.01 1.4 4.2 -80. -45. 815. 2.
16.055 1 ESTIMATOR 0. 0.
16.058 1 IMU_GYRO -1.394043 -0.185059 -0.488281
16.060 1 PPRZ_MODE 1 3 3 0 0 21
16.147 1 ATTITUDE 2.865723 -2.571533 -0.135986
16.150 1 WP_MOVED 3 506350.5 3566257. 805. 12
16.203 1 GPS 0 0 0 0 0 0 0 0 0 0 1
16.231 1 NAVIGATION 0 1 0. 0. 8421.2 0. 0 0
16.247 1 ATTITUDE 2.844482 -2.587646 -0.219971
16.253 1 DESIRED -0.01 1.35 4.2 -80. -45. 815. 2.
16.256 1 IMU_MAG -0.109863 -0.104004 1.999512
16.336 1 DOWNLINK_STATUS 20 16424 736 0 843. 38. 2.87
16.347 1 ATTITUDE 2.880371 -2.586182 -0.332764
16.350 1 BAT -100 0 0 0 1 26 26 0
16.447 1 ATTITUDE 2.849854 -2.550537 -0.546143
16.453 1 DESIRED -0.01 1.35 4.2 -80. -45. 815. 2.
16.458 1 GPS 0 0 0 0 0 0 0 0 0 0 1
16.461 1 GPS_SOL 0 0 0 0
16.481 1 NAVIGATION 0 1 0. 0. 8421.2 0. 0 0
16.547 1 ATTITUDE 2.804688 -2.443604 -0.696045
16.549 1 ESTIMATOR 0. 0.
16.647 1 ATTITUDE 2.308838 -1.923584 -1.074707
16.653 1 DESIRED -0.01 1.16 4.2 -80. -45. 815. 2.
16.656 1 WP_MOVED 4 506374.40625 3566337.75 805. 12
16.659 1 IMU_GYRO -0.146729 -3.438232 1.306641
16.664 1 NAVIGATION 0 1 0. 0. 8421.2 0. 0 0
16.703 1 GPS 0 0 0 0 0 0 0 0 0 0 1
16.731 1 NAVIGATION 0 1 0. 0. 8421.2 0. 0 0
16.747 1 ATTITUDE 1.677246 -1.233154 -1.026123
16.750 1 IMU_ACCEL -3.703125 3.532227 1.666992
16.751 1 DOWNLINK 2 824 1001
16.826 1 PONG 
16.847 1 ATTITUDE 1.514648 -1.048096 -1.001221
16.852 1 DESIRED -0.01 0.8 4.2 -80. -45. 815. 2.
16.947 1 ATTITUDE 1.203857 -0.712402 -0.841797
16.952 1 GPS 0 0 0 0 0 0 0 0 0 0 1
16.981 1 NAVIGATION 0 1 0. 0. 8421.2 0. 0 0
17.047 1 ATTITUDE 0.922607 -0.438721 -0.704346
17.053 1 DESIRED -0.01 0.51 4.2 -80. -45. 815. 2.
17.055 1 ESTIMATOR 0. 0.
17.147 1 ATTITUDE 0.5896 -0.258057 -0.446533
17.150 1 WP_MOVED 5 506402.3125 3566363.25 820. 12
17.152 1 STATE_FILTER_STATUS 3 0
17.203 1 GPS 0 0 0 0 0 0 0 0 0 0 1
17.231 1 NAVIGATION 0 1 0. 0. 8421.2 0. 0 0
17.247 1 ATTITUDE 0.394775 -0.2146 -0.301758
17.253 1 DESIRED -0.01 0.28 4.2 -80. -45. 815. 2.
17.255 1 IMU_GYRO -1.675049 -2.27832 0.605469
17.336 1 DOWNLINK_STATUS 21 17221 772 0 797. 36. 2.82
17.347 1 ATTITUDE 0.249512 -0.143799 -0.127441
17.349 1 DL_VALUE 6 100.
17.447 1 ATTITUDE 0.199951 -0.138672 -0.00415
17.452 1 DESIRED -0.01 0.2 4.2 -80. -45. 815. 2.
17.458 1 GPS 0 0 0 0 0 0 0 0 0 0 1
17.462 1 BAT -100 0 0 0 1 27 27 0
17.482 1 NAVIGATION 0 1 0. 0. 8421.2 0. 0 0
17.547 1 ATTITUDE 0.19458 -0.144531 0.107666
17.549 1 ESTIMATOR 0. 0.
17.552 1 IMU_ACCEL 1.219727 2.09668 9.398438
17.555 1 IMU_MAG -0.428223 0.034668 -0.255859
17.647 1 ATTITUDE 0.162109 -0.135254 0.185303
17.652 1 DESIRED -0.01 0.18 4.2 -80. -45. 815. 2.
17.656 1 WP_MOVED 6 506374.40625 3566337.75 820. 12
17.660 1 NAVIGATION 0 1 0. 0. 8421.2 0. 0 0
17.704 1 GPS 0 0 0 0 0 0 0 0 0 0 1
17.729 1 FBW_STATUS 0 46 1 0 0
17.734 1 NAVIGATION 0 1 0. 0. 8421.2 0. 0 0
17.747 1 ATTITUDE 0.15332 -0.126709 0.181152
17.847 1 ATTITUDE 0.202881 -0.153076 0.156982
17.852 1 DESIRED -0.01 0.2 4.2 -80. -45. 815. 2.
17.856 1 IMU_GYRO 0.519287 0.529785 0.119141
17.857 1 CALIBRATION -4. 0
17.947 1 ATTITUDE 0.219482 -0.169189 0.148438
17.952 1 GPS 0 0 0 0 0 0 0 0 0 0 1
17.981 1 NAVIGATION 0 1 0. 0. 8421.2 0. 0 0
18.047 1 ATTITUDE 0.214355 -0.177002 0.15625
18.052 1 DESIRED -0.01 0.2 4.2 -80. -45. 815. 2.
18.055 1 ESTIMATOR 0. 0.
18.147 1 ATTITUDE 0.213379 -0.186768 0.138428
18.150 1 WP_MOVED 7 506350.5 3566270.75 805. 12
18.205 1 GPS 0 0 0 0 0 0 0 0 0 0 1
18.231 1 NAVIGATION 0 1 0. 0. 8421.2 0. 0 0
18.247 1 ATTITUDE 0.206543 -0.19873 0.134766
18.252 1 DESIRED -0.01 0.2 4.2 -80. -45. 815. 2.
18.336 1 DOWNLINK_STATUS 22 18011 807 0 790. 35. 2.82
18.347 1 ATTITUDE 0.201904 -0.207764 0.139893
18.350 1 IMU_ACCEL 1.670898 2.125977 9.280273
18.353 1 ENERGY 0. 0. 0 0.
18.356 1 NAVIGATION_REF 506335 3566302 12
18.447 1 ATTITUDE 0.204102 -0.213379 0.134766
18.452 1 DESIRED -0.01 0.2 4.2 -80. -45. 815. 2.
18.458 1 GPS 0 0 0 0 0 0 0 0 0 0 1
18.461 1 IMU_GYRO 0.052979 0.02002 0.024414
18.464 1 GPS_SOL 0 0 0 0
18.481 1 NAVIGATION 0 1 0. 0. 8421.2 0. 0 0
18.547 1 ATTITUDE 0.205811 -0.227051 0.140137
18.549 1 ESTIMATOR 0. 0.
18.552 1 BAT -100 0 0 0 1 28 28 0
18.647 1 ATTITUDE 0.207275 -0.251709 0.161865
18.652 1 DESIRED -0.01 0.2 4.2 -80. -45. 815. 2.
18.656 1 WP_MOVED 8 506254.8125 3566257.5 815. 12
18.660 1 NAVIGATION 0 1 0. 0. 8421.2 0. 0 0
18.705 1 GPS 0 0 0 0 0 0 0 0 0 0 1
18.731 1 NAVIGATION 0 1 0. 0. 8421.2 0. 0 0
18.747 1 ATTITUDE 0.192139 -0.26001 0.144043
18.847 1 ATTITUDE 0.16748 -0.274902 0.153809
18.852 1 DESIRED -0.01 0.18 4.2 -80. -45. 815. 2.
18.856 1 IMU_MAG -0.430664 0.075195 -0.255859
18.857 1 DL_VALUE 7 1.
18.947 1 ATTITUDE 0.133789 -0.279053 0.215332
18.952 1 GPS 0 0 0 0 0 0 0 0 0 0 1
18.981 1 NAVIGATION 0 1 0. 0. 8421.2 0. 0 0
19.046 1 ATTITUDE 0.098389 -0.264404 0.316895
19.052 1 DESIRED -0.01 0.15 4.2 -80. -45. 815. 2.
19.055 1 ESTIMATOR 0. 0.
19.058 1 IMU_GYRO -0.291504 -0.734131 -0.147705
19.146 1 ATTITUDE 0.087158 -0.246094 0.359863
19.150 1 WP_MOVED 9 506213.8125 3566287.5 815. 12
19.153 1 IMU_ACCEL 4.361328 0.344727 9.536133
19.205 1 GPS 0 0 0 0 0 0 0 0 0 0 1
19.231 1 NAVIGATION 0 1 0. 0. 8421.2 0. 0 0
19.246 1 ATTITUDE 0.139893 -0.206787 0.341064
19.252 1 DESIRED -0.01 0.17 4.2 -80. -45. 815. 2.
19.336 1 DOWNLINK_STATUS 23 18864 845 0 853. 38. 2.82
19.346 1 ATTITUDE 0.164062 -0.202148 0.349365
19.348 1 STATE_FILTER_STATUS 3 0
19.446 1 ATTITUDE 0.151611 -0.213623 0.332275
19.452 1 DESIRED -0.01 0.17 4.2 -80. -45. 815. 2.
19.458 1 GPS 0 0 0 0 0 0 0 0 0 0 1
19.481 1 NAVIGATION 0 1 0. 0. 8421.2 0. 0 0
19.546 1 ATTITUDE 0.13623 -0.239502 0.322266
19.549 1 ESTIMATOR 0. 0.
19.646 1 ATTITUDE 0.138916 -0.246338 0.315918
19.652 1 DESIRED -0.01 0.17 4.2 -80. -45. 815. 2.
19.656 1 WP_MOVED 0 506377. 3566344. 757. 12
19.659 1 IMU_GYRO 0.063721 -0.073242 0.044678
19.663 1 NAVIGATION 0 1 0. 0. 8421.2 0. 0 0
19.699 1 GPS 0 0 0 0 0 0 0 0 0 0 1
19.731 1 NAVIGATION 0 1 0. 0. 8421.2 0. 0 0
19.733 1 FBW_STATUS 0 46 1 0 0
19.746 1 ATTITUDE 0.142822 -0.252686 0.29541
19.829 1 COMMANDS -100,-1031,-559,0
19.846 1 ATTITUDE 0.155273 -0.266357 0.279297
19.852 1 DESIRED -0.01 0.18 4.2 -80. -45. 815. 2.
19.929 1 ACTUATORS 1000,1494,1457,1500
19.946 1 ATTITUDE 0.159912 -0.271484 0.254639
19.952 1 GPS 0 0 0 0 0 0 0 0 0 0 1
19.955 1 IMU_ACCEL 2.310547 1.607422 8.75293
19.957 1 CALIBRATION -4. 0
19.981 1 NAVIGATION 0 1 0. 0. 8421.2 0. 0 0
20.046 1 ATTITUDE 0.160156 -0.28833 0.255127
20.052 1 DESIRED -0.01 0.18 4.2 -80. -45. 815. 2.
20.055 1 ESTIMATOR 0. 0.
20.146 1 ATTITUDE 0.153076 -0.295654 0.27124
20.150 1 WP_MOVED 1 506335. 3566302. 765. 12
20.153 1 IMU_MAG -0.611816 0.104004 -0.23291
20.199 1 GPS 0 0 0 0 0 0 0 0 0 0 1
20.231 1 NAVIGATION 0 1 0. 0. 8421.2 0. 0 0
20.246 1 ATTITUDE 0.152832 -0.304199 0.277344
20.252 1 DESIRED -0.01 0.18 4.2 -80. -45. 815. 2.
20.255 1 IMU_GYRO -0.114746 0.006348 -0.083008
20.337 1 DOWNLINK_STATUS 24 19680 882 0 816. 37. 2.82
20.346 1 ATTITUDE 0.157959 -0.314209 0.262695
20.348 1 DL_VALUE 8 0.
20.446 1 ATTITUDE 0.160645 -0.328369 0.256836
20.452 1 DESIRED -0.01 0.18 4.2 -80. -45. 815. 2.
20.458 1 GPS 0 0 0 0 0 0 0 0 0 0 1
20.461 1 GPS_SOL 0 0 0 0
20.481 1 NAVIGATION 0 1 0. 0. 8421.2 0. 0 0
20.546 1 ATTITUDE 0.161865 -0.342041 0.259277
20.549 1 ESTIMATOR 0. 0.
20.646 1 ATTITUDE 0.167969 -0.364502 0.249756
20.652 1 DESIRED -0.01 0.18 4.2 -80. -45. 815. 2.
20.656 1 WP_MOVED 2 506254.8125 3566257.5 815. 12
20.660 1 NAVIGATION 0 1 0. 0. 8421.2 0. 0 0
20.699 1 GPS 0 0 0 0 0 0 0 0 0 0 1
20.731 1 NAVIGATION 0 1 0. 0. 8421.2 0. 0 0
20.746 1 ATTITUDE 0.172607 -0.383301 0.249023
20.749 1 IMU_ACCEL 1.767578 1.587891 9.222656
20.753 1 BAT -100 0 0 0 1 31 31 0
20.846 1 ATTITUDE 0.171631 -0.405762 0.25415
20.852 1 DESIRED -0.01 0.18 4.2 -80. -45. 815. 2.
20.855 1 IMU_GYRO 0.04248 -0.027588 0.012695
20.859 1 ENERGY 0. 0. 0 0.
20.946 1 ATTITUDE 0.174316 -0.426025 0.255615
20.952 1 GPS 0 0 0 0 0 0 0 0 0 0 1
20.956 1 ALIVE 234,98,226,137,62,118,253,207,168,232,160,10,245,130,110,131
20.981 1 NAVIGATION 0 1 0. 0. 8421.2 0. 0 0
21.046 1 ATTITUDE 0.177002 -0.451172 0.254883
21.052 1 DESIRED -0.01 0.19 4.2 -80. -45. 815. 2.
21.055 1 ESTIMATOR 0. 0.
21.057 1 PPRZ_MODE 1 3 3 0 0 21
21.146 1 ATTITUDE 0.179688 -0.474365 0.252441
21.150 1 WP_MOVED 3 506350.5 3566257. 805. 12
21.199 1 GPS 0 0 0 0 0 0 0 0 0 0 1
21.231 1 NAVIGATION 0 1 0. 0. 8421.2 0. 0 0
21.246 1 ATTITUDE 0.179199 -0.502197 0.259766
21.252 1 DESIRED -0.01 0.19 4.2 -80. -45. 815. 2.
21.339 1 DOWNLINK_STATUS 25 20499 918 0 819. 36. 2.82
21.346 1 ATTITUDE 0.180664 -0.529541 0.270508
21.446 1 ATTITUDE 0.181641 -0.553955 0.296143
21.452 1 DESIRED -0.01 0.19 4.2 -80. -45. 815. 2.
21.458 1 GPS 0 0 0 0 0 0 0 0 0 0 1
21.461 1 IMU_GYRO -0.067871 -0.40332 0.016846
21.464 1 IMU_MAG -0.634277 0.072266 -0.25
21.481 1 NAVIGATION 0 1 0. 0. 8421.2 0. 0 0
21.546 1 ATTITUDE 0.158691 -0.565186 0.408447
21.549 1 ESTIMATOR 0. 0.
21.552 1 IMU_ACCEL 3.347656 0.935547 13.027344
21.553 1 STATE_FILTER_STATUS 3 0
21.646 1 ATTITUDE 0.135498 -0.571533 0.522949
21.652 1 DESIRED -0.01 0.17 4.2 -80. -45. 815. 2.
21.656 1 WP_MOVED 4 506374.40625 3566337.75 805. 12
21.660 1 NAVIGATION 0 1 0. 0. 8421.2 0. 0 0
21.699 1 GPS 0 0 0 0 0 0 0 0 0 0 1
21.729 1 FBW_STATUS 0 46 1 0 0
21.733 1 NAVIGATION 0 1 0. 0. 8421.2 0. 0 0
21.746 1 ATTITUDE 0.141357 -0.616699 0.554932
21.826 1 PONG 
21.846 1 ATTITUDE 0.148193 -0.661133 0.557617
21.852 1 DESIRED -0.01 0.17 4.2 -80. -45. 815. 2.
21.856 1 BAT -100 0 0 0 1 32 32 0
21.858 1 DL_VALUE 9 1.
21.859 1 DOWNLINK 3 817 1189
21.946 1 ATTITUDE 0.158936 -0.709961 0.553467
21.952 1 GPS 0 0 0 0 0 0 0 0 0 0 1
21.981 1 NAVIGATION 0 1 0. 0. 8421.2 0. 0 0
22.046 1 ATTITUDE 0.167236 -0.760254 0.532715
22.052 1 DESIRED -0.01 0.18 4.2 -80. -45. 815. 2.
22.055 1 ESTIMATOR 0. 0.
22.058 1 IMU_GYRO 0.150879 -0.02002 0.055176
22.060 1 CALIBRATION -4. 0
22.146 1 ATTITUDE 0.168701 -0.818359 0.535156
22.150 1 WP_MOVED 5 506402.3125 3566363.25 820. 12
22.199 1 GPS 0 0 0 0 0 0 0 0 0 0 1
22.231 1 NAVIGATION 0 1 0. 0. 8421.2 0. 0 0
22.246 1 ATTITUDE 0.169678 -0.868408 0.540527
22.252 1 DESIRED -0.01 0.18 4.2 -80. -45. 815. 2.
22.318 1 WIND_INFO 1 42 0. 0. 0.
22.339 1 DOWNLINK_STATUS 26 21333 957 0 834. 39. 2.85
22.346 1 ATTITUDE 0.171387 -0.922119 0.539795
22.349 1 IMU_ACCEL 4.703125 1.458984 8.5625
22.446 1 ATTITUDE 0.175781 -0.979004 0.527344
22.452 1 DESIRED -0.01 0.19 4.2 -80. -45. 815. 2.
22.458 1 GPS 0 0 0 0 0 0 0 0 0 0 1
22.461 1 GPS_SOL 0 0 0 0
22.481 1 NAVIGATION 0 1 0. 0. 8421.2 0. 0 0
22.546 1 ATTITUDE 0.174805 -1.041992 0.502441
22.549 1 ESTIMATOR 0. 0.
22.646 1 ATTITUDE 0.181396 -1.108154 0.457275
22.652 1 DESIRED -0.01 0.19 4.2 -80. -45. 815. 2.
22.656 1 WP_MOVED 6 506374.40625 3566337.75 820. 12
22.659 1 IMU_GYRO 0.121094 0.915039 0.001953
22.663 1 NAVIGATION 0 1 0. 0. 8421.2 0. 0 0
22.699 1 GPS 0 0 0 0 0 0 0 0 0 0 1
22.731 1 NAVIGATION 0 1 0. 0. 8421.2 0. 0 0
22.746 1 ATTITUDE 0.195068 -1.174316 0.331299
22.749 1 IMU_MAG -0.619141 0.037598 -0.261719
22.846 1 ATTITUDE 0.209473 -1.226807 0.218018
22.852 1 DESIRED -0.01 0.2 4.2 -80. -45. 815. 2.
22.946 1 ATTITUDE 0.201416 -1.281006 0.222168
22.952 1 GPS 0 0 0 0 0 0 0 0 0 0 1
22.955 1 BAT -100 0 0 0 1 33 33 0
22.981 1 NAVIGATION 0 1 0. 0. 8421.2 0. 0 0
23.046 1 ATTITUDE 0.21167 -1.331543 0.218994
23.052 1 DESIRED -0.01 0.2 4.2 -80. -45. 815. 2.
23.055 1 ESTIMATOR 0. 0.
23.146 1 ATTITUDE 0.213867 -1.373779 0.20752
23.150 1 WP_MOVED 7 506350.5 3566270.75 805. 12
23.153 1 IMU_ACCEL 1.364258 2.063477 9.541016
23.199 1 GPS 0 0 0 0 0 0 0 0 0 0 1
23.231 1 NAVIGATION 0 1 0. 0. 8421.2 0. 0 0
23.246 1 ATTITUDE 0.213867 -1.43042 0.21875
23.252 1 DESIRED -0.01 0.2 4.2 -80. -45. 815. 2.
23.255 1 IMU_GYRO 0.006348 -0.070068 0.030762
23.340 1 DOWNLINK_STATUS 27 22140 992 0 807. 35. 2.85
23.346 1 ATTITUDE 0.213867 -1.482422 0.230225
23.348 1 DL_VALUE 10 0.
23.352 1 ENERGY 0. 0. 0 0.
23.446 1 ATTITUDE 0.214844 -1.53418 0.228027
23.452 1 DESIRED -0.01 0.2 4.2 -80. -45. 815. 2.
23.458 1 GPS 0 0 0 0 0 0 0 0 0 0 1
23.481 1 NAVIGATION 0 1 0. 0. 8421.2 0. 0 0
23.546 1 ATTITUDE 0.220703 -1.584717 0.219482
23.549 1 ESTIMATOR 0. 0.
23.646 1 ATTITUDE 0.224609 -1.633545 0.210938
23.652 1 DESIRED -0.01 0.21 4.2 -80. -45. 815. 2.
23.656 1 WP_MOVED 8 506254.8125 3566257.5 815. 12
23.660 1 NAVIGATION 0 1 0. 0. 8421.2 0. 0 0
23.699 1 GPS 0 0 0 0 0 0 0 0 0 0 1
23.731 1 NAVIGATION 0 1 0. 0. 8421.2 0. 0 0
23.733 1 FBW_STATUS 0 46 1 0 0
23.746 1 ATTITUDE 0.219482 -1.680176 0.21875
23.747 1 STATE_FILTER_STATUS 3 0
23.846 1 ATTITUDE 0.217773 -1.726318 0.223633
23.852 1 DESIRED -0.01 0.2 4.2 -80. -45. 815. 2.
23.855 1 IMU_GYRO -0.067871 -0.083984 0.026367
23.946 1 ATTITUDE 0.211182 -1.775879 0.230957
23.952 1 GPS 0 0 0 0 0 0 0 0 0 0 1
23.955 1 IMU_ACCEL 1.810547 2.000977 9.290039
23.981 1 NAVIGATION 0 1 0. 0. 8421.2 0. 0 0
24.046 1 ATTITUDE 0.209717 -1.825928 0.235352
24.052 1 DESIRED -0.01 0.2 4.2 -80. -45. 815. 2.
24.054 1 ESTIMATOR 0. 0.
24.058 1 BAT -100 0 0 0 1 34 34 0
24.061 1 IMU_MAG -0.584961 0.037598 -0.25293
24.146 1 ATTITUDE 0.203125 -1.880859 0.240723
24.150 1 WP_MOVED 9 506213.8125 3566287.5 815. 12
24.152 1 CALIBRATION -4. 0
24.199 1 GPS 0 0 0 0 0 0 0 0 0 0 1
24.231 1 NAVIGATION 0 1 0. 0. 8421.2 0. 0 0
24.246 1 ATTITUDE 0.205566 -1.930664 0.233887
24.252 1 DESIRED -0.01 0.2 4.2 -80. -45. 815. 2.
24.341 1 DOWNLINK_STATUS 28 22959 1029 0 819. 37. 2.85
24.346 1 ATTITUDE 0.203369 -1.982666 0.229492
24.446 1 ATTITUDE 0.203369 -2.032715 0.226318
24.452 1 DESIRED -0.01 0.2 4.2 -80. -45. 815. 2.
24.458 1 GPS 0 0 0 0 0 0 0 0 0 0 1
24.461 1 IMU_GYRO 0.036133 -0.018066 0.018066
24.464 1 GPS_SOL 0 0 0 0
24.481 1 NAVIGATION 0 1 0. 0. 8421.2 0. 0 0
24.546 1 ATTITUDE 0.201416 -2.081787 0.229004
24.549 1 ESTIMATOR 0. 0.
24.646 1 ATTITUDE 0.205078 -2.129883 0.227539
24.652 1 DESIRED -0.01 0.2 4.2 -80. -45. 815. 2.
24.655 1 WP_MOVED 0 506377. 3566344. 757. 12
24.660 1 NAVIGATION 0 1 0. 0. 8421.2 0. 0 0
24.699 1 GPS 0 0 0 0 0 0 0 0 0 0 1
24.731 1 NAVIGATION 0 1 0. 0. 8421.2 0. 0 0
24.746 1 ATTITUDE 0.198975 -2.174805 0.232178
24.749 1 IMU_ACCEL 1.541992 2.015625 9.688477
24.829 1 COMMANDS -100,-1351,-190,0
24.846 1 ATTITUDE 0.200684 -2.223145 0.230469
24.852 1 DESIRED -0.01 0.2 4.2 -80. -45. 815. 2.
24.854 1 DL_VALUE 11 1.
24.929 1 ACTUATORS 1000,1478,1460,1500
24.946 1 ATTITUDE 0.195068 -2.266357 0.236816
24.952 1 GPS 0 0 0 0 0 0 0 0 0 0 1
24.981 1 NAVIGATION 0 1 0. 0. 8421.2 0. 0 0
25.046 1 ATTITUDE 0.189453 -2.301758 0.239502
25.052 1 DESIRED -0.01 0.19 4.2 -80. -45. 815. 2.
25.054 1 ESTIMATOR 0. 0.
25.058 1 IMU_GYRO -0.112793 -0.013672 -0.162598
25.146 1 ATTITUDE 0.192139 -2.328857 0.246826
25.150 1 WP_MOVED 1 506335. 3566302. 765. 12
25.153 1 BAT -100 0 0 0 1 35 35 0
25.199 1 GPS 0 0 0 0 0 0 0 0 0 0 1
25.231 1 NAVIGATION 0 1 0. 0. 8421.2 0. 0 0
25.246 1 ATTITUDE 0.185303 -2.365723 0.252441
25.252 1 DESIRED -0.01 0.19 4.2 -80. -45. 815. 2.
25.342 1 DOWNLINK_STATUS 29 23771 1065 0 812. 36. 2.85
25.346 1 ATTITUDE 0.186523 -2.399658 0.259521
25.349 1 IMU_MAG -0.619141 0.057617 -0.258789
25.446 1 ATTITUDE 0.18457 -2.434326 0.260986
25.452 1 DESIRED -0.01 0.19 4.2 -80. -45. 815. 2.
25.458 1 GPS 0 0 0 0 0 0 0 0 0 0 1
25.481 1 NAVIGATION 0 1 0. 0. 8421.2 0. 0 0
25.546 1 ATTITUDE 0.182861 -2.474121 0.26001
25.548 1 ESTIMATOR 0. 0.
25.552 1 IMU_ACCEL 2.050781 1.818359 9.574219
25.646 1 ATTITUDE 0.185547 -2.50415 0.277344
25.652 1 DESIRED -0.01 0.19 4.2 -80. -45. 815. 2.
25.655 1 WP_MOVED 2 506254.8125 3566257.5 815. 12
25.659 1 IMU_GYRO -0.031738 -0.038086 0.025391
25.663 1 NAVIGATION 0 1 0. 0. 8421.2 0. 0 0
25.699 1 GPS 0 0 0 0 0 0 0 0 0 0 1
25.729 1 FBW_STATUS 0 45 1 0 0
25.735 1 NAVIGATION 0 1 0. 0. 8421.2 0. 0 0
25.746 1 ATTITUDE 0.181641 -2.543213 0.272949
25.846 1 ATTITUDE 0.179932 -2.579834 0.272461
25.852 1 DESIRED -0.01 0.19 4.2 -80. -45. 815. 2.
25.855 1 ENERGY 0. 0. 0 0.
25.946 1 ATTITUDE 0.182617 -2.607178 0.282471
25.952 1 GPS 0 0 0 0 0 0 0 0 0 0 1
25.953 1 STATE_FILTER_STATUS 3 0
25.957 1 ALIVE 234,98,226,137,62,118,253,207,168,232,160,10,245,130,110,131
25.981 1 NAVIGATION 0 1 0. 0. 8421.2 0. 0 0
26.046 1 ATTITUDE 0.177734 -2.637939 0.271729
26.052 1 DESIRED -0.01 0.19 4.2 -80. -45. 815. 2.
26.054 1 ESTIMATOR 0. 0.
26.056 1 PPRZ_MODE 1 3 3 0 0 21
26.146 1 ATTITUDE 0.158936 -2.671875 0.26709
26.149 1 WP_MOVED 3 506350.5 3566257. 805. 12
26.199 1 GPS 0 0 0 0 0 0 0 0 0 0 1
26.231 1 NAVIGATION 0 1 0. 0. 8421.2 0. 0 0
26.246 1 ATTITUDE 0.156982 -2.703613 0.261963
26.252 1 DESIRED -0.01 0.18 4.2 -80. -45. 815. 2.
26.255 1 IMU_GYRO 0.044678 -0.199951 0.093506
26.258 1 BAT -100 0 0 0 1 36 36 0
26.260 1 CALIBRATION -4. 0
26.342 1 DOWNLINK_STATUS 30 24632 1104 0 861. 39. 2.85
26.346 1 ATTITUDE 0.157471 -2.732178 0.27002
26.349 1 IMU_ACCEL 2.045898 1.866211 9.356445
26.351 1 DL_VALUE 0 0.
26.446 1 ATTITUDE 0.153564 -2.766846 0.27002
26.452 1 DESIRED -0.01 0.18 4.2 -80. -45. 815. 2.
26.458 1 GPS 0 0 0 0 0 0 0 0 0 0 1
26.461 1 GPS_SOL 0 0 0 0
26.481 1 NAVIGATION 0 1 0. 0. 8421.2 0. 0 0
26.546 1 ATTITUDE 0.147705 -2.787354 0.268799
26.548 1 ESTIMATOR 0. 0.
26.646 1 ATTITUDE 0.142822 -2.801758 0.266113
26.652 1 DESIRED -0.01 0.17 4.2 -80. -45. 815. 2.
26.655 1 WP_MOVED 4 506374.40625 3566337.75 805. 12
26.660 1 NAVIGATION 0 1 0. 0. 8421.2 0. 0 0
26.663 1 IMU_MAG -0.651367 0.118652 -0.221191
26.699 1 GPS 0 0 0 0 0 0 0 0 0 0 1
26.731 1 NAVIGATION 0 1 0. 0. 8421.2 0. 0 0
26.746 1 ATTITUDE 0.138184 -2.822998 0.265869
26.827 1 PONG 
26.846 1 ATTITUDE 0.143555 -2.844482 0.273926
26.852 1 DESIRED -0.01 0.17 4.2 -80. -45. 815. 2.
26.855 1 IMU_GYRO 0.089355 -0.127686 0.012695
26.946 1 ATTITUDE 0.151367 -2.870361 0.282471
26.952 1 GPS 0 0 0 0 0 0 0 0 0 0 1
26.954 1 DOWNLINK 3 815 1375
26.981 1 NAVIGATION 0 1 0. 0. 8421.2 0. 0 0
27.046 1 ATTITUDE 0.157959 -2.895996 0.286621
27.052 1 DESIRED -0.01 0.18 4.2 -80. -45. 815. 2.
27.054 1 ESTIMATOR 0. 0.
27.146 1 ATTITUDE 0.15918 -2.918457 0.277344
27.149 1 WP_MOVED 5 506402.3125 3566363.25 820. 12
27.153 1 IMU_ACCEL 1.978516 1.640625 9.251953
27.199 1 GPS 0 0 0 0 0 0 0 0 0 0 1
27.234 1 NAVIGATION 0 1 0. 0. 8421.2 0. 0 0
27.246 1 ATTITUDE 0.155029 -2.945557 0.269043
27.252 1 DESIRED -0.01 0.18 4.2 -80. -45. 815. 2.
27.342 1 DOWNLINK_STATUS 31 25429 1140 0 797. 36. 2.68
27.346 1 ATTITUDE 0.14917 -2.964111 0.266602
27.349 1 BAT -100 0 0 0 1 37 37 0
27.352 1 NAVIGATION_REF 506335 3566302 12
27.446 1 ATTITUDE 0.154541 -2.983398 0.256592
27.452 1 DESIRED -0.01 0.18 4.2 -80. -45. 815. 2.
27.458 1 GPS 0 0 0 0 0 0 0 0 0 0 1
27.461 1 IMU_GYRO 0.070068 0.179688 0.041504
27.481 1 NAVIGATION 0 1 0. 0. 8421.2 0. 0 0
27.546 1 ATTITUDE 0.163574 -2.992676 0.257568
27.548 1 ESTIMATOR 0. 0.
27.646 1 ATTITUDE 0.17627 -3.003418 0.260742
27.652 1 DESIRED -0.01 0.19 4.2 -80. -45. 815. 2.
27.655 1 WP_MOVED 6 506374.40625 3566337.75 820. 12
27.660 1 NAVIGATION 0 1 0. 0. 8421.2 0. 0 0
27.699 1 GPS 0 0 0 0 0 0 0 0 0 0 1
27.729 1 FBW_STATUS 0 45 1 0 0
27.733 1 NAVIGATION 0 1 0. 0. 8421.2 0. 0 0
27.746 1 ATTITUDE 0.180176 -3.012207 0.263672
27.846 1 ATTITUDE 0.180664 -3.0271 0.260254
27.852 1 DESIRED -0.01 0.19 4.2 -80. -45. 815. 2.
27.854 1 DL_VALUE 1 0.
27.946 1 ATTITUDE 0.18335 -3.0354 0.263184
27.952 1 GPS 0 0 0 0 0 0 0 0 0 0 1
27.955 1 IMU_ACCEL 2.15625 1.895508 9.260742
27.958 1 IMU_MAG -0.648926 0.078125 -0.23877
27.981 1 NAVIGATION 0 1 0. 0. 8421.2 0. 0 0
28.046 1 ATTITUDE 0.186523 -3.038574 0.268066
28.052 1 DESIRED -0.01 0.19 4.2 -80. -45. 815. 2.
28.054 1 ESTIMATOR 0. 0.
28.057 1 IMU_GYRO 0.031738 -0.0979 0.030762
28.146 1 ATTITUDE 0.186279 -3.050293 0.269775
28.149 1 WP_MOVED 7 506350.5 3566270.75 805. 12
28.151 1 STATE_FILTER_STATUS 3 0
28.198 1 GPS 0 0 0 0 0 0 0 0 0 0 1
28.231 1 NAVIGATION 0 1 0. 0. 8421.2 0. 0 0
28.246 1 ATTITUDE 0.185547 -3.062988 0.268555
28.252 1 DESIRED -0.01 0.19 4.2 -80. -45. 815. 2.
28.343 1 DOWNLINK_STATUS 32 26250 1177 0 821. 37. 2.68
28.346 1 ATTITUDE 0.188721 -3.068115 0.268555
28.348 1 CALIBRATION -4. 0
28.351 1 ENERGY 0. 0. 0 0.
28.446 1 ATTITUDE 0.190918 -3.077881 0.266357
28.452 1 DESIRED -0.01 0.19 4.2 -80. -45. 815. 2.
28.457 1 GPS 0 0 0 0 0 0 0 0 0 0 1
28.461 1 BAT -100 0 0 0 1 38 38 0
28.464 1 GPS_SOL 0 0 0 0
28.481 1 NAVIGATION 0 1 0. 0. 8421.2 0. 0 0
28.546 1 ATTITUDE 0.207031 -3.063232 0.271973
28.548 1 ESTIMATOR 0. 0.
28.646 1 ATTITUDE 0.258545 -3.038574 0.309326
28.652 1 DESIRED -0.01 0.22 4.2 -80. -45. 815. 2.
28.655 1 WP_MOVED 8 506254.8125 3566257.5 815. 12
28.658 1 IMU_GYRO 0.583008 -0.44043 -0.411621
28.663 1 NAVIGATION 0 1 0. 0. 8421.2 0. 0 0
28.698 1 GPS 0 0 0 0 0 0 0 0 0 0 1
28.733 1 NAVIGATION 0 1 0. 0. 8421.2 0. 0 0
28.746 1 ATTITUDE 0.317139 -3.007324 0.310303
28.749 1 IMU_ACCEL 2.929688 2.826172 8.918945
28.846 1 ATTITUDE 0.314209 -2.985352 0.256348
28.852 1 DESIRED -0.01 0.25 4.2 -80. -45. 815. 2.
28.946 1 ATTITUDE 0.305176 -2.981934 0.253906
28.952 1 GPS 0 0 0 0 0 0 0 0 0 0 1
28.981 1 NAVIGATION 0 1 0. 0. 8421.2 0. 0 0
29.046 1 ATTITUDE 0.294678 -2.989502 0.24707
29.052 1 DESIRED -0.01 0.24 4.2 -80. -45. 815. 2.
29.054 1 ESTIMATOR 0. 0.
29.146 1 ATTITUDE 0.303223 -3.002686 0.257812
29.149 1 WP_MOVED 9 506213.8125 3566287.5 815. 12
29.198 1 GPS 0 0 0 0 0 0 0 0 0 0 1
29.232 1 NAVIGATION 0 1 0. 0. 8421.2 0. 0 0
29.246 1 ATTITUDE 0.284912 -3.019775 0.254883
29.254 1 DESIRED -0.01 0.23 4.2 -80. -45. 815. 2.
29.255 1 IMU_GYRO -0.116943 0.119141 0.09668
29.258 1 IMU_MAG -0.69043 -0.025879 -0.255859
29.344 1 DOWNLINK_STATUS 33 27070 1213 0 820. 36. 2.68
29.346 1 ATTITUDE 0.277832 -3.035889 0.252686
29.348 1 DL_VALUE 2 815.
29.446 1 ATTITUDE 0.261963 -3.051758 0.249268
29.452 1 DESIRED -0.01 0.22 4.2 -80. -45. 815. 2.
29.457 1 GPS 0 0 0 0 0 0 0 0 0 0 1
29.481 1 NAVIGATION 0 1 0. 0. 8421.2 0. 0 0
29.546 1 ATTITUDE 0.24585 -3.061768 0.243896
29.548 1 ESTIMATOR 0. 0.
29.551 1 IMU_ACCEL 1.920898 2.327148 9.356445
29.555 1 BAT -142 0 0 0 1 39 39 0
29.646 1 ATTITUDE 0.234131 -3.069092 0.240967
29.652 1 DESIRED -0.01 0.21 4.2 -80. -45. 815. 2.
29.655 1 WP_MOVED 0 506377. 3566344. 757. 12
29.660 1 NAVIGATION 0 1 0. 0. 8421.2 0. 0 0
29.698 1 GPS 0 0 0 0 0 0 0 0 0 0 1
29.731 1 FBW_STATUS 0 45 1 0 0
29.733 1 NAVIGATION 0 1 0. 0. 8421.2 0. 0 0
29.746 1 ATTITUDE 0.219727 -3.073975 0.226074
29.829 1 COMMANDS -142,-1393,-165,-7868
29.846 1 ATTITUDE 0.203857 -3.092041 0.22998
29.852 1 DESIRED -0.01 0.2 4.2 -80. -45. 815. 2.
29.855 1 IMU_GYRO 0.084961 -0.145752 0.252197
29.929 1 ACTUATORS 1000,1477,1460,1499
29.946 1 ATTITUDE 0.201416 -3.119141 0.230713
29.952 1 GPS 0 0 0 0 0 0 0 0 0 0 1
29.981 1 NAVIGATION 0 1 0. 0. 8421.2 0. 0 0
30.046 1 ATTITUDE 0.179688 3.140625 0.228271
30.052 1 DESIRED -0.01 0.19 4.2 -80. -45. 815. 2.
30.054 1 ESTIMATOR 0. 0.
30.146 1 ATTITUDE 0.17334 3.126953 0.224609
30.149 1 WP_MOVED 1 506335. 3566302. 765. 12
30.198 1 GPS 0 0 0 0 0 0 0 0 0 0 1
30.231 1 NAVIGATION 0 1 0. 0. 8421.2 0. 0 0
30.246 1 ATTITUDE 0.166748 3.113037 0.223145
30.252 1 DESIRED -0.01 0.18 4.2 -80. -45. 815. 2.
30.344 1 DOWNLINK_STATUS 34 27861 1248 0 791. 35. 2.68
30.346 1 ATTITUDE 0.168701 3.102051 0.227783
30.349 1 IMU_ACCEL 2.896484 2.101562 9.327148
30.349 1 STATE_FILTER_STATUS 3 0
30.446 1 ATTITUDE 0.166748 3.094971 0.226318
30.452 1 DESIRED -0.01 0.18 4.2 -80. -45. 815. 2.
30.457 1 GPS 0 0 0 0 0 0 0 0 0 0 1
30.461 1 IMU_GYRO -0.019043 0.062744 0.095703
30.463 1 GPS_SOL 0 0 0 0
30.481 1 NAVIGATION 0 1 0. 0. 8421.2 0. 0 0
30.546 1 ATTITUDE 0.163086 3.094482 0.227051
30.548 1 ESTIMATOR 0. 0.
30.551 1 IMU_MAG -0.572754 0.080566 -0.23877
30.646 1 ATTITUDE 0.164551 3.096436 0.232422
30.652 1 DESIRED -0.01 0.18 4.2 -80. -45. 815. 2.
30.655 1 WP_MOVED 2 506254.8125 3566257.5 815. 12
30.660 1 NAVIGATION 0 1 0. 0. 8421.2 0. 0 0
30.663 1 BAT -142 0 0 0 1 40 40 0
30.698 1 GPS 0 0 0 0 0 0 0 0 0 0 1
30.731 1 NAVIGATION 0 1 0. 0. 8421.2 0. 0 0
30.747 1 ATTITUDE 0.158203 3.100098 0.235107
30.846 1 ATTITUDE 0.154297 3.100098 0.233643
30.852 1 DESIRED -0.01 0.18 4.2 -80. -45. 815. 2.
30.854 1 DL_VALUE 3 0.
30.857 1 ENERGY 0. 0. 0 0.
30.946 1 ATTITUDE 0.145264 3.102051 0.228516
30.951 1 GPS 0 0 0 0 0 0 0 0 0 0 1
30.955 1 ALIVE 234,98,226,137,62,118,253,207,168,232,160,10,245,130,110,131
30.981 1 NAVIGATION 0 1 0. 0. 8421.2 0. 0 0
31.046 1 ATTITUDE 0.143799 3.095947 0.22583
31.052 1 DESIRED -0.01 0.17 4.2 -80. -45. 815. 2.
31.054 1 ESTIMATOR 0. 0.
31.057 1 IMU_GYRO -0.016846 0.005127 0.040283
31.059 1 PPRZ_MODE 1 3 3 0 0 21
31.146 1 ATTITUDE 0.137695 3.088623 0.229736
31.149 1 WP_MOVED 3 506350.5 3566257. 805. 12
31.152 1 IMU_ACCEL 1.998047 1.410156 9.408203
31.200 1 GPS 0 0 0 0 0 0 0 0 0 0 1
31.231 1 NAVIGATION 0 1 0. 0. 8421.2 0. 0 0
31.246 1 ATTITUDE 0.141113 3.081787 0.229492
31.252 1 DESIRED -0.01 0.17 4.2 -80. -45. 815. 2.
31.344 1 DOWNLINK_STATUS 35 28743 1288 0 882. 40. 2.68
31.346 1 ATTITUDE 0.141602 3.07959 0.227539
31.446 1 ATTITUDE 0.142578 3.075195 0.227295
31.452 1 DESIRED -0.01 0.17 4.2 -80. -45. 815. 2.
31.457 1 GPS 0 0 0 0 0 0 0 0 0 0 1
31.481 1 NAVIGATION 0 1 0. 0. 8421.2 0. 0 0
31.546 1 ATTITUDE 0.139404 3.076904 0.229492
31.548 1 ESTIMATOR 0. 0.
31.646 1 ATTITUDE 0.140869 3.078125 0.225342
31.652 1 DESIRED -0.01 0.17 4.2 -80. -45. 815. 2.
31.655 1 WP_MOVED 4 506374.40625 3566337.75 805. 12
31.658 1 IMU_GYRO -0.114746 0.067871 -0.115967
31.663 1 NAVIGATION 0 1 0. 0. 8421.2 0. 0 0
31.698 1 GPS 0 0 0 0 0 0 0 0 0 0 1
31.728 1 FBW_STATUS 0 45 1 0 0
31.733 1 NAVIGATION 0 1 0. 0. 8421.2 0. 0 0
31.746 1 ATTITUDE 0.11377 3.108887 0.216553
31.749 1 BAT -142 0 0 0 1 42 42 0
31.828 1 PONG 
31.846 1 ATTITUDE 0.095459 3.114258 0.22998
31.852 1 DESIRED -0.01 0.15 4.2 -80. -45. 815. 2.
31.855 1 IMU_MAG -0.63916 0.185059 -0.192383
31.946 1 ATTITUDE 0.080322 3.113281 0.269043
31.951 1 GPS 0 0 0 0 0 0 0 0 0 0 1
31.954 1 IMU_ACCEL 2.320312 0.580078 9.408203
31.980 1 NAVIGATION 0 1 0. 0. 8421.2 0. 0 0
32.046 1 ATTITUDE 0.088135 3.121338 0.383789
32.052 1 DESIRED -0.01 0.15 4.2 -80. -45. 815. 2.
32.054 1 ESTIMATOR 0. 0.
32.056 1 DOWNLINK 4 825 1563
32.146 1 ATTITUDE 0.093262 3.130371 0.489502
32.149 1 WP_MOVED 5 506402.3125 3566363.25 820. 12
32.198 1 GPS 0 0 0 0 0 0 0 0 0 0 1
32.231 1 NAVIGATION 0 1 0. 0. 8421.2 0. 0 0
32.246 1 ATTITUDE 0.084961 3.12793 0.532959
32.253 1 DESIRED -0.01 0.15 4.2 -80. -45. 815. 2.
32.255 1 IMU_GYRO -0.001953 -0.287109 -0.027588
32.318 1 WIND_INFO 1 42 0. 0. 0.
32.344 1 DOWNLINK_STATUS 36 29546 1324 0 803. 36. 2.84
32.346 1 ATTITUDE 0.084229 3.122314 0.538574
32.348 1 DL_VALUE 4 0.
32.446 1 ATTITUDE 0.081299 3.105225 0.498047
32.452 1 DESIRED -0.01 0.14 4.2 -80. -45. 815. 2.
32.457 1 GPS 0 0 0 0 0 0 0 0 0 0 1
32.460 1 GPS_SOL 0 0 0 0
32.480 1 NAVIGATION 0 1 0. 0. 8421.2 0. 0 0
32.546 1 ATTITUDE 0.077393 3.089111 0.450684
32.548 1 ESTIMATOR 0. 0.
32.550 1 CALIBRATION -4. 0
32.552 1 STATE_FILTER_STATUS 3 0
32.646 1 ATTITUDE 0.079834 3.07959 0.424072
32.652 1 DESIRED -0.01 0.14 4.2 -80. -45. 815. 2.
32.655 1 WP_MOVED 6 506374.40625 3566337.75 820. 12
32.659 1 NAVIGATION 0 1 0. 0. 8421.2 0. 0 0
32.698 1 GPS 0 0 0 0 0 0 0 0 0 0 1
32.730 1 NAVIGATION 0 1 0. 0. 8421.2 0. 0 0
32.746 1 ATTITUDE 0.075439 3.072021 0.348877
32.749 1 IMU_ACCEL 2.973633 0.767578 9.341797
32.846 1 ATTITUDE 0.074707 3.063477 0.321045
32.851 1 DESIRED -0.01 0.14 4.2 -80. -45. 815. 2.
32.855 1 IMU_GYRO 0.04248 0.425537 -0.014893
32.858 1 BAT -142 0 0 0 1 43 43 0
32.946 1 ATTITUDE 0.076904 3.059082 0.293457
32.951 1 GPS 0 0 0 0 0 0 0 0 0 0 1
32.980 1 NAVIGATION 0 1 0. 0. 8421.2 0. 0 0
33.046 1 ATTITUDE 0.078613 3.053467 0.272949
33.051 1 DESIRED -0.01 0.14 4.2 -80. -45. 815. 2.
33.054 1 ESTIMATOR 0. 0.
33.146 1 ATTITUDE 0.083496 3.047852 0.238281
33.149 1 WP_MOVED 7 506350.5 3566270.75 805. 12
33.152 1 IMU_MAG -0.65625 0.182129 -0.195312
33.198 1 GPS 0 0 0 0 0 0 0 0 0 0 1
33.231 1 NAVIGATION 0 1 0. 0. 8421.2 0. 0 0
33.246 1 ATTITUDE 0.087402 3.040039 0.19751
33.251 1 DESIRED -0.01 0.15 4.2 -80. -45. 815. 2.
33.344 1 DOWNLINK_STATUS 37 30348 1360 0 802. 36. 2.84
33.346 1 ATTITUDE 0.094727 3.034912 0.147949
33.349 1 ENERGY 0. 0. 0 0.
33.446 1 ATTITUDE 0.100098 3.031982 0.120361
33.451 1 DESIRED -0.01 0.15 4.2 -80. -45. 815. 2.
33.457 1 GPS 0 0 0 0 0 0 0 0 0 0 1
33.460 1 IMU_GYRO 0.02124 0.060547 0.000977
33.480 1 NAVIGATION 0 1 0. 0. 8421.2 0. 0 0
33.546 1 ATTITUDE 0.108398 3.026123 0.100586
33.548 1 ESTIMATOR 0. 0.
33.551 1 IMU_ACCEL 0.821289 1.151367 9.698242
33.646 1 ATTITUDE 0.109619 3.02124 0.094971
33.651 1 DESIRED -0.01 0.16 4.2 -80. -45. 815. 2.
33.655 1 WP_MOVED 8 506254.8125 3566257.5 815. 12
33.659 1 NAVIGATION 0 1 0. 0. 8421.2 0. 0 0
33.698 1 GPS 0 0 0 0 0 0 0 0 0 0 1
33.728 1 FBW_STATUS 0 45 1 0 0
33.734 1 NAVIGATION 0 1 0. 0. 8421.2 0. 0 0
33.746 1 ATTITUDE 0.113281 3.015869 0.091309
33.846 1 ATTITUDE 0.111572 3.01416 0.092285
33.851 1 DESIRED -0.01 0.16 4.2 -80. -45. 815. 2.
33.853 1 DL_VALUE 5 0.
33.946 1 ATTITUDE 0.113037 3.009521 0.087891
33.951 1 GPS 0 0 0 0 0 0 0 0 0 0 1
33.955 1 BAT -142 0 0 0 1 44 44 0
33.980 1 NAVIGATION 0 1 0. 0. 8421.2 0. 0 0
34.046 1 ATTITUDE 0.109619 3.008301 0.092773
34.051 1 DESIRED -0.01 0.16 4.2 -80. -45. 815. 2.
34.054 1 ESTIMATOR 0. 0.
34.057 1 IMU_GYRO 0.029785 -0.225586 0.036133
34.145 1 ATTITUDE 0.111328 3.002441 0.10498
34.149 1 WP_MOVED 9 506213.8125 3566287.5 815. 12
34.198 1 GPS 0 0 0 0 0 0 0 0 0 0 1
34.230 1 NAVIGATION 0 1 0. 0. 8421.2 0. 0 0
34.246 1 ATTITUDE 0.107422 3.001709 0.148438
34.251 1 DESIRED -0.01 0.16 4.2 -80. -45. 815. 2.
34.344 1 DOWNLINK_STATUS 38 31147 1395 0 799. 35. 2.84
34.345 1 ATTITUDE 0.104492 3.000732 0.154297
34.349 1 IMU_ACCEL 1.244141 1.045898 9.375
34.445 1 ATTITUDE 0.102539 2.998779 0.147705
34.451 1 DESIRED -0.01 0.15 4.2 -80. -45. 815. 2.
34.457 1 GPS 0 0 0 0 0 0 0 0 0 0 1
34.460 1 IMU_MAG -0.570312 0.16748 -0.204102
34.463 1 GPS_SOL 0 0 0 0
34.480 1 NAVIGATION 0 1 0. 0. 8421.2 0. 0 0
34.545 1 ATTITUDE 0.103516 2.99585 0.143066
34.548 1 ESTIMATOR 0. 0.
34.645 1 ATTITUDE 0.104004 2.992432 0.140869
34.651 1 DESIRED -0.01 0.15 4.2 -80. -45. 815. 2.
34.655 1 WP_MOVED 0 506377. 3566344. 757. 12
34.658 1 IMU_GYRO 0.008301 0.025391 0.047852
34.662 1 NAVIGATION 0 1 0. 0. 8421.2 0. 0 0
34.664 1 CALIBRATION -4. 0
34.698 1 GPS 0 0 0 0 0 0 0 0 0 0 1
34.730 1 NAVIGATION 0 1 0. 0. 8421.2 0. 0 0
34.745 1 ATTITUDE 0.106689 2.989014 0.138428
34.747 1 STATE_FILTER_STATUS 3 0
34.828 1 COMMANDS -142,-726,109,-28
34.845 1 ATTITUDE 0.103516 2.991455 0.136719
34.851 1 DESIRED -0.01 0.15 4.2 -80. -45. 815. 2.
34.928 1 ACTUATORS 1000,1482,1488,1499
34.945 1 ATTITUDE 0.096924 2.994141 0.136963
34.951 1 GPS 0 0 0 0 0 0 0 0 0 0 1
34.980 1 NAVIGATION 0 1 0. 0. 8421.2 0. 0 0
35.045 1 ATTITUDE 0.087158 2.991943 0.138672
35.051 1 DESIRED -0.01 0.15 4.2 -80. -45. 815. 2.
35.054 1 ESTIMATOR 0. 0.
35.057 1 BAT -142 0 0 0 1 45 45 0
35.145 1 ATTITUDE 0.085205 2.988037 0.140869
35.149 1 WP_MOVED 1 506335. 3566302. 765. 12
35.152 1 IMU_ACCEL 1.017578 0.90625 9.484375
35.198 1 GPS 0 0 0 0 0 0 0 0 0 0 1
35.234 1 NAVIGATION 0 1 0. 0. 8421.2 0. 0 0
35.245 1 ATTITUDE 0.087646 2.983887 0.146484
35.251 1 DESIRED -0.01 0.15 4.2 -80. -45. 815. 2.
35.254 1 IMU_GYRO -0.010498 0.018066 0.013672
35.345 1 ATTITUDE 0.090576 2.979492 0.145752
35.345 1 DOWNLINK_STATUS 39 32022 1435 0 875. 40. 2.84
35.347 1 DL_VALUE 6 100.
35.445 1 ATTITUDE 0.094727 2.975586 0.14502
35.451 1 DESIRED -0.01 0.15 4.2 -80. -45. 815. 2.
35.457 1 GPS 0 0 0 0 0 0 0 0 0 0 1
35.480 1 NAVIGATION 0 1 0. 0. 8421.2 0. 0 0
35.545 1 ATTITUDE 0.095703 2.973389 0.145264
35.548 1 ESTIMATOR 0. 0.
35.645 1 ATTITUDE 0.098877 2.972412 0.13623
35.651 1 DESIRED -0.01 0.15 4.2 -80. -45. 815. 2.
35.655 1 WP_MOVED 2 506254.8125 3566257.5 815. 12
35.659 1 NAVIGATION 0 1 0. 0. 8421.2 0. 0 0
35.698 1 GPS 0 0 0 0 0 0 0 0 0 0 1
35.728 1 FBW_STATUS 0 46 1 0 0
35.732 1 NAVIGATION 0 1 0. 0. 8421.2 0. 0 0
35.745 1 ATTITUDE 0.098877 2.9729 0.131104
35.748 1 IMU_MAG -0.558105 0.164551 -0.198242
35.845 1 ATTITUDE 0.100586 2.971436 0.115967
35.851 1 DESIRED -0.01 0.15 4.2 -80. -45. 815. 2.
35.854 1 IMU_GYRO 0.010498 0.226562 0.001953
35.858 1 ENERGY 0. 0. 0 0.
35.945 1 ATTITUDE 0.10083 2.970947 0.102295
35.951 1 GPS 0 0 0 0 0 0 0 0 0 0 1
35.954 1 IMU_ACCEL 0.59082 1.098633 9.683594
35.958 1 ALIVE 234,98,226,137,62,118,253,207,168,232,160,10,245,130,110,131
35.980 1 NAVIGATION 0 1 0. 0. 8421.2 0. 0 0
36.045 1 ATTITUDE 0.097412 2.970459 0.095703
36.051 1 DESIRED -0.01 0.15 4.2 -80. -45. 815. 2.
36.054 1 ESTIMATOR 0. 0.
36.056 1 PPRZ_MODE 1 3 3 0 0 21
36.145 1 ATTITUDE 0.095703 2.968262 0.094971
36.149 1 WP_MOVED 3 506350.5 3566257. 805. 12
36.152 1 BAT -142 0 0 0 1 46 46 0
36.198 1 GPS 0 0 0 0 0 0 0 0 0 0 1
36.230 1 NAVIGATION 0 1 0. 0. 8421.2 0. 0 0
36.245 1 ATTITUDE 0.097412 2.962646 0.075928
36.251 1 DESIRED -0.01 0.15 4.2 -80. -45. 815. 2.
36.345 1 ATTITUDE 0.099854 2.957275 0.050049
36.345 1 DOWNLINK_STATUS 40 32856 1472 0 834. 37. 2.84
36.348 1 NAVIGATION_REF 506335 3566302 12
36.445 1 ATTITUDE 0.102783 2.950928 0.03833
36.451 1 DESIRED -0.01 0.15 4.2 -80. -45. 815. 2.
36.457 1 GPS 0 0 0 0 0 0 0 0 0 0 1
36.460 1 IMU_GYRO -0.023193 0.162598 -0.005127
36.463 1 GPS_SOL 0 0 0 0
36.480 1 NAVIGATION 0 1 0. 0. 8421.2 0. 0 0
36.545 1 ATTITUDE 0.101074 2.949219 0.030762
36.548 1 ESTIMATOR 0. 0.
36.645 1 ATTITUDE 0.101807 2.945312 0.034912
36.651 1 DESIRED -0.01 0.15 4.2 -80. -45. 815. 2.
36.655 1 WP_MOVED 4 506374.40625 3566337.75 805. 12
36.659 1 NAVIGATION 0 1 0. 0. 8421.2 0. 0 0
36.698 1 GPS 0 0 0 0 0 0 0 0 0 0 1
36.730 1 NAVIGATION 0 1 0. 0. 8421.2 0. 0 0
36.745 1 ATTITUDE 0.102051 2.942627 0.037842
36.749 1 IMU_ACCEL 0.013672 1.161133 9.626953
36.750 1 CALIBRATION -4. 0
36.829 1 PONG 
36.845 1 ATTITUDE 0.100586 2.942383 0.037842
36.851 1 DESIRED -0.01 0.15 4.2 -80. -45. 815. 2.
36.853 1 DL_VALUE 7 1.
36.945 1 ATTITUDE 0.0979 2.943115 0.039307
36.951 1 GPS 0 0 0 0 0 0 0 0 0 0 1
36.953 1 STATE_FILTER_STATUS 3 0
36.980 1 NAVIGATION 0 1 0. 0. 8421.2 0. 0 0
37.045 1 ATTITUDE 0.093994 2.943115 0.040527
37.051 1 DESIRED -0.01 0.15 4.2 -80. -45. 815. 2.
37.054 1 ESTIMATOR 0. 0.
37.057 1 IMU_GYRO -0.089355 -0.012695 -0.043457
37.060 1 IMU_MAG -0.482422 0.17334 -0.198242
37.145 1 ATTITUDE 0.087891 2.940918 0.047363
37.149 1 WP_MOVED 5 506402.3125 3566363.25 820. 12
37.151 1 DOWNLINK 4 819 1752
37.198 1 GPS 0 0 0 0 0 0 0 0 0 0 1
37.230 1 NAVIGATION 0 1 0. 0. 8421.2 0. 0 0
37.247 1 ATTITUDE 0.087891 2.940674 0.057373
37.251 1 DESIRED -0.01 0.15 4.2 -80. -45. 815. 2.
37.255 1 BAT -142 0 0 0 1 47 47 0
37.345 1 ATTITUDE 0.093994 2.935547 0.057617
37.345 1 DOWNLINK_STATUS 41 33708 1512 0 852. 40. 2.78
37.445 1 ATTITUDE 0.098633 2.934814 0.057861
37.451 1 DESIRED -0.01 0.15 4.2 -80. -45. 815. 2.
37.457 1 GPS 0 0 0 0 0 0 0 0 0 0 1
37.480 1 NAVIGATION 0 1 0. 0. 8421.2 0. 0 0
37.545 1 ATTITUDE 0.10083 2.935547 0.053223
37.548 1 ESTIMATOR 0. 0.
37.551 1 IMU_ACCEL 0.345703 0.988281 9.792969
37.645 1 ATTITUDE 0.10498 2.929688 0.049561
37.651 1 DESIRED -0.01 0.15 4.2 -80. -45. 815. 2.
37.655 1 WP_MOVED 6 506374.40625 3566337.75 820. 12
37.658 1 IMU_GYRO 0.05957 0.123291 -0.016846
37.662 1 NAVIGATION 0 1 0. 0. 8421.2 0. 0 0
37.698 1 GPS 0 0 0 0 0 0 0 0 0 0 1
37.729 1 FBW_STATUS 0 46 1 0 0
37.732 1 NAVIGATION 0 1 0. 0. 8421.2 0. 0 0
37.745 1 ATTITUDE 0.111084 2.929199 0.043213
37.845 1 ATTITUDE 0.109619 2.924561 0.039551
37.851 1 DESIRED -0.01 0.16 4.2 -80. -45. 815. 2.
37.945 1 ATTITUDE 0.105469 2.925781 0.043457
37.951 1 GPS 0 0 0 0 0 0 0 0 0 0 1
37.980 1 NAVIGATION 0 1 0. 0. 8421.2 0. 0 0
38.045 1 ATTITUDE 0.107666 2.923584 0.039062
38.051 1 DESIRED -0.01 0.16 4.2 -80. -45. 815. 2.
38.054 1 ESTIMATOR 0. 0.
38.145 1 ATTITUDE 0.107178 2.918945 0.040039
38.149 1 WP_MOVED 7 506350.5 3566270.75 805. 12
38.198 1 GPS 0 0 0 0 0 0 0 0 0 0 1
38.231 1 NAVIGATION 0 1 0. 0. 8421.2 0. 0 0
38.245 1 ATTITUDE 0.108398 2.921387 0.039062
38.251 1 DESIRED -0.01 0.16 4.2 -80. -45. 815. 2.
38.254 1 IMU_GYRO -0.023193 0.070068 0.039307
38.345 1 ATTITUDE 0.10791 2.919922 0.037109
38.345 1 DOWNLINK_STATUS 42 34456 1544 0 748. 32. 2.78
38.348 1 IMU_ACCEL 0.143555 0.983398 9.574219
38.352 1 BAT -142 0 0 0 1 48 48 0
38.355 1 IMU_MAG -0.472656 0.15918 -0.198242
38.357 1 DL_VALUE 8 0.
38.360 1 ENERGY 0. 0. 0 0.
38.445 1 ATTITUDE 0.106934 2.918701 0.039307
38.451 1 DESIRED -0.01 0.16 4.2 -80. -45. 815. 2.
38.457 1 GPS 0 0 0 0 0 0 0 0 0 0 1
38.460 1 GPS_SOL 0 0 0 0
38.480 1 NAVIGATION 0 1 0. 0. 8421.2 0. 0 0
38.545 1 ATTITUDE 0.104248 2.919434 0.041992
38.548 1 ESTIMATOR 0. 0.
38.645 1 ATTITUDE 0.102295 2.92041 0.045654
38.651 1 DESIRED -0.01 0.15 4.2 -80. -45. 815. 2.
38.655 1 WP_MOVED 8 506254.8125 3566257.5 815. 12
38.659 1 NAVIGATION 0 1 0. 0. 8421.2 0. 0 0
38.698 1 GPS 0 0 0 0 0 0 0 0 0 0 1
38.730 1 NAVIGATION 0 1 0. 0. 8421.2 0. 0 0
38.747 1 ATTITUDE 0.103516 2.922607 0.047363
38.845 1 ATTITUDE 0.103516 2.917236 0.049072
38.851 1 DESIRED -0.01 0.15 4.2 -80. -45. 815. 2.
38.853 1 IMU_GYRO -0.008301 -0.063721 0.062744
38.856 1 CALIBRATION -4. 0
38.945 1 ATTITUDE 0.101074 2.916504 0.055908
38.951 1 GPS 0 0 0 0 0 0 0 0 0 0 1
38.980 1 NAVIGATION 0 1 0. 0. 8421.2 0. 0 0
39.045 1 ATTITUDE 0.099365 2.919434 0.053223
39.051 1 DESIRED -0.01 0.15 4.2 -80. -45. 815. 2.
39.054 1 ESTIMATOR 0. 0.
39.145 1 ATTITUDE 0.096924 2.919434 0.052734
39.149 1 WP_MOVED 9 506213.8125 3566287.5 815. 12
39.152 1 IMU_ACCEL -0.038086 0.935547 9.935547
39.153 1 STATE_FILTER_STATUS 3 0
39.198 1 GPS 0 0 0 0 0 0 0 0 0 0 1
39.230 1 NAVIGATION 0 1 0. 0. 8421.2 0. 0 0
39.245 1 ATTITUDE 0.093994 2.918701 0.054688
39.252 1 DESIRED -0.01 0.15 4.2 -80. -45. 815. 2.
39.345 1 ATTITUDE 0.087646 2.920654 0.057373
39.346 1 DOWNLINK_STATUS 43 35296 1582 0 840. 38. 2.78
39.445 1 ATTITUDE 0.085693 2.921875 0.057861
39.451 1 DESIRED -0.01 0.15 4.2 -80. -45. 815. 2.
39.457 1 GPS 0 0 0 0 0 0 0 0 0 0 1
39.460 1 IMU_GYRO 0.040283 -0.026367 0.029785
39.463 1 BAT -142 0 0 0 1 49 49 0
39.480 1 NAVIGATION 0 1 0. 0. 8421.2 0. 0 0
39.545 1 ATTITUDE 0.08374 2.920166 0.05542
39.548 1 ESTIMATOR 0. 0.
39.644 1 ATTITUDE 0.079346 2.919922 0.057861
39.651 1 DESIRED -0.01 0.14 4.2 -80. -45. 815. 2.
39.656 1 WP_MOVED 0 506377. 3566344. 757. 12
39.659 1 NAVIGATION 0 1 0. 0. 8421.2 0. 0 0
39.661 1 IMU_MAG -0.506836 0.208008 -0.175293
39.698 1 GPS 0 0 0 0 0 0 0 0 0 0 1
39.731 1 FBW_STATUS 0 46 1 0 0
39.732 1 NAVIGATION 0 1 0. 0. 8421.2 0. 0 0
39.745 1 ATTITUDE 0.065918 2.916504 0.052002
39.828 1 COMMANDS -142,-457,442,-28
39.845 1 ATTITUDE 0.0625 2.9104 0.057373
39.851 1 DESIRED -0.01 0.14 4.2 -80. -45. 815. 2.
39.853 1 DL_VALUE 9 1.
39.928 1 ACTUATORS 1000,1471,1507,1499
39.945 1 ATTITUDE 0.065918 2.906982 0.054443
39.951 1 GPS 0 0 0 0 0 0 0 0 0 0 1
39.954 1 IMU_ACCEL 0.436523 0.662109 9.469727
39.980 1 NAVIGATION 0 1 0. 0. 8421.2 0. 0 0
40.045 1 ATTITUDE 0.062012 2.903809 0.054199
40.050 1 DESIRED -0.01 0.14 4.2 -80. -45. 815. 2.
40.053 1 ESTIMATOR 0. 0.
40.056 1 IMU_GYRO -0.006348 -0.052002 -0.00415
40.145 1 ATTITUDE 0.063721 2.901855 0.053223
40.148 1 WP_MOVED 1 506335. 3566302. 765. 12
40.198 1 GPS 0 0 0 0 0 0 0 0 0 0 1
40.235 1 NAVIGATION 0 1 0. 0. 8421.2 0. 0 0
40.245 1 ATTITUDE 0.062012 2.897949 0.053223
40.251 1 DESIRED -0.01 0.14 4.2 -80. -45. 815. 2.
40.345 1 ATTITUDE 0.062988 2.895996 0.050537
40.346 1 DOWNLINK_STATUS 44 36123 1619 0 827. 37. 2.78
40.445 1 ATTITUDE 0.062744 2.891113 0.049805
40.451 1 DESIRED -0.01 0.14 4.2 -80. -45. 815. 2.
40.457 1 GPS 0 0 0 0 0 0 0 0 0 0 1
40.460 1 GPS_SOL 0 0 0 0
40.480 1 NAVIGATION 0 1 0. 0. 8421.2 0. 0 0
40.544 1 ATTITUDE 0.062256 2.889404 0.049805
40.548 1 ESTIMATOR 0. 0.
40.551 1 BAT -142 0 0 0 1 50 50 0
40.645 1 ATTITUDE 0.062744 2.887207 0.049805
40.651 1 DESIRED -0.01 0.14 4.2 -80. -45. 815. 2.
40.654 1 WP_MOVED 2 506254.8125 3566257.5 815. 12
40.658 1 IMU_GYRO -0.006348 0.052979 -0.009521
40.662 1 NAVIGATION 0 1 0. 0. 8421.2 0. 0 0
40.698 1 GPS 0 0 0 0 0 0 0 0 0 0 1
40.733 1 NAVIGATION 0 1 0. 0. 8421.2 0. 0 0
40.745 1 ATTITUDE 0.063965 2.886719 0.04541
40.748 1 IMU_ACCEL 0.02832 0.517578 9.707031
40.845 1 ATTITUDE 0.063721 2.883057 0.043213
40.851 1 DESIRED -0.01 0.14 4.2 -80. -45. 815. 2.
40.854 1 ENERGY 0. 0. 0 0.
40.945 1 ATTITUDE 0.064209 2.881836 0.044434
40.951 1 GPS 0 0 0 0 0 0 0 0 0 0 1
40.954 1 IMU_MAG -0.506836 0.213867 -0.166504
40.956 1 CALIBRATION -4. 0
40.960 1 ALIVE 234,98,226,137,62,118,253,207,168,232,160,10,245,130,110,131
40.980 1 NAVIGATION 0 1 0. 0. 8421.2 0. 0 0
41.045 1 ATTITUDE 0.063232 2.879639 0.043701
41.051 1 DESIRED -0.01 0.14 4.2 -80. -45. 815. 2.
41.053 1 ESTIMATOR 0. 0.
41.055 1 PPRZ_MODE 1 3 3 0 0 21
41.145 1 ATTITUDE 0.062744 2.880371 0.043213
41.149 1 WP_MOVED 3 506350.5 3566257. 805. 12
41.198 1 GPS 0 0 0 0 0 0 0 0 0 0 1
41.233 1 NAVIGATION 0 1 0. 0. 8421.2 0. 0 0
41.244 1 ATTITUDE 0.062988 2.880127 0.04126
41.251 1 DESIRED -0.01 0.14 4.2 -80. -45. 815. 2.
41.254 1 IMU_GYRO 0.02124 0.041504 0.047852
41.345 1 ATTITUDE 0.061035 2.878418 0.040283
41.346 1 DL_VALUE 10 0.
41.347 1 DOWNLINK_STATUS 45 36989 1658 0 866. 39. 2.78
41.348 1 STATE_FILTER_STATUS 3 0
41.445 1 ATTITUDE 0.060547 2.878418 0.044434
41.451 1 DESIRED -0.01 0.14 4.2 -80. -45. 815. 2.
41.457 1 GPS 0 0 0 0 0 0 0 0 0 0 1
41.480 1 NAVIGATION 0 1 0. 0. 8421.2 0. 0 0
41.545 1 ATTITUDE 0.058594 2.878906 0.042969
41.547 1 ESTIMATOR 0. 0.
41.551 1 IMU_ACCEL 0.095703 0.614258 9.494141
41.645 1 ATTITUDE 0.05835 2.875244 0.04126
41.651 1 DESIRED -0.01 0.13 4.2 -80. -45. 815. 2.
41.654 1 WP_MOVED 4 506374.40625 3566337.75 805. 12
41.659 1 NAVIGATION 0 1 0. 0. 8421.2 0. 0 0
41.662 1 BAT -142 0 0 0 1 51 51 0
41.698 1 GPS 0 0 0 0 0 0 0 0 0 0 1
41.734 1 FBW_STATUS 0 46 1 0 0
41.735 1 NAVIGATION 0 1 0. 0. 8421.2 0. 0 0
41.745 1 ATTITUDE 0.062256 2.869873 0.037354
41.830 1 PONG 
41.845 1 ATTITUDE 0.064209 2.864258 0.037842
41.851 1 DESIRED -0.01 0.14 4.2 -80. -45. 815. 2.
41.854 1 IMU_GYRO 0.04248 -0.012695 0.062744
41.945 1 ATTITUDE 0.068115 2.860596 0.041016
41.951 1 GPS 0 0 0 0 0 0 0 0 0 0 1
41.980 1 NAVIGATION 0 1 0. 0. 8421.2 0. 0 0
42.054 1 ATTITUDE 0.068848 2.859131 0.04126
42.054 1 DESIRED -0.01 0.14 4.2 -80. -45. 815. 2.
42.054 1 ESTIMATOR 0. 0.
42.318 1 WIND_INFO 1 42 0. 0. 0.
