5.199 1 GPS 0 0 0 0 0 0 0 0 0 0 1
5.231 1 NAVIGATION 0 1 0. 0. 8421.2 0. 0 0
5.246 1 ATTITUDE 0. 0. 0.
5.252 1 DESIRED -0. 0.11 4.2 -80. -45. 815. 2.
5.254 1 DOWNLINK 0 259 63
5.346 1 ATTITUDE 0. 0. 0.
5.349 1 NAVIGATION_REF 506335 3566302 12
5.446 1 ATTITUDE 0. 0. 0.
5.452 1 DESIRED -0. 0.11 4.2 -80. -45. 815. 2.
5.458 1 GPS 0 0 0 0 0 0 0 0 0 0 1
5.461 1 IMU_GYRO -0.00415 0.006348 0.026367
5.481 1 NAVIGATION 0 1 0. 0. 8421.2 0. 0 0
5.546 1 ATTITUDE 0. 0. 0.
5.549 1 ESTIMATOR 0. 0.
5.552 1 IMU_MAG -0.208008 0.303711 0.02002
5.647 1 ATTITUDE 0. 0. 0.
5.653 1 DESIRED -0. 0.11 4.2 -80. -45. 815. 2.
5.657 1 WP_MOVED 4 506374.40625 3566337.75 805. 12
5.660 1 NAVIGATION 0 1 0. 0. 8421.2 0. 0 0
5.699 1 GPS 0 0 0 0 0 0 0 0 0 0 1
5.731 1 NAVIGATION 0 1 0. 0. 8421.2 0. 0 0
5.734 1 FBW_STATUS 0 45 1 0 0
5.746 1 ATTITUDE 0. 0. 0.
5.846 1 ATTITUDE 0. 0. 0.
5.852 1 DESIRED -0. 0.11 4.2 -80. -45. 815. 2.
5.854 1 DL_VALUE 1 0.
5.946 1 ATTITUDE 0. 0. 0.
5.952 1 GPS 0 0 0 0 0 0 0 0 0 0 1
5.955 1 IMU_ACCEL -3.43457 -0.181641 9.12793
5.981 1 NAVIGATION 0 1 0. 0. 8421.2 0. 0 0
6.046 1 ATTITUDE 0. 0. 0.
6.052 1 DESIRED -0. 0.11 4.2 -80. -45. 815. 2.
6.055 1 ESTIMATOR 0. 0.
6.058 1 IMU_GYRO -0.00415 0.005127 0.007324
6.113 1 DOWNLINK_STATUS 7 1979 92 0 821. 37. 2.73
6.146 1 ATTITUDE 0. 0. 0.
6.150 1 WP_MOVED 5 506402.3125 3566363.25 820. 12
6.153 1 BAT -128 0 0 0 0 2 2 0
6.199 1 GPS 0 0 0 0 0 0 0 0 0 0 1
6.231 1 NAVIGATION 0 1 0. 0. 8421.2 0. 0 0
6.246 1 ATTITUDE 0. 0. 0.
6.252 1 DESIRED -0. 0.11 4.2 -80. -45. 815. 2.
6.346 1 ATTITUDE 0. 0. 0.
6.446 1 ATTITUDE 0. 0. 0.
6.452 1 DESIRED -0. 0.11 4.2 -80. -45. 815. 2.
6.458 1 GPS 0 0 0 0 0 0 0 0 0 0 1
6.461 1 GPS_SOL 0 0 0 0
6.481 1 NAVIGATION 0 1 0. 0. 8421.2 0. 0 0
6.546 1 ATTITUDE 0. 0. 0.
6.549 1 ESTIMATOR 0. 0.
6.646 1 ATTITUDE 0. 0. 0.
6.652 1 DESIRED -0. 0.11 4.2 -80. -45. 815. 2.
6.656 1 WP_MOVED 6 506374.40625 3566337.75 820. 12
6.659 1 IMU_GYRO -0.029785 -0.02002 0.028564
6.663 1 NAVIGATION 0 1 0. 0. 8421.2 0. 0 0
6.665 1 CALIBRATION 0. 0
6.699 1 GPS 0 0 0 0 0 0 0 0 0 0 1
6.731 1 NAVIGATION 0 1 0. 0. 8421.2 0. 0 0
6.746 1 ATTITUDE 0. 0. 0.
6.749 1 IMU_ACCEL -3.410156 -0.176758 9.185547
6.846 1 ATTITUDE 0. 0. 0.
6.852 1 DESIRED -0. 0.11 4.2 -80. -45. 815. 2.
6.855 1 IMU_MAG -0.210449 0.291992 0.01123
6.946 1 ATTITUDE 0. 0. 0.
6.952 1 GPS 0 0 0 0 0 0 0 0 0 0 1
6.954 1 STATE_FILTER_STATUS 2 0
6.981 1 NAVIGATION 0 1 0. 0. 8421.2 0. 0 0
6.983 1 DEBUG 0,0,0,0,0,0
7.046 1 ATTITUDE 0. 0. 0.
7.052 1 DESIRED -0. 0.11 4.2 -80. -45. 815. 2.
7.055 1 ESTIMATOR 0. 0.
7.115 1 DOWNLINK_STATUS 8 2783 128 0 804. 36. 2.73
7.146 1 ATTITUDE 0. 0. 0.
7.150 1 WP_MOVED 7 506350.5 3566270.75 805. 12
7.199 1 GPS 0 0 0 0 0 0 0 0 0 0 1
7.231 1 NAVIGATION 0 1 0. 0. 8421.2 0. 0 0
7.246 1 ATTITUDE 0. 0. 0.
7.252 1 DESIRED -0. 0.11 4.2 -80. -45. 815. 2.
7.255 1 IMU_GYRO -0.00415 -0.003174 0.009521
7.259 1 BAT -128 0 0 0 0 3 3 0
7.346 1 ATTITUDE 0. 0. 0.
7.348 1 DL_VALUE 2 815.
7.352 1 ENERGY 0. 0. 0 0.
7.446 1 ATTITUDE 0. 0. 0.
7.452 1 DESIRED -0. 0.11 4.2 -80. -45. 815. 2.
7.458 1 GPS 0 0 0 0 0 0 0 0 0 0 1
7.481 1 NAVIGATION 0 1 0. 0. 8421.2 0. 0 0
7.546 1 ATTITUDE 0. 0. 0.
7.549 1 ESTIMATOR 0. 0.
7.552 1 IMU_ACCEL -3.419922 -0.225586 9.137695
7.646 1 ATTITUDE 0. 0. 0.
7.652 1 DESIRED -0. 0.11 4.2 -80. -45. 815. 2.
7.656 1 WP_MOVED 8 506254.8125 3566257.5 815. 12
7.660 1 NAVIGATION 0 1 0. 0. 8421.2 0. 0 0
7.699 1 GPS 0 0 0 0 0 0 0 0 0 0 1
7.729 1 FBW_STATUS 0 45 1 0 0
7.733 1 NAVIGATION 0 1 0. 0. 8421.2 0. 0 0
7.746 1 ATTITUDE 0. 0. 0.
7.846 1 ATTITUDE 0. 0. 0.
7.852 1 DESIRED -0. 0.11 4.2 -80. -45. 815. 2.
7.860 1 IMU_GYRO -0.008301 -0.007324 0.02002
7.946 1 ATTITUDE 0. 0. 0.
7.952 1 GPS 0 0 0 0 0 0 0 0 0 0 1
7.981 1 NAVIGATION 0 1 0. 0. 8421.2 0. 0 0
8.046 1 ATTITUDE 0. 0. 0.
8.052 1 DESIRED -0. 0.11 4.2 -80. -45. 815. 2.
8.055 1 ESTIMATOR 0. 0.
8.116 1 DOWNLINK_STATUS 9 3582 163 0 799. 35. 2.73
8.146 1 ATTITUDE 0. 0. 0.
8.150 1 WP_MOVED 9 506213.8125 3566287.5 815. 12
8.153 1 IMU_MAG -0.205566 0.303711 0.01709
8.201 1 GPS 0 0 0 0 0 0 0 0 0 0 1
8.231 1 NAVIGATION 0 1 0. 0. 8421.2 0. 0 0
8.246 1 ATTITUDE 0. 0. 0.
8.252 1 DESIRED -0. 0.11 4.2 -80. -45. 815. 2.
8.346 1 ATTITUDE 0. 0. 0.
8.349 1 IMU_ACCEL -3.511719 -0.239258 9.12793
8.353 1 BAT -128 0 0 0 0 4 4 0
8.446 1 ATTITUDE 0. 0. 0.
8.452 1 DESIRED -0. 0.11 4.2 -80. -45. 815. 2.
8.458 1 GPS 0 0 0 0 0 0 0 0 0 0 1
8.461 1 IMU_GYRO -0.010498 -0.007324 0.019043
8.464 1 GPS_SOL 0 0 0 0
8.483 1 NAVIGATION 0 1 0. 0. 8421.2 0. 0 0
8.546 1 ATTITUDE 0. 0. 0.
8.549 1 ESTIMATOR 0. 0.
8.646 1 ATTITUDE 0. 0. 0.
8.652 1 DESIRED -0. 0.11 4.2 -80. -45. 815. 2.
8.656 1 WP_MOVED 0 506377. 3566344. 757. 12
8.660 1 NAVIGATION 0 1 0. 0. 8421.2 0. 0 0
8.699 1 GPS 0 0 0 0 0 0 0 0 0 0 1
8.731 1 NAVIGATION 0 1 0. 0. 8421.2 0. 0 0
8.746 1 ATTITUDE 0. 0. 0.
8.748 1 CALIBRATION 0. 0
8.829 1 COMMANDS -128,-16,587,0
8.846 1 ATTITUDE 0. 0. 0.
8.852 1 DESIRED -0. 0.11 4.2 -80. -45. 815. 2.
8.854 1 DL_VALUE 3 0.
8.929 1 ACTUATORS 1000,1476,1524,1500
8.946 1 ATTITUDE 0. 0. 0.
8.952 1 GPS 0 0 0 0 0 0 0 0 0 0 1
8.981 1 NAVIGATION 0 1 0. 0. 8421.2 0. 0 0
9.046 1 ATTITUDE 0. 0. 0.
9.052 1 DESIRED -0. 0.11 4.2 -80. -45. 815. 2.
9.054 1 ESTIMATOR 0. 0.
9.058 1 IMU_GYRO -0.00415 0.005127 0.018066
9.117 1 DOWNLINK_STATUS 10 4423 201 0 841. 38. 2.73
9.146 1 ATTITUDE 0. 0. 0.
9.150 1 WP_MOVED 1 506335. 3566302. 765. 12
9.153 1 IMU_ACCEL -3.525391 -0.27832 9.076172
9.154 1 STATE_FILTER_STATUS 2 0
9.199 1 GPS 0 0 0 0 0 0 0 0 0 0 1
9.231 1 NAVIGATION 0 1 0. 0. 8421.2 0. 0 0
9.246 1 ATTITUDE 0. 0. 0.
9.252 1 DESIRED -0. 0.11 4.2 -80. -45. 815. 2.
9.346 1 ATTITUDE 0. 0. 0.
9.446 1 ATTITUDE 0. 0. 0.
9.452 1 DESIRED -0. 0.11 4.2 -80. -45. 815. 2.
9.458 1 GPS 0 0 0 0 0 0 0 0 0 0 1
9.461 1 BAT -128 0 0 0 1 5 5 0
9.464 1 IMU_MAG -0.208008 0.297852 0.022949
9.481 1 NAVIGATION 0 1 0. 0. 8421.2 0. 0 0
9.546 1 ATTITUDE 0. 0. 0.
9.549 1 ESTIMATOR 0. 0.
9.612 1 PONG 
9.646 1 ATTITUDE 0. 0. 0.
9.652 1 DESIRED -0. 0.11 4.2 -80. -45. 815. 2.
9.655 1 WP_MOVED 2 506254.8125 3566257.5 815. 12
9.659 1 IMU_GYRO -0.014893 -0.009521 0.019043
9.663 1 NAVIGATION 0 1 0. 0. 8421.2 0. 0 0
9.699 1 GPS 0 0 0 0 0 0 0 0 0 0 1
9.731 1 DEBUG 0,0,0,0,0,0,0,0,0,0,0,0,0,0,0,0,0
9.733 1 FBW_STATUS 0 45 1 0 0
9.740 1 NAVIGATION 0 1 0. 0. 8421.2 0. 0 0
9.746 1 ATTITUDE 0. 0. 0.
9.846 1 ATTITUDE 0.027588 -0.83252 -0.157471
9.852 1 DESIRED -0. 0.12 4.2 -80. -45. 815. 2.
9.855 1 ENERGY 0. 0. 0 0.
9.946 1 ATTITUDE 0.027344 -0.831787 -0.159668
9.953 1 GPS 0 0 0 0 0 0 0 0 0 0 1
9.955 1 IMU_ACCEL -3.001953 -0.339844 8.416016
9.959 1 ALIVE 143,86,90,104,100,104,161,138,71,248,225,136,122,232,123,55
9.981 1 NAVIGATION 0 1 0. 0. 8421.2 0. 0 0
10.046 1 ATTITUDE 0.0271 -0.832031 -0.162109
10.052 1 DESIRED -0. 0.12 4.2 -80. -45. 815. 2.
10.054 1 ESTIMATOR 0. 0.
10.056 1 PPRZ_MODE 1 3 3 0 0 21
10.118 1 DOWNLINK_STATUS 11 5303 241 0 880. 40. 2.66
10.146 1 ATTITUDE 0.028076 -0.832764 -0.163086
10.149 1 WP_MOVED 3 506350.5 3566257. 805. 12
10.199 1 GPS 0 0 0 0 0 0 0 0 0 0 1
10.231 1 NAVIGATION 0 1 0. 0. 8421.2 0. 0 0
10.246 1 ATTITUDE 0.026855 -0.831787 -0.1604
10.252 1 DESIRED -0. 0.12 4.2 -80. -45. 815. 2.
10.255 1 IMU_GYRO -0.014893 -0.028564 0.027588
10.346 1 ATTITUDE 0.026855 -0.831543 -0.1604
10.348 1 DL_VALUE 4 0.
10.350 1 DOWNLINK 0 818 251
10.446 1 ATTITUDE 0.027588 -0.832764 -0.161377
10.452 1 DESIRED -0. 0.12 4.2 -80. -45. 815. 2.
10.458 1 GPS 0 0 0 0 0 0 0 0 0 0 1
10.461 1 GPS_SOL 0 0 0 0
10.481 1 NAVIGATION 0 1 0. 0. 8421.2 0. 0 0
10.546 1 ATTITUDE 0.0271 -0.831787 -0.160889
10.548 1 ESTIMATOR 0. 0.
10.552 1 BAT -128 0 0 0 1 6 6 0
10.646 1 ATTITUDE 0.027344 -0.832275 -0.160645
10.652 1 DESIRED -0. 0.12 4.2 -80. -45. 815. 2.
10.655 1 WP_MOVED 4 506374.40625 3566337.75 805. 12
10.660 1 NAVIGATION 0 1 0. 0. 8421.2 0. 0 0
10.699 1 GPS 0 0 0 0 0 0 0 0 0 0 1
10.731 1 NAVIGATION 0 1 0. 0. 8421.2 0. 0 0
10.746 1 ATTITUDE 0.027832 -0.833008 -0.161621
10.749 1 IMU_ACCEL -3.261719 -0.273438 9.21875
10.752 1 IMU_MAG -0.208008 0.297852 0.01709
10.846 1 ATTITUDE 0.027344 -0.831787 -0.160889
10.852 1 DESIRED -0. 0.12 4.2 -80. -45. 815. 2.
10.855 1 IMU_GYRO 0. 0.010498 0.00415
10.857 1 CALIBRATION 0. 0
10.946 1 ATTITUDE 0.027344 -0.832275 -0.160156
10.952 1 GPS 0 0 0 0 0 0 0 0 0 0 1
10.981 1 NAVIGATION 0 1 0. 0. 8421.2 0. 0 0
11.046 1 ATTITUDE 0.027832 -0.832764 -0.161621
11.052 1 DESIRED -0. 0.12 4.2 -80. -45. 815. 2.
11.054 1 ESTIMATOR 0. 0.
11.118 1 DOWNLINK_STATUS 12 6125 278 0 822. 37. 2.66
11.146 1 ATTITUDE 0.027344 -0.832031 -0.160889
11.149 1 WP_MOVED 5 506402.3125 3566363.25 820. 12
11.201 1 GPS 0 0 0 0 0 0 0 0 0 0 1
11.231 1 NAVIGATION 0 1 0. 0. 8421.2 0. 0 0
11.246 1 ATTITUDE 0.027588 -0.832275 -0.160645
11.252 1 DESIRED -0. 0.12 4.2 -80. -45. 815. 2.
11.346 1 ATTITUDE 0.027832 -0.832031 -0.161865
11.348 1 STATE_FILTER_STATUS 3 0
11.446 1 ATTITUDE 0.027344 -0.831055 -0.1604
11.452 1 DESIRED -0. 0.12 4.2 -80. -45. 815. 2.
11.458 1 GPS 0 0 0 0 0 0 0 0 0 0 1
11.461 1 IMU_GYRO -0.008301 -0.000977 0.008301
11.481 1 NAVIGATION 0 1 0. 0. 8421.2 0. 0 0
11.546 1 ATTITUDE 0.027588 -0.831299 -0.161133
11.548 1 ESTIMATOR 0. 0.
11.553 1 IMU_ACCEL -3.381836 -0.253906 9.189453
11.646 1 ATTITUDE 0.027832 -0.831543 -0.162109
11.652 1 DESIRED -0. 0.12 4.2 -80. -45. 815. 2.
11.655 1 WP_MOVED 6 506374.40625 3566337.75 820. 12
11.660 1 NAVIGATION 0 1 0. 0. 8421.2 0. 0 0
11.663 1 BAT -128 0 0 0 1 7 7 0
11.699 1 GPS 0 0 0 0 0 0 0 0 0 0 1
11.732 1 FBW_STATUS 0 46 1 0 0
11.733 1 NAVIGATION 0 1 0. 0. 8421.2 0. 0 0
11.746 1 ATTITUDE 0.027344 -0.830322 -0.1604
11.846 1 ATTITUDE 0.027832 -0.830811 -0.161133
11.852 1 DESIRED -0. 0.12 4.2 -80. -45. 815. 2.
11.854 1 DL_VALUE 5 0.
11.946 1 ATTITUDE 0.027832 -0.831543 -0.162109
11.952 1 GPS 0 0 0 0 0 0 0 0 0 0 1
11.981 1 NAVIGATION 0 1 0. 0. 8421.2 0. 0 0
12.046 1 ATTITUDE 0.027832 -0.830811 -0.161133
12.052 1 DESIRED -0. 0.12 4.2 -80. -45. 815. 2.
12.054 1 ESTIMATOR 0. 0.
12.057 1 IMU_GYRO -0.014893 0. 0.019043
12.061 1 IMU_MAG -0.212891 0.30957 0.01123
12.120 1 DOWNLINK_STATUS 13 6931 314 0 806. 36. 2.66
12.146 1 ATTITUDE 0.028076 -0.831543 -0.161377
12.149 1 WP_MOVED 7 506350.5 3566270.75 805. 12
12.201 1 GPS 0 0 0 0 0 0 0 0 0 0 1
12.231 1 NAVIGATION 0 1 0. 0. 8421.2 0. 0 0
12.246 1 ATTITUDE 0.027832 -0.831543 -0.161133
12.256 1 DESIRED -0. 0.12 4.2 -80. -45. 815. 2.
12.346 1 ATTITUDE 0.027832 -0.831299 -0.160645
12.349 1 IMU_ACCEL -3.511719 -0.253906 9.038086
12.359 1 ENERGY 0. 0. 0 0.
12.446 1 ATTITUDE 0.028564 -0.832275 -0.16333
12.452 1 DESIRED -0. 0.12 4.2 -80. -45. 815. 2.
12.465 1 GPS 0 0 0 0 0 0 0 0 0 0 1
12.466 1 GPS_SOL 0 0 0 0
12.481 1 NAVIGATION 0 1 0. 0. 8421.2 0. 0 0
12.546 1 ATTITUDE 0.027832 -0.831543 -0.161865
12.548 1 ESTIMATOR 0. 0.
12.646 1 ATTITUDE 0.0271 -0.830322 -0.159424
12.652 1 DESIRED -0. 0.12 4.2 -80. -45. 815. 2.
12.655 1 WP_MOVED 8 506254.8125 3566257.5 815. 12
12.658 1 IMU_GYRO -0.025391 -0.063721 0.028564
12.663 1 NAVIGATION 0 1 0. 0. 8421.2 0. 0 0
12.702 1 GPS 0 0 0 0 0 0 0 0 0 0 1
12.731 1 NAVIGATION 0 1 0. 0. 8421.2 0. 0 0
12.746 1 ATTITUDE 0.027588 -0.831543 -0.160889
12.749 1 BAT -128 0 0 0 1 9 9 0
12.846 1 ATTITUDE 0.027344 -0.830566 -0.1604
12.852 1 DESIRED -0. 0.12 4.2 -80. -45. 815. 2.
12.946 1 ATTITUDE 0.027588 -0.831055 -0.160889
12.952 1 GPS 0 0 0 0 0 0 0 0 0 0 1
12.954 1 CALIBRATION 0. 0
12.981 1 NAVIGATION 0 1 0. 0. 8421.2 0. 0 0
13.046 1 ATTITUDE 0.02832 -0.831787 -0.163818
13.052 1 DESIRED -0. 0.12 4.2 -80. -45. 815. 2.
13.054 1 ESTIMATOR 0. 0.
13.121 1 DOWNLINK_STATUS 14 7715 348 0 784. 34. 2.66
13.146 1 ATTITUDE 0.028076 -0.831055 -0.162842
13.149 1 WP_MOVED 9 506213.8125 3566287.5 815. 12
13.152 1 IMU_ACCEL -3.405273 -0.21582 9.303711
13.200 1 GPS 0 0 0 0 0 0 0 0 0 0 1
13.231 1 NAVIGATION 0 1 0. 0. 8421.2 0. 0 0
13.246 1 ATTITUDE 0.02832 -0.831299 -0.163574
13.252 1 DESIRED -0. 0.12 4.2 -80. -45. 815. 2.
13.255 1 IMU_GYRO -0.031738 -0.04248 0.02002
13.346 1 ATTITUDE 0.028564 -0.831055 -0.164307
13.349 1 IMU_MAG -0.220215 0.306641 0.022949
13.351 1 DL_VALUE 6 100.
13.446 1 ATTITUDE 0.02832 -0.830322 -0.163086
13.452 1 DESIRED -0. 0.12 4.2 -80. -45. 815. 2.
13.457 1 GPS 0 0 0 0 0 0 0 0 0 0 1
13.481 1 NAVIGATION 0 1 0. 0. 8421.2 0. 0 0
13.546 1 ATTITUDE 0.024414 -0.829346 -0.161621
13.548 1 ESTIMATOR 0. 0.
13.550 1 STATE_FILTER_STATUS 3 0
13.646 1 ATTITUDE 0.024902 -0.827393 -0.184082
13.652 1 DESIRED -0. 0.12 4.2 -80. -45. 815. 2.
13.655 1 WP_MOVED 0 506377. 3566344. 757. 12
13.660 1 NAVIGATION 0 1 0. 0. 8421.2 0. 0 0
13.703 1 GPS 0 0 0 0 0 0 0 0 0 0 1
13.728 1 FBW_STATUS 0 46 1 0 0
13.733 1 NAVIGATION 0 1 0. 0. 8421.2 0. 0 0
13.746 1 ATTITUDE 0.032715 -0.836182 -0.205811
13.829 1 COMMANDS -128,-134,1782,0
13.846 1 ATTITUDE 0.016113 -0.817383 -0.210205
13.852 1 DESIRED -0. 0.11 4.2 -80. -45. 815. 2.
13.855 1 IMU_GYRO -0.036133 -0.023193 0.147705
13.858 1 BAT -128 0 0 0 1 10 10 0
13.931 1 ACTUATORS 1000,1412,1576,1500
13.946 1 ATTITUDE 0.0354 -0.834961 -0.23877
13.952 1 GPS 0 0 0 0 0 0 0 0 0 0 1
13.955 1 IMU_ACCEL -2.708984 -0.15332 9.541016
13.981 1 NAVIGATION 0 1 0. 0. 8421.2 0. 0 0
14.046 1 ATTITUDE 0.038086 -0.827148 -0.255127
14.052 1 DESIRED -0. 0.12 4.2 -80. -45. 815. 2.
14.054 1 ESTIMATOR 0. 0.
14.121 1 DOWNLINK_STATUS 15 8569 387 0 854. 39. 2.66
14.146 1 ATTITUDE 0.044678 -0.819824 -0.279297
14.149 1 WP_MOVED 1 506335. 3566302. 765. 12
14.203 1 GPS 0 0 0 0 0 0 0 0 0 0 1
14.231 1 NAVIGATION 0 1 0. 0. 8421.2 0. 0 0
14.247 1 ATTITUDE 0.038574 -0.820557 -0.284424
14.252 1 DESIRED -0. 0.12 4.2 -80. -45. 815. 2.
14.346 1 ATTITUDE 0.04541 -0.81543 -0.291748
14.348 1 NAVIGATION_REF 506335 3566302 12
14.446 1 ATTITUDE 0.044189 -0.813965 -0.275391
14.452 1 DESIRED -0. 0.13 4.2 -80. -45. 815. 2.
14.457 1 GPS 0 0 0 0 0 0 0 0 0 0 1
14.461 1 IMU_GYRO 0.135986 0.162598 0.187256
14.463 1 GPS_SOL 0 0 0 0
14.481 1 NAVIGATION 0 1 0. 0. 8421.2 0. 0 0
14.546 1 ATTITUDE 0.02417 -0.802246 -0.273438
14.548 1 ESTIMATOR 0. 0.
14.613 1 PONG 
14.646 1 ATTITUDE 0.017822 -0.794189 -0.284424
14.652 1 DESIRED -0. 0.11 4.2 -80. -45. 815. 2.
14.655 1 WP_MOVED 2 506254.8125 3566257.5 815. 12
14.660 1 NAVIGATION 0 1 0. 0. 8421.2 0. 0 0
14.663 1 IMU_MAG -0.291016 0.280273 -0.02002
14.698 1 GPS 0 0 0 0 0 0 0 0 0 0 1
14.732 1 NAVIGATION 0 1 0. 0. 8421.2 0. 0 0
14.746 1 ATTITUDE 0.000732 -0.784912 -0.275635
14.749 1 IMU_ACCEL -2.320312 -0.138672 9.973633
14.846 1 ATTITUDE -0.058594 -0.74707 -0.277832
14.852 1 DESIRED -0. 0.13 4.2 -80. -45. 815. 2.
14.854 1 DL_VALUE 7 1.
14.857 1 ENERGY 0. 0. 0 0.
14.946 1 ATTITUDE -0.146729 -0.696533 -0.273438
14.951 1 GPS 0 0 0 0 0 0 0 0 0 0 1
14.955 1 BAT -128 0 0 0 1 11 11 0
14.959 1 ALIVE 143,86,90,104,100,104,161,138,71,248,225,136,122,232,123,55
14.981 1 NAVIGATION 0 1 0. 0. 8421.2 0. 0 0
15.046 1 ATTITUDE -0.237305 -0.650146 -0.259277
15.052 1 DESIRED -0. 0.21 4.2 -80. -45. 815. 2.
15.054 1 ESTIMATOR 0. 0.
15.057 1 IMU_GYRO 0.781006 0.159424 0.038086
15.059 1 CALIBRATION 0. 0
15.061 1 PPRZ_MODE 1 3 3 0 0 21
15.122 1 DOWNLINK_STATUS 16 9456 428 0 887. 41. 2.69
15.146 1 ATTITUDE -0.318359 -0.589844 -0.258301
15.149 1 WP_MOVED 3 506350.5 3566257. 805. 12
15.199 1 GPS 0 0 0 0 0 0 0 0 0 0 1
15.233 1 NAVIGATION 0 1 0. 0. 8421.2 0. 0 0
15.246 1 ATTITUDE -0.409912 -0.529785 -0.238525
15.252 1 DESIRED -0. 0.29 4.2 -80. -45. 815. 2.
15.346 1 ATTITUDE -0.483643 -0.471436 -0.221191
15.446 1 ATTITUDE -0.567871 -0.383301 -0.210938
15.452 1 DESIRED -0. 0.35 4.2 -80. -45. 815. 2.
15.457 1 GPS 0 0 0 0 0 0 0 0 0 0 1
15.459 1 DOWNLINK 0 825 439
15.481 1 NAVIGATION 0 1 0. 0. 8421.2 0. 0 0
15.546 1 ATTITUDE -0.617188 -0.325195 -0.181885
15.548 1 ESTIMATOR 0. 0.
15.551 1 IMU_ACCEL -2.463867 5.6875 7.242188
15.553 1 WIND_INFO 1 42 0. 0. 0.
15.646 1 ATTITUDE -0.610107 -0.288818 -0.186768
15.652 1 DESIRED -0. 0.37 4.2 -80. -45. 815. 2.
15.655 1 WP_MOVED 4 506374.40625 3566337.75 805. 12
15.658 1 IMU_GYRO -0.189209 -0.003174 0.063721
15.663 1 NAVIGATION 0 1 0. 0. 8421.2 0. 0 0
15.698 1 GPS 0 0 0 0 0 0 0 0 0 0 1
15.728 1 FBW_STATUS 0 46 1 0 0
15.733 1 NAVIGATION 0 1 0. 0. 8421.2 0. 0 0
15.746 1 ATTITUDE -0.59668 -0.255127 -0.201416
15.747 1 STATE_FILTER_STATUS 3 0
15.846 1 ATTITUDE -0.597168 -0.219727 -0.202637
15.852 1 DESIRED -0. 0.37 4.2 -80. -45. 815. 2.
15.946 1 ATTITUDE -0.565674 -0.200439 -0.205078
15.951 1 GPS 0 0 0 0 0 0 0 0 0 0 1
15.955 1 IMU_MAG -0.261719 -0.3125 -0.198242
15.980 1 NAVIGATION 0 1 0. 0. 8421.2 0. 0 0
16.046 1 ATTITUDE -0.411377 -0.250732 -0.245605
16.052 1 DESIRED -0. 0.29 4.2 -80. -45. 815. 2.
16.054 1 ESTIMATOR 0. 0.
16.057 1 BAT -128 0 0 0 1 12 12 0
16.124 1 DOWNLINK_STATUS 17 10244 463 0 788. 35. 2.69
16.147 1 ATTITUDE -0.171631 -0.317627 -0.320068
16.149 1 WP_MOVED 5 506402.3125 3566363.25 820. 12
16.198 1 GPS 0 0 0 0 0 0 0 0 0 0 1
16.230 1 NAVIGATION 0 1 0. 0. 8421.2 0. 0 0
16.246 1 ATTITUDE -0.079346 -0.344727 -0.302246
16.252 1 DESIRED -0. 0.14 4.2 -80. -45. 815. 2.
16.255 1 IMU_GYRO -0.025391 0.27124 -0.038086
16.346 1 ATTITUDE -0.093506 -0.339844 -0.302979
16.349 1 IMU_ACCEL -1.873047 1.131836 9.066406
16.351 1 DL_VALUE 8 0.
16.446 1 ATTITUDE -0.107666 -0.334717 -0.26123
16.452 1 DESIRED -0. 0.15 4.2 -80. -45. 815. 2.
16.458 1 GPS 0 0 0 0 0 0 0 0 0 0 1
16.460 1 GPS_SOL 0 0 0 0
16.480 1 NAVIGATION 0 1 0. 0. 8421.2 0. 0 0
16.547 1 ATTITUDE -0.109131 -0.355469 -0.092285
16.548 1 ESTIMATOR 0. 0.
16.646 1 ATTITUDE -0.100342 -0.388428 0.083252
16.652 1 DESIRED -0. 0.15 4.2 -80. -45. 815. 2.
16.655 1 WP_MOVED 6 506374.40625 3566337.75 820. 12
16.660 1 NAVIGATION 0 1 0. 0. 8421.2 0. 0 0
16.698 1 GPS 0 0 0 0 0 0 0 0 0 0 1
16.732 1 NAVIGATION 0 1 0. 0. 8421.2 0. 0 0
16.746 1 ATTITUDE -0.103516 -0.405762 0.2146
16.846 1 ATTITUDE -0.130127 -0.431885 0.342773
16.857 1 DESIRED -0. 0.16 4.2 -80. -45. 815. 2.
16.857 1 IMU_GYRO 0.112793 0.904541 0.041504
16.946 1 ATTITUDE -0.150879 -0.479492 0.431885
16.951 1 GPS 0 0 0 0 0 0 0 0 0 0 1
16.980 1 NAVIGATION 0 1 0. 0. 8421.2 0. 0 0
17.046 1 ATTITUDE -0.159912 -0.525391 0.483887
17.051 1 DESIRED -0. 0.18 4.2 -80. -45. 815. 2.
17.054 1 ESTIMATOR 0. 0.
17.125 1 DOWNLINK_STATUS 18 11006 496 0 762. 33. 2.69
17.146 1 ATTITUDE -0.160645 -0.569336 0.498779
17.149 1 WP_MOVED 7 506350.5 3566270.75 805. 12
17.152 1 IMU_ACCEL -8.19043 1.271484 5.138672
17.156 1 BAT -128 0 0 0 1 13 13 0
17.158 1 CALIBRATION 0. 0
17.198 1 GPS 0 0 0 0 0 0 0 0 0 0 1
17.230 1 NAVIGATION 0 1 0. 0. 8421.2 0. 0 0
17.246 1 ATTITUDE -0.16333 -0.612793 0.504395
17.251 1 DESIRED -0. 0.18 4.2 -80. -45. 815. 2.
17.255 1 IMU_MAG 0.273926 0.15625 0.379395
17.346 1 ATTITUDE -0.166992 -0.658936 0.503906
17.349 1 ENERGY 0. 0. 0 0.
17.446 1 ATTITUDE -0.164795 -0.701416 0.490234
17.451 1 DESIRED -0. 0.18 4.2 -80. -45. 815. 2.
17.457 1 GPS 0 0 0 0 0 0 0 0 0 0 1
17.460 1 IMU_GYRO 0.040283 -0.013672 0.05835
17.484 1 NAVIGATION 0 1 0. 0. 8421.2 0. 0 0
17.546 1 ATTITUDE -0.163818 -0.741699 0.486816
17.548 1 ESTIMATOR 0. 0.
17.646 1 ATTITUDE -0.167236 -0.79126 0.490479
17.651 1 DESIRED -0. 0.18 4.2 -80. -45. 815. 2.
17.655 1 WP_MOVED 8 506254.8125 3566257.5 815. 12
17.659 1 NAVIGATION 0 1 0. 0. 8421.2 0. 0 0
17.699 1 GPS 0 0 0 0 0 0 0 0 0 0 1
17.728 1 FBW_STATUS 0 46 1 0 0
17.733 1 NAVIGATION 0 1 0. 0. 8421.2 0. 0 0
17.746 1 ATTITUDE -0.172119 -0.8396 0.496094
17.846 1 ATTITUDE -0.170166 -0.884766 0.495605
17.851 1 DESIRED -0. 0.18 4.2 -80. -45. 815. 2.
17.853 1 DL_VALUE 9 1.
17.946 1 ATTITUDE -0.172363 -0.936768 0.496094
17.951 1 GPS 0 0 0 0 0 0 0 0 0 0 1
17.954 1 IMU_ACCEL -8.291992 1.429688 5.03418
17.956 1 STATE_FILTER_STATUS 3 0
17.980 1 NAVIGATION 0 1 0. 0. 8421.2 0. 0 0
18.046 1 ATTITUDE -0.173584 -0.984619 0.498535
18.051 1 DESIRED -0. 0.18 4.2 -80. -45. 815. 2.
18.054 1 ESTIMATOR 0. 0.
18.057 1 IMU_GYRO 0.025391 0.045654 0.024414
18.126 1 DOWNLINK_STATUS 19 11861 535 0 855. 39. 2.69
18.146 1 ATTITUDE -0.172852 -1.034424 0.499512
18.149 1 WP_MOVED 9 506213.8125 3566287.5 815. 12
18.198 1 GPS 0 0 0 0 0 0 0 0 0 0 1
18.230 1 NAVIGATION 0 1 0. 0. 8421.2 0. 0 0
18.245 1 ATTITUDE -0.172607 -1.080566 0.496338
18.251 1 DESIRED -0. 0.18 4.2 -80. -45. 815. 2.
18.255 1 BAT -128 0 0 0 1 14 14 0
18.346 1 ATTITUDE -0.17334 -1.127686 0.496094
18.445 1 ATTITUDE -0.174561 -1.179688 0.498047
18.451 1 DESIRED -0. 0.18 4.2 -80. -45. 815. 2.
18.457 1 GPS 0 0 0 0 0 0 0 0 0 0 1
18.460 1 GPS_SOL 0 0 0 0
18.480 1 NAVIGATION 0 1 0. 0. 8421.2 0. 0 0
18.547 1 ATTITUDE -0.175049 -1.227783 0.494629
18.548 1 ESTIMATOR 0. 0.
18.551 1 IMU_MAG 0.271484 0.147461 0.374023
18.645 1 ATTITUDE -0.163574 -1.265381 0.441895
18.652 1 DESIRED -0. 0.18 4.2 -80. -45. 815. 2.
18.655 1 WP_MOVED 0 506377. 3566344. 757. 12
18.658 1 IMU_GYRO -0.191406 -1.466309 -0.010498
18.662 1 NAVIGATION 0 1 0. 0. 8421.2 0. 0 0
18.698 1 GPS 0 0 0 0 0 0 0 0 0 0 1
18.730 1 NAVIGATION 0 1 0. 0. 8421.2 0. 0 0
18.745 1 ATTITUDE -0.12085 -1.274902 0.227539
18.750 1 IMU_ACCEL -6.518555 1.141602 7.328125
18.828 1 COMMANDS -128,574,320,0
18.845 1 ATTITUDE -0.080322 -1.285645 0.043945
18.851 1 DESIRED -0. 0.14 4.2 -80. -45. 815. 2.
18.928 1 ACTUATORS 1000,1482,1540,1500
18.951 1 ATTITUDE -0.078613 -1.302002 0.00415
18.951 1 GPS 0 0 0 0 0 0 0 0 0 0 1
18.980 1 NAVIGATION 0 1 0. 0. 8421.2 0. 0 0
19.045 1 ATTITUDE -0.07373 -1.310059 -0.05957
19.055 1 DESIRED -0. 0.14 4.2 -80. -45. 815. 2.
19.055 1 ESTIMATOR 0. 0.
19.126 1 DOWNLINK_STATUS 20 12662 570 0 801. 35. 2.69
19.145 1 ATTITUDE -0.068359 -1.300781 -0.087646
19.149 1 WP_MOVED 1 506335. 3566302. 765. 12
19.198 1 GPS 0 0 0 0 0 0 0 0 0 0 1
19.230 1 NAVIGATION 0 1 0. 0. 8421.2 0. 0 0
19.245 1 ATTITUDE -0.058105 -1.293213 -0.161377
19.251 1 DESIRED -0. 0.13 4.2 -80. -45. 815. 2.
19.254 1 IMU_GYRO -0.155273 -1.102295 -0.000977
19.256 1 CALIBRATION 0. 0
19.345 1 ATTITUDE -0.024414 -1.255371 -0.342285
19.349 1 BAT -128 0 0 0 1 15 15 0
19.351 1 DL_VALUE 10 0.
19.445 1 ATTITUDE 0.022461 -1.19043 -0.615234
19.451 1 DESIRED -0. 0.11 4.2 -80. -45. 815. 2.
19.457 1 GPS 0 0 0 0 0 0 0 0 0 0 1
19.480 1 NAVIGATION 0 1 0. 0. 8421.2 0. 0 0
19.545 1 ATTITUDE 0.028076 -1.133301 -0.76416
19.548 1 ESTIMATOR 0. 0.
19.551 1 IMU_ACCEL 2.291016 0.003906 9.051758
19.614 1 PONG 
19.645 1 ATTITUDE 0.029053 -1.071289 -0.869629
19.651 1 DESIRED -0. 0.12 4.2 -80. -45. 815. 2.
19.655 1 WP_MOVED 2 506254.8125 3566257.5 815. 12
19.659 1 NAVIGATION 0 1 0. 0. 8421.2 0. 0 0
19.698 1 GPS 0 0 0 0 0 0 0 0 0 0 1
19.731 1 FBW_STATUS 0 45 1 0 0
19.733 1 NAVIGATION 0 1 0. 0. 8421.2 0. 0 0
19.745 1 ATTITUDE 0.031982 -1.008789 -0.891602
19.845 1 ATTITUDE 0.026611 -0.941162 -0.916992
19.851 1 DESIRED -0. 0.12 4.2 -80. -45. 815. 2.
19.854 1 IMU_GYRO 0.078613 0.132812 0.040283
19.858 1 IMU_MAG -0.866699 0.274902 -0.01123
19.861 1 ENERGY 0. 0. 0 0.
19.945 1 ATTITUDE 0.023682 -0.881348 -0.921387
19.951 1 GPS 0 0 0 0 0 0 0 0 0 0 1
19.955 1 ALIVE 143,86,90,104,100,104,161,138,71,248,225,136,122,232,123,55
19.980 1 NAVIGATION 0 1 0. 0. 8421.2 0. 0 0
20.045 1 ATTITUDE 0.018066 -0.820557 -0.918945
20.051 1 DESIRED -0. 0.11 4.2 -80. -45. 815. 2.
20.054 1 ESTIMATOR 0. 0.
20.056 1 PPRZ_MODE 1 3 3 0 0 21
20.128 1 DOWNLINK_STATUS 21 13531 610 0 869. 40. 2.69
20.145 1 ATTITUDE 0.019531 -0.767578 -0.931152
20.149 1 WP_MOVED 3 506350.5 3566257. 805. 12
20.150 1 STATE_FILTER_STATUS 3 0
20.198 1 GPS 0 0 0 0 0 0 0 0 0 0 1
20.230 1 NAVIGATION 0 1 0. 0. 8421.2 0. 0 0
20.246 1 ATTITUDE 0.020752 -0.718994 -0.938721
20.251 1 DESIRED -0. 0.12 4.2 -80. -45. 815. 2.
20.345 1 ATTITUDE 0.006104 -0.665771 -0.869141
20.349 1 IMU_ACCEL 2.896484 0.071289 9.507812
20.445 1 ATTITUDE -0.012451 -0.630371 -0.584473
20.451 1 DESIRED -0. 0.11 4.2 -80. -45. 815. 2.
20.457 1 GPS 0 0 0 0 0 0 0 0 0 0 1
20.460 1 IMU_GYRO -0.001953 3.852295 -0.089355
20.464 1 BAT -128 0 0 0 1 16 16 0
20.480 1 NAVIGATION 0 1 0. 0. 8421.2 0. 0 0
20.545 1 ATTITUDE -0.032959 -0.597656 -0.325439
20.548 1 ESTIMATOR 0. 0.
20.550 1 DOWNLINK 1 823 628
20.645 1 ATTITUDE -0.045654 -0.582031 -0.249023
20.651 1 DESIRED -0. 0.13 4.2 -80. -45. 815. 2.
20.655 1 WP_MOVED 4 506374.40625 3566337.75 805. 12
20.659 1 NAVIGATION 0 1 0. 0. 8421.2 0. 0 0
20.698 1 GPS 0 0 0 0 0 0 0 0 0 0 1
20.732 1 NAVIGATION 0 1 0. 0. 8421.2 0. 0 0
20.745 1 ATTITUDE -0.047607 -0.579346 -0.164795
20.845 1 ATTITUDE -0.048828 -0.570557 -0.147461
20.851 1 DESIRED -0. 0.13 4.2 -80. -45. 815. 2.
20.853 1 DL_VALUE 11 1.
20.945 1 ATTITUDE -0.036865 -0.568115 -0.2229
20.951 1 GPS 0 0 0 0 0 0 0 0 0 0 1
20.980 1 NAVIGATION 0 1 0. 0. 8421.2 0. 0 0
21.045 1 ATTITUDE 0.001465 -0.557373 -0.553223
21.051 1 DESIRED -0. 0.11 4.2 -80. -45. 815. 2.
21.054 1 ESTIMATOR 0. 0.
21.057 1 IMU_GYRO -0.57251 -3.480957 -0.030762
21.128 1 DOWNLINK_STATUS 22 14316 645 0 785. 35. 2.69
21.145 1 ATTITUDE 0.032959 -0.563477 -0.792236
21.153 1 WP_MOVED 5 506402.3125 3566363.25 820. 12
21.153 1 IMU_ACCEL 2.74707 -0.133789 9.270508
21.155 1 IMU_MAG -0.775879 0.294922 -0.025879
21.198 1 GPS 0 0 0 0 0 0 0 0 0 0 1
21.230 1 NAVIGATION 0 1 0. 0. 8421.2 0. 0 0
21.246 1 ATTITUDE 0.033447 -0.543945 -0.864014
21.251 1 DESIRED -0. 0.12 4.2 -80. -45. 815. 2.
21.345 1 ATTITUDE 0.038574 -0.52832 -0.950928
21.347 1 CALIBRATION 0. 0
21.445 1 ATTITUDE 0.030273 -0.490479 -0.953857
21.451 1 DESIRED -0. 0.12 4.2 -80. -45. 815. 2.
21.457 1 GPS 0 0 0 0 0 0 0 0 0 0 1
21.480 1 NAVIGATION 0 1 0. 0. 8421.2 0. 0 0
21.546 1 ATTITUDE 0.033447 -0.468262 -0.964844
21.548 1 ESTIMATOR 0. 0.
21.551 1 BAT -128 0 0 0 1 17 17 0
21.645 1 ATTITUDE 0.031982 -0.44043 -0.95874
21.651 1 DESIRED -0. 0.12 4.2 -80. -45. 815. 2.
21.655 1 WP_MOVED 6 506374.40625 3566337.75 820. 12
21.658 1 IMU_GYRO 0.008301 -0.032959 0.044678
21.662 1 NAVIGATION 0 1 0. 0. 8421.2 0. 0 0
21.698 1 GPS 0 0 0 0 0 0 0 0 0 0 1
21.728 1 FBW_STATUS 0 45 1 0 0
21.732 1 NAVIGATION 0 1 0. 0. 8421.2 0. 0 0
21.749 1 ATTITUDE 0.028564 -0.414795 -0.962402
21.845 1 ATTITUDE 0.029785 -0.393311 -0.967285
21.851 1 DESIRED -0. 0.12 4.2 -80. -45. 815. 2.
21.945 1 ATTITUDE 0.031982 -0.378418 -0.972412
21.951 1 GPS 0 0 0 0 0 0 0 0 0 0 1
21.954 1 IMU_ACCEL 4.366211 -0.176758 8.572266
21.980 1 NAVIGATION 0 1 0. 0. 8421.2 0. 0 0
22.045 1 ATTITUDE 0.030273 -0.357422 -0.972412
22.051 1 DESIRED -0. 0.12 4.2 -80. -45. 815. 2.
22.054 1 ESTIMATOR 0. 0.
22.129 1 DOWNLINK_STATUS 23 15113 680 0 797. 35. 2.69
22.145 1 ATTITUDE 0.02832 -0.339111 -0.976318
22.149 1 WP_MOVED 7 506350.5 3566270.75 805. 12
22.198 1 GPS 0 0 0 0 0 0 0 0 0 0 1
22.230 1 NAVIGATION 0 1 0. 0. 8421.2 0. 0 0
22.245 1 ATTITUDE 0.022217 -0.31958 -0.955566
22.251 1 DESIRED -0. 0.12 4.2 -80. -45. 815. 2.
22.254 1 IMU_GYRO -0.04248 -0.147705 -0.014893
22.345 1 ATTITUDE 0.023926 -0.304199 -0.963135
22.347 1 DL_VALUE 0 0.
22.349 1 STATE_FILTER_STATUS 3 0
22.352 1 ENERGY 0. 0. 0 0.
22.445 1 ATTITUDE 0.02417 -0.291748 -0.9646
22.451 1 DESIRED -0. 0.12 4.2 -80. -45. 815. 2.
22.457 1 GPS 0 0 0 0 0 0 0 0 0 0 1
22.460 1 IMU_MAG -0.893555 0.271973 0.002441
22.463 1 GPS_SOL 0 0 0 0
22.480 1 NAVIGATION 0 1 0. 0. 8421.2 0. 0 0
22.545 1 ATTITUDE 0.021729 -0.27832 -0.961182
22.548 1 ESTIMATOR 0. 0.
22.645 1 ATTITUDE 0.020508 -0.265137 -0.960449
22.651 1 DESIRED -0. 0.12 4.2 -80. -45. 815. 2.
22.655 1 WP_MOVED 8 506254.8125 3566257.5 815. 12
22.659 1 NAVIGATION 0 1 0. 0. 8421.2 0. 0 0
22.663 1 BAT -128 0 0 0 1 18 18 0
22.698 1 GPS 0 0 0 0 0 0 0 0 0 0 1
22.730 1 NAVIGATION 0 1 0. 0. 8421.2 0. 0 0
22.745 1 ATTITUDE 0.021973 -0.256836 -0.961914
22.748 1 IMU_ACCEL 4.05957 -0.110352 8.776367
22.845 1 ATTITUDE 0.019043 -0.244873 -0.962158
22.851 1 DESIRED -0. 0.12 4.2 -80. -45. 815. 2.
22.854 1 IMU_GYRO -0.016846 -0.030762 0.02124
22.945 1 ATTITUDE 0.020508 -0.236328 -0.963867
22.951 1 GPS 0 0 0 0 0 0 0 0 0 0 1
22.980 1 NAVIGATION 0 1 0. 0. 8421.2 0. 0 0
23.046 1 ATTITUDE 0.018555 -0.225586 -0.961182
23.051 1 DESIRED -0. 0.11 4.2 -80. -45. 815. 2.
23.054 1 ESTIMATOR 0. 0.
23.129 1 DOWNLINK_STATUS 24 15942 717 0 829. 37. 2.69
23.145 1 ATTITUDE 0.018799 -0.217773 -0.961426
23.149 1 WP_MOVED 9 506213.8125 3566287.5 815. 12
23.198 1 GPS 0 0 0 0 0 0 0 0 0 0 1
23.230 1 NAVIGATION 0 1 0. 0. 8421.2 0. 0 0
23.245 1 ATTITUDE 0.017578 -0.209961 -0.963867
23.252 1 DESIRED -0. 0.11 4.2 -80. -45. 815. 2.
23.351 1 ATTITUDE 0.016602 -0.202881 -0.965576
23.351 1 NAVIGATION_REF 506335 3566302 12
23.445 1 ATTITUDE 0.014648 -0.195557 -0.963135
23.457 1 DESIRED -0. 0.11 4.2 -80. -45. 815. 2.
23.457 1 GPS 0 0 0 0 0 0 0 0 0 0 1
23.460 1 IMU_GYRO -0.014893 0.012695 0.033936
23.462 1 CALIBRATION 0. 0
23.480 1 NAVIGATION 0 1 0. 0. 8421.2 0. 0 0
23.545 1 ATTITUDE 0.015381 -0.19043 -0.959473
23.548 1 ESTIMATOR 0. 0.
23.551 1 IMU_ACCEL 4.068359 -0.148438 8.880859
23.645 1 ATTITUDE 0.013672 -0.185059 -0.935791
23.651 1 DESIRED -0. 0.11 4.2 -80. -45. 815. 2.
23.655 1 WP_MOVED 0 506377. 3566344. 757. 12
23.666 1 NAVIGATION 0 1 0. 0. 8421.2 0. 0 0
23.698 1 GPS 0 0 0 0 0 0 0 0 0 0 1
23.728 1 FBW_STATUS 0 45 1 0 0
23.733 1 NAVIGATION 0 1 0. 0. 8421.2 0. 0 0
23.745 1 ATTITUDE -0.009521 -0.165283 -0.861572
23.749 1 BAT -128 0 0 0 1 20 20 0
23.752 1 IMU_MAG -0.820312 0.266113 -0.045898
23.828 1 COMMANDS -128,104,5034,0
23.845 1 ATTITUDE -0.019775 -0.162842 -0.781738
23.851 1 DESIRED -0. 0.12 4.2 -80. -45. 815. 2.
23.853 1 DL_VALUE 1 0.
23.928 1 ACTUATORS 1000,1305,1701,1500
23.945 1 ATTITUDE -0.021973 -0.164062 -0.738281
23.951 1 GPS 0 0 0 0 0 0 0 0 0 0 1
23.980 1 NAVIGATION 0 1 0. 0. 8421.2 0. 0 0
24.046 1 ATTITUDE -0.017822 -0.166016 -0.646973
24.051 1 DESIRED -0. 0.11 4.2 -80. -45. 815. 2.
24.053 1 ESTIMATOR 0. 0.
24.057 1 IMU_GYRO -0.040283 1.233398 -0.089355
24.131 1 DOWNLINK_STATUS 25 16795 756 0 853. 39. 2.69
24.145 1 ATTITUDE -0.018066 -0.164551 -0.50708
24.149 1 WP_MOVED 1 506335. 3566302. 765. 12
24.198 1 GPS 0 0 0 0 0 0 0 0 0 0 1
24.230 1 NAVIGATION 0 1 0. 0. 8421.2 0. 0 0
24.245 1 ATTITUDE -0.025879 -0.169434 -0.341064
24.251 1 DESIRED -0. 0.12 4.2 -80. -45. 815. 2.
24.345 1 ATTITUDE -0.024414 -0.177246 -0.282471
24.348 1 IMU_ACCEL -2.271484 0.225586 9.588867
24.445 1 ATTITUDE -0.040527 -0.191895 -0.104248
24.451 1 DESIRED -0. 0.12 4.2 -80. -45. 815. 2.
24.457 1 GPS 0 0 0 0 0 0 0 0 0 0 1
24.460 1 GPS_SOL 0 0 0 0
24.480 1 NAVIGATION 0 1 0. 0. 8421.2 0. 0 0
24.545 1 ATTITUDE -0.068359 -0.2146 0.115234
24.548 1 ESTIMATOR 0. 0.
24.549 1 STATE_FILTER_STATUS 3 0
24.615 1 PONG 
24.645 1 ATTITUDE -0.080322 -0.242188 0.206299
24.651 1 DESIRED -0. 0.14 4.2 -80. -45. 815. 2.
24.654 1 WP_MOVED 2 506254.8125 3566257.5 815. 12
24.658 1 IMU_GYRO 0.106201 0.703369 0.124512
24.662 1 NAVIGATION 0 1 0. 0. 8421.2 0. 0 0
24.698 1 GPS 0 0 0 0 0 0 0 0 0 0 1
24.730 1 NAVIGATION 0 1 0. 0. 8421.2 0. 0 0
24.745 1 ATTITUDE -0.104248 -0.274414 0.283447
24.845 1 ATTITUDE -0.138672 -0.311523 0.378906
24.851 1 DESIRED -0. 0.17 4.2 -80. -45. 815. 2.
24.854 1 BAT -128 0 0 0 1 21 21 0
24.858 1 ENERGY 0. 0. 0 0.
24.945 1 ATTITUDE -0.160156 -0.352295 0.434082
24.951 1 GPS 0 0 0 0 0 0 0 0 0 0 1
24.955 1 ALIVE 143,86,90,104,100,104,161,138,71,248,225,136,122,232,123,55
24.980 1 NAVIGATION 0 1 0. 0. 8421.2 0. 0 0
25.045 1 ATTITUDE -0.176025 -0.393066 0.469727
25.051 1 DESIRED -0. 0.18 4.2 -80. -45. 815. 2.
25.053 1 ESTIMATOR 0. 0.
25.057 1 IMU_MAG 0.254395 0.147461 0.327637
25.059 1 PPRZ_MODE 1 3 3 0 0 21
25.132 1 DOWNLINK_STATUS 26 17636 794 0 841. 38. 2.75
25.145 1 ATTITUDE -0.203857 -0.440186 0.519775
25.149 1 WP_MOVED 3 506350.5 3566257. 805. 12
25.152 1 IMU_ACCEL -8.320312 1.794922 4.573242
25.198 1 GPS 0 0 0 0 0 0 0 0 0 0 1
25.232 1 NAVIGATION 0 1 0. 0. 8421.2 0. 0 0
25.245 1 ATTITUDE -0.207275 -0.468994 0.502197
25.251 1 DESIRED -0. 0.2 4.2 -80. -45. 815. 2.
25.254 1 IMU_GYRO 0.001953 -1.657959 0.157471
25.345 1 ATTITUDE -0.169922 -0.457764 0.229248
25.347 1 DL_VALUE 2 815.
25.445 1 ATTITUDE -0.115234 -0.443604 -0.070312
25.451 1 DESIRED -0. 0.16 4.2 -80. -45. 815. 2.
25.457 1 GPS 0 0 0 0 0 0 0 0 0 0 1
25.480 1 NAVIGATION 0 1 0. 0. 8421.2 0. 0 0
25.551 1 ATTITUDE -0.072754 -0.443359 -0.245605
25.551 1 ESTIMATOR 0. 0.
25.551 1 CALIBRATION 0. 0
25.554 1 WIND_INFO 1 42 0. 0. 0.
25.645 1 ATTITUDE -0.051025 -0.444824 -0.341553
25.651 1 DESIRED -0. 0.13 4.2 -80. -45. 815. 2.
25.654 1 WP_MOVED 4 506374.40625 3566337.75 805. 12
25.659 1 NAVIGATION 0 1 0. 0. 8421.2 0. 0 0
25.661 1 DOWNLINK 1 822 816
25.698 1 GPS 0 0 0 0 0 0 0 0 0 0 1
25.728 1 FBW_STATUS 0 45 1 0 0
25.732 1 NAVIGATION 0 1 0. 0. 8421.2 0. 0 0
25.745 1 ATTITUDE -0.0271 -0.440674 -0.436279
25.845 1 ATTITUDE -0.016357 -0.438721 -0.456787
25.851 1 DESIRED -0. 0.11 4.2 -80. -45. 815. 2.
25.854 1 IMU_GYRO 0.182861 0.712891 -0.006348
25.945 1 ATTITUDE -0.021729 -0.425537 -0.358643
25.951 1 GPS 0 0 0 0 0 0 0 0 0 0 1
25.954 1 IMU_ACCEL -1.426758 -0.436523 9.023438
25.957 1 BAT -128 0 0 0 1 22 22 0
25.980 1 NAVIGATION 0 1 0. 0. 8421.2 0. 0 0
26.045 1 ATTITUDE 0.000488 -0.401855 -0.262939
26.051 1 DESIRED -0. 0.11 4.2 -80. -45. 815. 2.
26.053 1 ESTIMATOR 0. 0.
26.133 1 DOWNLINK_STATUS 27 18455 831 0 819. 37. 2.75
26.145 1 ATTITUDE -0.007812 -0.38916 -0.245117
26.148 1 WP_MOVED 5 506402.3125 3566363.25 820. 12
26.198 1 GPS 0 0 0 0 0 0 0 0 0 0 1
26.230 1 NAVIGATION 0 1 0. 0. 8421.2 0. 0 0
26.246 1 ATTITUDE -0.01416 -0.395264 -0.234863
26.253 1 DESIRED -0. 0.11 4.2 -80. -45. 815. 2.
26.345 1 ATTITUDE -0.012695 -0.402832 -0.230957
26.348 1 IMU_MAG -0.325684 0.271973 -0.03125
26.445 1 ATTITUDE -0.011475 -0.40918 -0.230469
26.451 1 DESIRED -0. 0.11 4.2 -80. -45. 815. 2.
26.457 1 GPS 0 0 0 0 0 0 0 0 0 0 1
26.460 1 IMU_GYRO -0.006348 0.030762 0.045654
26.463 1 GPS_SOL 0 0 0 0
26.480 1 NAVIGATION 0 1 0. 0. 8421.2 0. 0 0
26.545 1 ATTITUDE -0.011963 -0.414551 -0.226562
26.547 1 ESTIMATOR 0. 0.
26.645 1 ATTITUDE -0.011963 -0.417969 -0.224854
26.651 1 DESIRED -0. 0.11 4.2 -80. -45. 815. 2.
26.654 1 WP_MOVED 6 506374.40625 3566337.75 820. 12
26.659 1 NAVIGATION 0 1 0. 0. 8421.2 0. 0 0
26.698 1 GPS 0 0 0 0 0 0 0 0 0 0 1
26.730 1 NAVIGATION 0 1 0. 0. 8421.2 0. 0 0
26.746 1 ATTITUDE -0.011475 -0.422119 -0.223389
26.748 1 IMU_ACCEL -2.87207 0.114258 9.298828
26.750 1 STATE_FILTER_STATUS 3 0
26.845 1 ATTITUDE -0.01123 -0.42749 -0.223389
26.851 1 DESIRED -0. 0.11 4.2 -80. -45. 815. 2.
26.853 1 DL_VALUE 3 0.
26.945 1 ATTITUDE -0.01123 -0.431885 -0.2229
26.951 1 GPS 0 0 0 0 0 0 0 0 0 0 1
26.980 1 NAVIGATION 0 1 0. 0. 8421.2 0. 0 0
27.045 1 ATTITUDE -0.01123 -0.435059 -0.22168
27.051 1 DESIRED -0. 0.11 4.2 -80. -45. 815. 2.
27.053 1 ESTIMATOR 0. 0.
27.056 1 IMU_GYRO -0.008301 -0.003174 0.005127
27.060 1 BAT -128 0 0 0 1 23 23 0
27.134 1 DOWNLINK_STATUS 28 19264 867 0 809. 36. 2.75
27.145 1 ATTITUDE -0.010986 -0.438477 -0.221436
27.148 1 WP_MOVED 7 506350.5 3566270.75 805. 12
27.198 1 GPS 0 0 0 0 0 0 0 0 0 0 1
27.232 1 NAVIGATION 0 1 0. 0. 8421.2 0. 0 0
27.245 1 ATTITUDE -0.010742 -0.442627 -0.221191
27.251 1 DESIRED -0. 0.11 4.2 -80. -45. 815. 2.
27.346 1 ATTITUDE -0.010498 -0.447266 -0.220947
27.348 1 ENERGY 0. 0. 0 0.
27.445 1 ATTITUDE -0.010742 -0.450439 -0.220947
27.451 1 DESIRED -0. 0.11 4.2 -80. -45. 815. 2.
27.457 1 GPS 0 0 0 0 0 0 0 0 0 0 1
27.480 1 NAVIGATION 0 1 0. 0. 8421.2 0. 0 0
27.545 1 ATTITUDE -0.010742 -0.452637 -0.219727
27.547 1 ESTIMATOR 0. 0.
27.550 1 IMU_ACCEL -2.944336 0.114258 9.222656
27.645 1 ATTITUDE -0.010498 -0.456543 -0.219482
27.651 1 DESIRED -0. 0.11 4.2 -80. -45. 815. 2.
27.654 1 WP_MOVED 8 506254.8125 3566257.5 815. 12
27.657 1 IMU_GYRO -0.006348 -0.00415 0.027588
27.662 1 NAVIGATION 0 1 0. 0. 8421.2 0. 0 0
27.665 1 CALIBRATION 0. 0
27.697 1 GPS 0 0 0 0 0 0 0 0 0 0 1
27.727 1 FBW_STATUS 0 45 1 0 0
27.732 1 NAVIGATION 0 1 0. 0. 8421.2 0. 0 0
27.745 1 ATTITUDE -0.010254 -0.460693 -0.219727
27.845 1 ATTITUDE -0.010254 -0.464111 -0.218994
27.854 1 DESIRED -0. 0.11 4.2 -80. -45. 815. 2.
27.945 1 ATTITUDE -0.010254 -0.467041 -0.218262
27.951 1 GPS 0 0 0 0 0 0 0 0 0 0 1
27.980 1 NAVIGATION 0 1 0. 0. 8421.2 0. 0 0
28.045 1 ATTITUDE -0.01001 -0.470215 -0.218262
28.051 1 DESIRED -0. 0.11 4.2 -80. -45. 815. 2.
28.053 1 ESTIMATOR 0. 0.
28.135 1 DOWNLINK_STATUS 29 20025 900 0 761. 33. 2.75
28.145 1 ATTITUDE -0.008545 -0.473145 -0.216553
28.148 1 WP_MOVED 9 506213.8125 3566287.5 815. 12
28.152 1 BAT -128 0 0 0 1 24 24 0
28.197 1 GPS 0 0 0 0 0 0 0 0 0 0 1
28.230 1 NAVIGATION 0 1 0. 0. 8421.2 0. 0 0
28.245 1 ATTITUDE -0.008545 -0.476562 -0.217773
28.251 1 DESIRED -0. 0.11 4.2 -80. -45. 815. 2.
28.254 1 IMU_GYRO 0.010498 -0.090332 0.088135
28.345 1 ATTITUDE -0.008789 -0.480469 -0.219482
28.348 1 IMU_ACCEL -2.916016 0.071289 8.933594
28.350 1 DL_VALUE 4 0.
28.445 1 ATTITUDE -0.009033 -0.482666 -0.218018
28.451 1 DESIRED -0. 0.11 4.2 -80. -45. 815. 2.
28.456 1 GPS 0 0 0 0 0 0 0 0 0 0 1
28.459 1 GPS_SOL 0 0 0 0
28.480 1 NAVIGATION 0 1 0. 0. 8421.2 0. 0 0
28.545 1 ATTITUDE -0.008545 -0.486572 -0.219238
28.547 1 ESTIMATOR 0. 0.
28.645 1 ATTITUDE -0.009033 -0.489746 -0.218018
28.651 1 DESIRED -0. 0.11 4.2 -80. -45. 815. 2.
28.654 1 WP_MOVED 0 506377. 3566344. 757. 12
28.659 1 NAVIGATION 0 1 0. 0. 8421.2 0. 0 0
28.697 1 GPS 0 0 0 0 0 0 0 0 0 0 1
28.730 1 NAVIGATION 0 1 0. 0. 8421.2 0. 0 0
28.745 1 ATTITUDE -0.009277 -0.491943 -0.217041
28.828 1 COMMANDS -128,42,1803,0
28.845 1 ATTITUDE -0.009033 -0.494385 -0.217529
28.851 1 DESIRED -0. 0.11 4.2 -80. -45. 815. 2.
28.854 1 IMU_GYRO -0.008301 0.009521 0.00415
28.928 1 ACTUATORS 1000,1426,1575,1500
28.945 1 ATTITUDE -0.009277 -0.496582 -0.216553
28.950 1 GPS 0 0 0 0 0 0 0 0 0 0 1
28.954 1 IMU_MAG -0.308105 0.271973 -0.03418
28.955 1 STATE_FILTER_STATUS 3 0
28.980 1 NAVIGATION 0 1 0. 0. 8421.2 0. 0 0
29.045 1 ATTITUDE -0.009277 -0.499023 -0.216553
29.051 1 DESIRED -0. 0.11 4.2 -80. -45. 815. 2.
29.053 1 ESTIMATOR 0. 0.
29.136 1 DOWNLINK_STATUS 30 20864 938 0 839. 38. 2.75
29.145 1 ATTITUDE -0.009277 -0.501221 -0.216553
29.148 1 WP_MOVED 1 506335. 3566302. 765. 12
29.151 1 IMU_ACCEL -2.939453 0.234375 9.341797
29.197 1 GPS 0 0 0 0 0 0 0 0 0 0 1
29.232 1 NAVIGATION 0 1 0. 0. 8421.2 0. 0 0
29.245 1 ATTITUDE -0.009521 -0.501953 -0.215576
29.251 1 DESIRED -0. 0.11 4.2 -80. -45. 815. 2.
29.254 1 BAT -128 0 0 0 1 25 25 0
29.345 1 ATTITUDE -0.009277 -0.504395 -0.215332
29.445 1 ATTITUDE -0.009277 -0.506592 -0.21582
29.451 1 DESIRED -0. 0.11 4.2 -80. -45. 815. 2.
29.456 1 GPS 0 0 0 0 0 0 0 0 0 0 1
29.459 1 IMU_GYRO -0.008301 -0.003174 0.018066
29.480 1 NAVIGATION 0 1 0. 0. 8421.2 0. 0 0
29.545 1 ATTITUDE -0.009277 -0.507568 -0.215332
29.547 1 ESTIMATOR 0. 0.
29.616 1 PONG 
29.645 1 ATTITUDE -0.009033 -0.509277 -0.215088
29.651 1 DESIRED -0. 0.11 4.2 -80. -45. 815. 2.
29.654 1 WP_MOVED 2 506254.8125 3566257.5 815. 12
29.659 1 NAVIGATION 0 1 0. 0. 8421.2 0. 0 0
29.697 1 GPS 0 0 0 0 0 0 0 0 0 0 1
29.728 1 FBW_STATUS 0 45 1 0 0
29.736 1 NAVIGATION 0 1 0. 0. 8421.2 0. 0 0
29.745 1 ATTITUDE -0.009033 -0.510986 -0.215332
29.748 1 CALIBRATION 0. 0
29.845 1 ATTITUDE -0.009277 -0.512939 -0.2146
29.851 1 DESIRED -0. 0.11 4.2 -80. -45. 815. 2.
29.853 1 DL_VALUE 5 0.
29.857 1 ENERGY 0. 0. 0 0.
29.945 1 ATTITUDE -0.009277 -0.514893 -0.214844
29.950 1 GPS 0 0 0 0 0 0 0 0 0 0 1
29.954 1 IMU_ACCEL -2.944336 0.186523 9.298828
29.959 1 ALIVE 143,86,90,104,100,104,161,138,71,248,225,136,122,232,123,55
29.980 1 NAVIGATION 0 1 0. 0. 8421.2 0. 0 0
30.045 1 ATTITUDE -0.009521 -0.516357 -0.2146
30.052 1 DESIRED -0. 0.11 4.2 -80. -45. 815. 2.
30.054 1 ESTIMATOR 0. 0.
30.056 1 IMU_GYRO -0.001953 0.009521 0.009521
30.061 1 PPRZ_MODE 1 3 3 0 0 21
30.136 1 DOWNLINK_STATUS 31 21733 978 0 869. 40. 2.77
30.145 1 ATTITUDE -0.009521 -0.517578 -0.213623
30.148 1 WP_MOVED 3 506350.5 3566257. 805. 12
30.197 1 GPS 0 0 0 0 0 0 0 0 0 0 1
30.230 1 NAVIGATION 0 1 0. 0. 8421.2 0. 0 0
30.245 1 ATTITUDE -0.009277 -0.52002 -0.214355
30.252 1 DESIRED -0. 0.11 4.2 -80. -45. 815. 2.
30.254 1 IMU_MAG -0.308105 0.277832 -0.02002
30.345 1 ATTITUDE -0.009521 -0.521484 -0.214111
30.348 1 BAT -128 0 0 0 1 26 26 0
30.445 1 ATTITUDE -0.009766 -0.522217 -0.213135
30.451 1 DESIRED -0. 0.11 4.2 -80. -45. 815. 2.
30.456 1 GPS 0 0 0 0 0 0 0 0 0 0 1
30.459 1 GPS_SOL 0 0 0 0
30.480 1 NAVIGATION 0 1 0. 0. 8421.2 0. 0 0
30.545 1 ATTITUDE -0.009521 -0.52417 -0.213867
30.547 1 ESTIMATOR 0. 0.
30.645 1 ATTITUDE -0.009766 -0.525146 -0.213379
30.651 1 DESIRED -0. 0.11 4.2 -80. -45. 815. 2.
30.654 1 WP_MOVED 4 506374.40625 3566337.75 805. 12
30.657 1 IMU_GYRO -0.001953 0.005127 0.012695
30.662 1 NAVIGATION 0 1 0. 0. 8421.2 0. 0 0
30.697 1 GPS 0 0 0 0 0 0 0 0 0 0 1
30.735 1 NAVIGATION 0 1 0. 0. 8421.2 0. 0 0
30.745 1 ATTITUDE -0.009521 -0.526611 -0.212891
30.748 1 IMU_ACCEL -3.001953 0.176758 9.298828
30.750 1 DOWNLINK 2 824 1004
30.845 1 ATTITUDE -0.009521 -0.527832 -0.213623
30.851 1 DESIRED -0. 0.11 4.2 -80. -45. 815. 2.
30.945 1 ATTITUDE -0.009766 -0.528076 -0.212891
30.950 1 GPS 0 0 0 0 0 0 0 0 0 0 1
30.979 1 NAVIGATION 0 1 0. 0. 8421.2 0. 0 0
31.045 1 ATTITUDE -0.009766 -0.529297 -0.212891
31.051 1 DESIRED -0. 0.11 4.2 -80. -45. 815. 2.
31.053 1 ESTIMATOR 0. 0.
31.138 1 DOWNLINK_STATUS 32 22515 1012 0 782. 34. 2.77
31.145 1 ATTITUDE -0.009521 -0.530762 -0.213379
31.148 1 WP_MOVED 5 506402.3125 3566363.25 820. 12
31.150 1 STATE_FILTER_STATUS 3 0
31.197 1 GPS 0 0 0 0 0 0 0 0 0 0 1
31.229 1 NAVIGATION 0 1 0. 0. 8421.2 0. 0 0
31.245 1 ATTITUDE -0.01001 -0.530762 -0.212158
31.251 1 DESIRED -0. 0.11 4.2 -80. -45. 815. 2.
31.254 1 IMU_GYRO -0.008301 0.001953 0.011475
31.345 1 ATTITUDE -0.009766 -0.531982 -0.212158
31.347 1 DL_VALUE 6 100.
31.445 1 ATTITUDE -0.009521 -0.532715 -0.212646
31.451 1 DESIRED -0. 0.11 4.2 -80. -45. 815. 2.
31.456 1 GPS 0 0 0 0 0 0 0 0 0 0 1
31.462 1 BAT -128 0 0 0 1 27 27 0
31.480 1 NAVIGATION 0 1 0. 0. 8421.2 0. 0 0
31.545 1 ATTITUDE -0.009766 -0.533447 -0.21167
31.547 1 ESTIMATOR 0. 0.
31.550 1 IMU_ACCEL -3.044922 0.220703 9.227539
31.553 1 IMU_MAG -0.310547 0.277832 -0.03125
31.645 1 ATTITUDE -0.009766 -0.534668 -0.212158
31.651 1 DESIRED -0. 0.11 4.2 -80. -45. 815. 2.
31.654 1 WP_MOVED 6 506374.40625 3566337.75 820. 12
31.658 1 NAVIGATION 0 1 0. 0. 8421.2 0. 0 0
31.697 1 GPS 0 0 0 0 0 0 0 0 0 0 1
31.731 1 FBW_STATUS 0 46 1 0 0
31.736 1 NAVIGATION 0 1 0. 0. 8421.2 0. 0 0
31.745 1 ATTITUDE -0.009766 -0.5354 -0.212158
31.845 1 ATTITUDE -0.009766 -0.536133 -0.211182
31.850 1 DESIRED -0. 0.11 4.2 -80. -45. 815. 2.
31.854 1 IMU_GYRO -0.006348 -0.009521 0.02002
31.855 1 CALIBRATION 0. 0
31.945 1 ATTITUDE -0.009766 -0.53833 -0.212158
31.950 1 GPS 0 0 0 0 0 0 0 0 0 0 1
31.979 1 NAVIGATION 0 1 0. 0. 8421.2 0. 0 0
32.045 1 ATTITUDE -0.01001 -0.53833 -0.21167
32.050 1 DESIRED -0. 0.11 4.2 -80. -45. 815. 2.
32.053 1 ESTIMATOR 0. 0.
32.138 1 DOWNLINK_STATUS 33 23332 1049 0 817. 37. 2.77
32.145 1 ATTITUDE -0.01001 -0.539062 -0.210938
32.148 1 WP_MOVED 7 506350.5 3566270.75 805. 12
32.197 1 GPS 0 0 0 0 0 0 0 0 0 0 1
32.231 1 NAVIGATION 0 1 0. 0. 8421.2 0. 0 0
32.245 1 ATTITUDE -0.009766 -0.540527 -0.212158
32.250 1 DESIRED -0. 0.11 4.2 -80. -45. 815. 2.
32.345 1 ATTITUDE -0.010254 -0.540771 -0.211426
32.348 1 IMU_ACCEL -3.054688 0.15332 9.185547
32.351 1 ENERGY 0. 0. 0 0.
32.358 1 NAVIGATION_REF 506335 3566302 12
32.445 1 ATTITUDE -0.01001 -0.541992 -0.210938
32.450 1 DESIRED -0. 0.11 4.2 -80. -45. 815. 2.
32.459 1 GPS 0 0 0 0 0 0 0 0 0 0 1
32.463 1 IMU_GYRO -0.008301 -0.008301 0.025391
32.463 1 GPS_SOL 0 0 0 0
32.479 1 NAVIGATION 0 1 0. 0. 8421.2 0. 0 0
32.545 1 ATTITUDE -0.01001 -0.542969 -0.21167
32.547 1 ESTIMATOR 0. 0.
32.550 1 BAT -128 0 0 0 1 28 28 0
32.645 1 ATTITUDE -0.01001 -0.543213 -0.210938
32.650 1 DESIRED -0. 0.11 4.2 -80. -45. 815. 2.
32.654 1 WP_MOVED 8 506254.8125 3566257.5 815. 12
32.658 1 NAVIGATION 0 1 0. 0. 8421.2 0. 0 0
32.697 1 GPS 0 0 0 0 0 0 0 0 0 0 1
32.732 1 NAVIGATION 0 1 0. 0. 8421.2 0. 0 0
32.746 1 ATTITUDE -0.006592 -0.547119 -0.209961
32.845 1 ATTITUDE -0.008545 -0.565674 -0.224365
32.850 1 DESIRED -0. 0.11 4.2 -80. -45. 815. 2.
32.854 1 IMU_MAG -0.313477 0.274902 -0.025879
32.855 1 DL_VALUE 7 1.
32.945 1 ATTITUDE -0.010742 -0.540039 -0.186279
32.950 1 GPS 0 0 0 0 0 0 0 0 0 0 1
32.979 1 NAVIGATION 0 1 0. 0. 8421.2 0. 0 0
33.045 1 ATTITUDE 0. -0.557129 -0.22998
33.050 1 DESIRED -0. 0.11 4.2 -80. -45. 815. 2.
33.053 1 ESTIMATOR 0. 0.
33.056 1 IMU_GYRO -0.05957 0.131836 -0.157471
33.139 1 DOWNLINK_STATUS 34 24167 1086 0 835. 37. 2.77
33.145 1 ATTITUDE -0.00415 -0.557129 -0.209961
33.148 1 WP_MOVED 9 506213.8125 3566287.5 815. 12
33.151 1 IMU_ACCEL -3.362305 0.729492 8.628906
33.197 1 GPS 0 0 0 0 0 0 0 0 0 0 1
33.232 1 NAVIGATION 0 1 0. 0. 8421.2 0. 0 0
33.246 1 ATTITUDE -0.006836 -0.55127 -0.208252
33.250 1 DESIRED -0. 0.11 4.2 -80. -45. 815. 2.
33.345 1 ATTITUDE -0.005859 -0.559814 -0.208496
33.346 1 STATE_FILTER_STATUS 3 0
33.445 1 ATTITUDE -0.00415 -0.561279 -0.216553
33.450 1 DESIRED -0. 0.11 4.2 -80. -45. 815. 2.
33.456 1 GPS 0 0 0 0 0 0 0 0 0 0 1
33.479 1 NAVIGATION 0 1 0. 0. 8421.2 0. 0 0
33.545 1 ATTITUDE -0.004883 -0.551514 -0.221191
33.547 1 ESTIMATOR 0. 0.
33.644 1 ATTITUDE -0.008057 -0.532959 -0.215576
33.650 1 DESIRED -0. 0.11 4.2 -80. -45. 815. 2.
33.654 1 WP_MOVED 0 506377. 3566344. 757. 12
33.657 1 IMU_GYRO 0.052979 0.645752 -0.421387
33.662 1 NAVIGATION 0 1 0. 0. 8421.2 0. 0 0
33.697 1 GPS 0 0 0 0 0 0 0 0 0 0 1
33.734 1 NAVIGATION 0 1 0. 0. 8421.2 0. 0 0
33.734 1 FBW_STATUS 0 46 1 0 0
33.744 1 ATTITUDE -0.010254 -0.529297 -0.227539
33.827 1 COMMANDS -128,76,1904,0
33.844 1 ATTITUDE -0.008789 -0.533936 -0.229248
33.850 1 DESIRED -0. 0.11 4.2 -80. -45. 815. 2.
33.931 1 ACTUATORS 1000,1423,1577,1500
33.944 1 ATTITUDE -0.004639 -0.531494 -0.22876
33.950 1 GPS 0 0 0 0 0 0 0 0 0 0 1
33.953 1 IMU_ACCEL -4.054688 0.632812 9.351562
33.955 1 CALIBRATION 0. 0
33.979 1 NAVIGATION 0 1 0. 0. 8421.2 0. 0 0
34.061 1 BOOT 1
34.063 1 PPRZ_MODE 2 0 0 0 0 6
34.139 1 DOWNLINK_STATUS 35 24919 1121 0 752. 35. 2.77
35.140 1 DOWNLINK_STATUS 36 24919 1121 0 0. 0. -4998.04
35.554 1 WIND_INFO 1 42 0. 0. 0.
36.141 1 DOWNLINK_STATUS 37 24919 1121 0 0. 0. -4998.04
37.142 1 DOWNLINK_STATUS 38 24919 1121 0 0. 0. -4998.04
38.143 1 DOWNLINK_STATUS 39 24919 1121 0 0. 0. -4998.04
39.144 1 DOWNLINK_STATUS 40 24919 1121 0 0. 0. -4998.04
40.145 1 DOWNLINK_STATUS 41 24919 1121 0 0. 0. -9999.12
41.146 1 DOWNLINK_STATUS 42 24919 1121 0 0. 0. -9999.12
42.146 1 DOWNLINK_STATUS 43 24919 1121 0 0. 0. -9999.12
43.147 1 DOWNLINK_STATUS 44 24919 1121 0 0. 0. -9999.12
44.148 1 DOWNLINK_STATUS 45 24919 1121 0 0. 0. -9999.12
45.149 1 DOWNLINK_STATUS 46 24919 1121 0 0. 0. -15000.09
45.554 1 WIND_INFO 1 42 0. 0. 0.
46.150 1 DOWNLINK_STATUS 47 24919 1121 0 0. 0. -15000.09
47.151 1 DOWNLINK_STATUS 48 24919 1121 0 0. 0. -15000.09
48.153 1 DOWNLINK_STATUS 49 24919 1121 0 0. 0. -15000.09
49.153 1 DOWNLINK_STATUS 50 24919 1121 0 0. 0. -15000.09
50.154 1 DOWNLINK_STATUS 51 24919 1121 0 0. 0. -20000.47
51.155 1 DOWNLINK_STATUS 52 24919 1121 0 0. 0. -20000.47
52.155 1 DOWNLINK_STATUS 53 24919 1121 0 0. 0. -20000.47
53.156 1 DOWNLINK_STATUS 54 24919 1121 0 0. 0. -20000.47
