15.951 1 GPS 0 0 0 0 0 0 0 0 0 0 1
15.983 1 NAVIGATION 0 1 0. 0. 8421.2 0. 0 0
15.998 1 ATTITUDE 2.338867 -0.782471 -0.266113
16.004 1 DESIRED -0.7 1.12 4.2 -80. -45. 815. 2.
16.098 1 ATTITUDE 2.338867 -0.782471 -0.265869
16.198 1 ATTITUDE 2.339111 -0.782471 -0.266113
16.204 1 DESIRED -0.7 1.12 4.2 -80. -45. 815. 2.
16.209 1 GPS 0 0 0 0 0 0 0 0 0 0 1
16.233 1 NAVIGATION 0 1 0. 0. 8421.2 0. 0 0
16.242 1 PONG 
16.298 1 ATTITUDE 2.338867 -0.782227 -0.266113
16.300 1 ESTIMATOR 0. 0.
16.303 1 IMU_ACCEL -6.860352 -1.760742 -6.933594
16.306 1 IMU_MAG 0.376953 0.587402 1.291992
16.398 1 ATTITUDE 2.338867 -0.782471 -0.265869
16.404 1 DESIRED -0.7 1.12 4.2 -80. -45. 815. 2.
16.406 1 WP_MOVED 4 506374.40625 3566337.75 805. 12
16.409 1 IMU_GYRO -0.012695 -0.000977 0.015869
16.415 1 NAVIGATION 0 1 0. 0. 8421.2 0. 0 0
16.450 1 GPS 0 0 0 0 0 0 0 0 0 0 1
16.480 1 FBW_STATUS 2 0 1 0 0
16.485 1 NAVIGATION 0 1 0. 0. 8421.2 0. 0 0
16.498 1 ATTITUDE 2.338867 -0.782471 -0.265869
16.598 1 ATTITUDE 2.338867 -0.782471 -0.265869
16.604 1 DESIRED -0.7 1.12 4.2 -80. -45. 815. 2.
16.698 1 ATTITUDE 2.338867 -0.782471 -0.265869
16.704 1 GPS 0 0 0 0 0 0 0 0 0 0 1
16.707 1 BAT 0 0 0 0 1 132 132 0
16.733 1 NAVIGATION 0 1 0. 0. 8421.2 0. 0 0
16.742 1 DOWNLINK_STATUS 6 4918 221 0 804. 36. 3.33
16.798 1 ATTITUDE 2.338867 -0.781982 -0.265869
16.804 1 DESIRED -0.7 1.12 4.2 -80. -45. 815. 2.
16.805 1 ESTIMATOR 0. 0.
16.898 1 ATTITUDE 2.338867 -0.781982 -0.265869
16.901 1 WP_MOVED 5 506402.3125 3566363.25 820. 12
16.950 1 GPS 0 0 0 0 0 0 0 0 0 0 1
16.983 1 NAVIGATION 0 1 0. 0. 8421.2 0. 0 0
16.998 1 ATTITUDE 2.338867 -0.781982 -0.265869
17.004 1 DESIRED -0.7 1.12 4.2 -80. -45. 815. 2.
17.007 1 IMU_GYRO -0.012695 0.006348 0.014893
17.098 1 ATTITUDE 2.338867 -0.781982 -0.265869
17.101 1 IMU_ACCEL -6.869141 -1.765625 -6.900391
17.102 1 DL_VALUE 4 0.
17.197 1 ATTITUDE 2.338623 -0.782227 -0.265869
17.203 1 DESIRED -0.7 1.12 4.2 -80. -45. 815. 2.
17.208 1 GPS 0 0 0 0 0 0 0 0 0 0 1
17.211 1 GPS_SOL 0 0 0 0
17.232 1 NAVIGATION 0 1 0. 0. 8421.2 0. 0 0
17.297 1 ATTITUDE 2.338623 -0.782471 -0.265869
17.299 1 ESTIMATOR 0. 0.
17.398 1 ATTITUDE 2.338623 -0.782471 -0.265869
17.404 1 DESIRED -0.7 1.12 4.2 -80. -45. 815. 2.
17.406 1 WP_MOVED 6 506374.40625 3566337.75 820. 12
17.412 1 NAVIGATION 0 1 0. 0. 8421.2 0. 0 0
17.450 1 GPS 0 0 0 0 0 0 0 0 0 0 1
17.483 1 NAVIGATION 0 1 0. 0. 8421.2 0. 0 0
17.498 1 ATTITUDE 2.338867 -0.782227 -0.265625
17.498 1 STATE_FILTER_STATUS 3 0
17.598 1 ATTITUDE 2.338623 -0.782227 -0.265869
17.604 1 DESIRED -0.7 1.12 4.2 -80. -45. 815. 2.
17.606 1 IMU_GYRO -0.012695 0.008301 0.015869
17.610 1 IMU_MAG 0.367188 0.593262 1.294922
17.612 1 CALIBRATION -150. 0
17.698 1 ATTITUDE 2.338867 -0.782227 -0.265869
17.704 1 GPS 0 0 0 0 0 0 0 0 0 0 1
17.733 1 NAVIGATION 0 1 0. 0. 8421.2 0. 0 0
17.743 1 DOWNLINK_STATUS 7 5718 257 0 800. 36. 3.33
17.798 1 ATTITUDE 2.338623 -0.782227 -0.265869
17.804 1 DESIRED -0.7 1.12 4.2 -80. -45. 815. 2.
17.805 1 ESTIMATOR 0. 0.
17.810 1 BAT 0 0 0 0 1 133 133 0
17.898 1 ATTITUDE 2.338623 -0.781982 -0.265869
17.901 1 WP_MOVED 7 506350.5 3566270.75 805. 12
17.904 1 IMU_ACCEL -6.883789 -1.808594 -6.890625
17.950 1 GPS 0 0 0 0 0 0 0 0 0 0 1
17.983 1 NAVIGATION 0 1 0. 0. 8421.2 0. 0 0
17.998 1 ATTITUDE 2.338623 -0.781738 -0.265869
18.004 1 DESIRED -0.7 1.12 4.2 -80. -45. 815. 2.
18.098 1 ATTITUDE 2.338623 -0.782227 -0.265869
18.100 1 ENERGY 0. 0. 0 0.
18.198 1 ATTITUDE 2.338623 -0.782471 -0.265869
18.204 1 DESIRED -0.7 1.12 4.2 -80. -45. 815. 2.
18.209 1 GPS 0 0 0 0 0 0 0 0 0 0 1
18.213 1 IMU_GYRO -0.012695 0. 0.014893
18.233 1 NAVIGATION 0 1 0. 0. 8421.2 0. 0 0
18.298 1 ATTITUDE 2.338867 -0.781982 -0.265869
18.299 1 ESTIMATOR 0. 0.
18.398 1 ATTITUDE 2.338623 -0.781982 -0.265869
18.404 1 DESIRED -0.7 1.12 4.2 -80. -45. 815. 2.
18.406 1 WP_MOVED 8 506254.8125 3566257.5 815. 12
18.412 1 NAVIGATION 0 1 0. 0. 8421.2 0. 0 0
18.450 1 GPS 0 0 0 0 0 0 0 0 0 0 1
18.480 1 FBW_STATUS 2 0 1 0 0
18.485 1 NAVIGATION 0 1 0. 0. 8421.2 0. 0 0
18.498 1 ATTITUDE 2.338623 -0.781982 -0.265869
18.598 1 ATTITUDE 2.338623 -0.781982 -0.265869
18.604 1 DESIRED -0.7 1.12 4.2 -80. -45. 815. 2.
18.605 1 DL_VALUE 5 0.
18.606 1 DOWNLINK 13 810 4914
18.698 1 ATTITUDE 2.338623 -0.781982 -0.265869
18.703 1 GPS 0 0 0 0 0 0 0 0 0 0 1
18.706 1 IMU_ACCEL -6.90332 -1.775391 -6.961914
18.733 1 NAVIGATION 0 1 0. 0. 8421.2 0. 0 0
18.743 1 DOWNLINK_STATUS 8 6528 293 0 810. 36. 3.33
18.798 1 ATTITUDE 2.338623 -0.781982 -0.265869
18.804 1 DESIRED -0.7 1.12 4.2 -80. -45. 815. 2.
18.805 1 ESTIMATOR 0. 0.
18.808 1 IMU_GYRO -0.012695 0.000977 0.015869
18.898 1 ATTITUDE 2.338379 -0.782227 -0.265869
18.901 1 WP_MOVED 9 506213.8125 3566287.5 815. 12
18.904 1 BAT 0 0 0 0 1 134 134 0
18.907 1 IMU_MAG 0.369629 0.601562 1.289062
18.950 1 GPS 0 0 0 0 0 0 0 0 0 0 1
18.983 1 NAVIGATION 0 1 0. 0. 8421.2 0. 0 0
18.998 1 ATTITUDE 2.338623 -0.782227 -0.265869
19.004 1 DESIRED -0.7 1.12 4.2 -80. -45. 815. 2.
19.098 1 ATTITUDE 2.338623 -0.782715 -0.265869
19.198 1 ATTITUDE 2.338623 -0.782715 -0.265869
19.204 1 DESIRED -0.7 1.12 4.2 -80. -45. 815. 2.
19.209 1 GPS 0 0 0 0 0 0 0 0 0 0 1
19.211 1 GPS_SOL 0 0 0 0
19.232 1 NAVIGATION 0 1 0. 0. 8421.2 0. 0 0
19.298 1 ATTITUDE 2.338623 -0.782959 -0.265869
19.300 1 ESTIMATOR 0. 0.
19.398 1 ATTITUDE 2.338867 -0.783203 -0.265625
19.404 1 DESIRED -0.7 1.12 4.2 -80. -45. 815. 2.
19.407 1 WP_MOVED 0 506377. 3566344. 757. 12
19.410 1 IMU_GYRO -0.012695 0.003174 0.014893
19.415 1 NAVIGATION 0 1 0. 0. 8421.2 0. 0 0
19.450 1 GPS 0 0 0 0 0 0 0 0 0 0 1
19.482 1 NAVIGATION 0 1 0. 0. 8421.2 0. 0 0
19.498 1 ATTITUDE 2.338867 -0.783203 -0.265625
19.501 1 IMU_ACCEL -6.850586 -1.785156 -6.900391
19.580 1 COMMANDS 0,-9600,7624
19.598 1 ATTITUDE 2.338867 -0.783203 -0.265625
19.604 1 DESIRED -0.7 1.12 4.2 -80. -45. 815. 2.
19.680 1 ACTUATORS 1000,1896,1000
19.698 1 ATTITUDE 2.338867 -0.782715 -0.265625
19.703 1 GPS 0 0 0 0 0 0 0 0 0 0 1
19.704 1 CALIBRATION -150. 0
19.706 1 STATE_FILTER_STATUS 3 0
19.733 1 NAVIGATION 0 1 0. 0. 8421.2 0. 0 0
19.745 1 DOWNLINK_STATUS 9 7363 331 0 835. 38. 3.33
19.798 1 ATTITUDE 2.338867 -0.782227 -0.265625
19.803 1 DESIRED -0.7 1.12 4.2 -80. -45. 815. 2.
19.805 1 ESTIMATOR 0. 0.
19.898 1 ATTITUDE 2.338623 -0.782227 -0.265625
19.901 1 WP_MOVED 1 506335. 3566302. 765. 12
19.950 1 GPS 0 0 0 0 0 0 0 0 0 0 1
19.982 1 NAVIGATION 0 1 0. 0. 8421.2 0. 0 0
19.998 1 ATTITUDE 2.338379 -0.781982 -0.265625
20.004 1 DESIRED -0.7 1.12 4.2 -80. -45. 815. 2.
20.007 1 IMU_GYRO -0.012695 0.014893 0.012695
20.010 1 BAT 0 0 0 0 1 135 135 0
20.098 1 ATTITUDE 2.338867 -0.781982 -0.265381
20.100 1 DL_VALUE 6 120.
20.198 1 ATTITUDE 2.338623 -0.781738 -0.265381
20.204 1 DESIRED -0.7 1.12 4.2 -80. -45. 815. 2.
20.209 1 GPS 0 0 0 0 0 0 0 0 0 0 1
20.212 1 IMU_MAG 0.367188 0.593262 1.286133
20.232 1 NAVIGATION 0 1 0. 0. 8421.2 0. 0 0
20.298 1 ATTITUDE 2.338379 -0.781982 -0.265381
20.300 1 ESTIMATOR 0. 0.
20.303 1 IMU_ACCEL -6.922852 -1.790039 -6.948242
20.398 1 ATTITUDE 2.338379 -0.781494 -0.265381
20.404 1 DESIRED -0.7 1.12 4.2 -80. -45. 815. 2.
20.407 1 WP_MOVED 2 506254.8125 3566257.5 815. 12
20.411 1 NAVIGATION 0 1 0. 0. 8421.2 0. 0 0
20.450 1 GPS 0 0 0 0 0 0 0 0 0 0 1
20.480 1 FBW_STATUS 2 0 1 0 0
20.485 1 NAVIGATION 0 1 0. 0. 8421.2 0. 0 0
20.497 1 ATTITUDE 2.338379 -0.78125 -0.265381
20.598 1 ATTITUDE 2.338379 -0.781494 -0.265381
20.603 1 DESIRED -0.7 1.12 4.2 -80. -45. 815. 2.
20.607 1 IMU_GYRO -0.010498 0. 0.015869
20.609 1 ENERGY 0. 0. 0 0.
20.698 1 ATTITUDE 2.338379 -0.781006 -0.265381
20.703 1 GPS 0 0 0 0 0 0 0 0 0 0 1
20.707 1 ALIVE 195,128,2,175,184,187,18,76,151,179,204,79,51,232,53,88
20.732 1 NAVIGATION 0 1 0. 0. 8421.2 0. 0 0
20.745 1 DOWNLINK_STATUS 10 8203 368 0 840. 37. 3.33
20.798 1 ATTITUDE 2.338379 -0.781006 -0.265381
20.803 1 DESIRED -0.7 1.12 4.2 -80. -45. 815. 2.
20.805 1 ESTIMATOR 0. 0.
20.807 1 PPRZ_MODE 2 3 3 0 0 6
20.898 1 ATTITUDE 2.338379 -0.781494 -0.265381
20.901 1 WP_MOVED 3 506350.5 3566257. 805. 12
20.950 1 GPS 0 0 0 0 0 0 0 0 0 0 1
20.982 1 NAVIGATION 0 1 0. 0. 8421.2 0. 0 0
20.998 1 ATTITUDE 2.338379 -0.781738 -0.265381
21.003 1 DESIRED -0.7 1.12 4.2 -80. -45. 815. 2.
21.098 1 ATTITUDE 2.338379 -0.781982 -0.265381
21.101 1 IMU_ACCEL -6.898438 -1.794922 -6.953125
21.104 1 BAT 0 0 0 0 1 136 136 0
21.107 1 NAVIGATION_REF 506335 3566302 12
21.198 1 ATTITUDE 2.337891 -0.781738 -0.265381
21.203 1 DESIRED -0.7 1.12 4.2 -80. -45. 815. 2.
21.209 1 GPS 0 0 0 0 0 0 0 0 0 0 1
21.212 1 IMU_GYRO -0.012695 0.015869 0.009521
21.215 1 GPS_SOL 0 0 0 0
21.232 1 NAVIGATION 0 1 0. 0. 8421.2 0. 0 0
21.243 1 PONG 
21.298 1 ATTITUDE 2.338135 -0.781738 -0.265869
21.300 1 ESTIMATOR 0. 0.
21.398 1 ATTITUDE 2.337891 -0.781738 -0.266113
21.403 1 DESIRED -0.7 1.12 4.2 -80. -45. 815. 2.
21.407 1 WP_MOVED 4 506374.40625 3566337.75 805. 12
21.411 1 NAVIGATION 0 1 0. 0. 8421.2 0. 0 0
21.450 1 GPS 0 0 0 0 0 0 0 0 0 0 1
21.482 1 NAVIGATION 0 1 0. 0. 8421.2 0. 0 0
21.498 1 ATTITUDE 2.337402 -0.781982 -0.265869
21.501 1 IMU_MAG 0.369629 0.596191 1.314941
21.598 1 ATTITUDE 2.337646 -0.781982 -0.265869
21.603 1 DESIRED -0.7 1.12 4.2 -80. -45. 815. 2.
21.604 1 DL_VALUE 7 2.
21.697 1 ATTITUDE 2.337646 -0.782715 -0.265869
21.703 1 GPS 0 0 0 0 0 0 0 0 0 0 1
21.732 1 NAVIGATION 0 1 0. 0. 8421.2 0. 0 0
21.747 1 DOWNLINK_STATUS 11 9018 405 0 815. 37. 3.45
21.798 1 ATTITUDE 2.337402 -0.782715 -0.265869
21.803 1 DESIRED -0.7 1.12 4.2 -80. -45. 815. 2.
21.806 1 ESTIMATOR 0. 0.
21.809 1 IMU_GYRO -0.012695 0.014893 0.013672
21.810 1 CALIBRATION -150. 0
21.897 1 ATTITUDE 2.337646 -0.782715 -0.265869
21.901 1 WP_MOVED 5 506402.3125 3566363.25 820. 12
21.904 1 IMU_ACCEL -6.878906 -1.74707 -6.895508
21.905 1 STATE_FILTER_STATUS 3 0
21.950 1 GPS 0 0 0 0 0 0 0 0 0 0 1
21.982 1 NAVIGATION 0 1 0. 0. 8421.2 0. 0 0
21.997 1 ATTITUDE 2.337646 -0.782715 -0.266113
22.003 1 DESIRED -0.7 1.12 4.2 -80. -45. 815. 2.
22.097 1 ATTITUDE 2.337646 -0.782227 -0.266113
22.197 1 ATTITUDE 2.337402 -0.782227 -0.266113
22.203 1 DESIRED -0.7 1.12 4.2 -80. -45. 815. 2.
22.209 1 GPS 0 0 0 0 0 0 0 0 0 0 1
22.212 1 BAT 0 0 0 0 1 137 137 0
22.232 1 NAVIGATION 0 1 0. 0. 8421.2 0. 0 0
22.297 1 ATTITUDE 2.337158 -0.782471 -0.266113
22.299 1 ESTIMATOR 0. 0.
22.397 1 ATTITUDE 2.337158 -0.782227 -0.265869
22.403 1 DESIRED -0.7 1.12 4.2 -80. -45. 815. 2.
22.407 1 WP_MOVED 6 506374.40625 3566337.75 820. 12
22.409 1 IMU_GYRO -0.012695 -0.000977 0.015869
22.414 1 NAVIGATION 0 1 0. 0. 8421.2 0. 0 0
22.450 1 GPS 0 0 0 0 0 0 0 0 0 0 1
22.480 1 FBW_STATUS 2 0 1 0 0
