4.171 1 GPS 0 0 0 0 0 0 0 0 0 0 1
4.203 1 NAVIGATION 0 1 0. 0. 8421.2 0. 0 0
4.219 1 ATTITUDE 3.073975 0.637939 0.669678
4.225 1 DESIRED -0.8 0.1 4.2 -80. -45. 815. 2.
4.319 1 ATTITUDE 3.073975 0.638184 0.669434
4.322 1 IMU_ACCEL -1.37793 -0.570312 -9.72168
4.419 1 ATTITUDE 3.073975 0.638428 0.669678
4.424 1 DESIRED -0.8 0.1 4.2 -80. -45. 815. 2.
4.430 1 GPS 0 0 0 0 0 0 0 0 0 0 1
4.433 1 IMU_GYRO -0.001953 0.011475 0.014893
4.436 1 GPS_SOL 0 0 0 0
4.453 1 NAVIGATION 0 1 0. 0. 8421.2 0. 0 0
4.519 1 ATTITUDE 3.073975 0.638672 0.669678
4.521 1 ESTIMATOR 0. 0.
4.524 1 IMU_MAG -0.519043 0.62207 1.850098
4.526 1 STATE_FILTER_STATUS 3 0
4.619 1 ATTITUDE 3.073975 0.638916 0.669678
4.624 1 DESIRED -0.8 0.1 4.2 -80. -45. 815. 2.
4.628 1 WP_MOVED 4 506374.40625 3566337.75 805. 12
4.641 1 NAVIGATION 0 1 0. 0. 8421.2 0. 0 0
4.671 1 GPS 0 0 0 0 0 0 0 0 0 0 1
4.703 1 NAVIGATION 0 1 0. 0. 8421.2 0. 0 0
4.719 1 ATTITUDE 3.073975 0.63916 0.669922
4.819 1 ATTITUDE 3.073975 0.63916 0.669922
4.824 1 DESIRED -0.8 0.1 4.2 -80. -45. 815. 2.
4.828 1 BAT 0 0 0 0 1 197 197 0
4.830 1 DL_VALUE 11 1.
4.920 1 ATTITUDE 3.073975 0.63916 0.669678
4.924 1 GPS 0 0 0 0 0 0 0 0 0 0 1
4.953 1 NAVIGATION 0 1 0. 0. 8421.2 0. 0 0
5.019 1 ATTITUDE 3.07373 0.63916 0.669678
5.024 1 DESIRED -0.8 0.1 4.2 -80. -45. 815. 2.
5.027 1 ESTIMATOR 0. 0.
5.030 1 IMU_GYRO -0.006348 0.010498 0.013672
5.042 1 DOWNLINK_STATUS 8 6623 298 0 809. 36. 2.66
5.119 1 ATTITUDE 3.07373 0.639404 0.669678
5.122 1 WP_MOVED 5 506402.3125 3566363.25 820. 12
5.125 1 IMU_ACCEL -1.349609 -0.561523 -9.72168
5.171 1 GPS 0 0 0 0 0 0 0 0 0 0 1
5.203 1 NAVIGATION 0 1 0. 0. 8421.2 0. 0 0
5.219 1 ATTITUDE 3.07373 0.63916 0.669678
5.224 1 DESIRED -0.8 0.1 4.2 -80. -45. 815. 2.
5.319 1 ATTITUDE 3.07373 0.638916 0.669678
5.419 1 ATTITUDE 3.07373 0.63916 0.669678
5.424 1 DESIRED -0.8 0.1 4.2 -80. -45. 815. 2.
5.430 1 GPS 0 0 0 0 0 0 0 0 0 0 1
5.453 1 NAVIGATION 0 1 0. 0. 8421.2 0. 0 0
5.519 1 ATTITUDE 3.07373 0.639404 0.669434
5.521 1 ESTIMATOR 0. 0.
5.619 1 ATTITUDE 3.073486 0.63916 0.669678
5.624 1 DESIRED -0.8 0.1 4.2 -80. -45. 815. 2.
5.628 1 WP_MOVED 6 506374.40625 3566337.75 820. 12
5.631 1 IMU_GYRO -0.00415 -0.001953 0.016846
5.636 1 NAVIGATION 0 1 0. 0. 8421.2 0. 0 0
5.671 1 GPS 0 0 0 0 0 0 0 0 0 0 1
5.703 1 NAVIGATION 0 1 0. 0. 8421.2 0. 0 0
5.706 1 FBW_STATUS 2 0 1 0 0
5.719 1 ATTITUDE 3.073486 0.63916 0.669434
5.819 1 ATTITUDE 3.073486 0.639404 0.669434
5.824 1 DESIRED -0.8 0.1 4.2 -80. -45. 815. 2.
5.828 1 IMU_MAG -0.516602 0.625 1.844238
5.919 1 ATTITUDE 3.073486 0.639648 0.669434
5.924 1 GPS 0 0 0 0 0 0 0 0 0 0 1
5.927 1 IMU_ACCEL -1.364258 -0.546875 -9.726562
5.931 1 BAT 0 0 0 0 1 198 198 0
5.933 1 CALIBRATION -150. 0
5.953 1 NAVIGATION 0 1 0. 0. 8421.2 0. 0 0
6.018 1 ATTITUDE 3.07373 0.639648 0.669434
6.024 1 DESIRED -0.8 0.1 4.2 -80. -45. 815. 2.
6.027 1 ESTIMATOR 0. 0.
6.043 1 DOWNLINK_STATUS 9 7420 333 0 797. 35. 2.66
6.118 1 ATTITUDE 3.07373 0.639893 0.669434
6.122 1 WP_MOVED 7 506350.5 3566270.75 805. 12
6.171 1 GPS 0 0 0 0 0 0 0 0 0 0 1
6.203 1 NAVIGATION 0 1 0. 0. 8421.2 0. 0 0
6.218 1 ATTITUDE 3.073975 0.639893 0.669434
6.224 1 DESIRED -0.8 0.1 4.2 -80. -45. 815. 2.
6.228 1 IMU_GYRO -0.001953 -0.007324 0.014893
6.318 1 ATTITUDE 3.07373 0.639893 0.669922
6.320 1 DL_VALUE 0 0.
6.324 1 ENERGY 0. 0. 0 0.
6.418 1 ATTITUDE 3.07373 0.639648 0.669678
6.424 1 DESIRED -0.8 0.1 4.2 -80. -45. 815. 2.
6.430 1 GPS 0 0 0 0 0 0 0 0 0 0 1
6.433 1 GPS_SOL 0 0 0 0
6.453 1 NAVIGATION 0 1 0. 0. 8421.2 0. 0 0
6.518 1 ATTITUDE 3.07373 0.639648 0.669434
6.521 1 ESTIMATOR 0. 0.
6.618 1 ATTITUDE 3.07373 0.639648 0.669434
6.624 1 DESIRED -0.8 0.1 4.2 -80. -45. 815. 2.
6.628 1 WP_MOVED 8 506254.8125 3566257.5 815. 12
6.632 1 NAVIGATION 0 1 0. 0. 8421.2 0. 0 0
6.671 1 GPS 0 0 0 0 0 0 0 0 0 0 1
6.703 1 NAVIGATION 0 1 0. 0. 8421.2 0. 0 0
6.718 1 ATTITUDE 3.07373 0.639893 0.669434
6.722 1 IMU_ACCEL -1.37793 -0.584961 -9.745117
6.723 1 STATE_FILTER_STATUS 3 0
6.818 1 ATTITUDE 3.073975 0.639893 0.669434
6.824 1 DESIRED -0.8 0.1 4.2 -80. -45. 815. 2.
6.827 1 IMU_GYRO -0.006348 -0.005127 0.013672
