15.070 1 GPS 0 1130805120 0 0 -17000 0 0 0 46250 12 8
15.102 1 NAVIGATION 0 2 10801716. -3566302. 1.29394907546e+14 1.29395570246e+14 0 0
15.117 1 ATTITUDE 2.943115 -1.936035 -0.642334
15.123 1 DESIRED -0.74 0.1 5. 16. -45. 805. 2.
15.217 1 ATTITUDE 2.948975 -1.940674 -0.643311
15.220 1 NAVIGATION_REF 506335 3566302 12
15.317 1 ATTITUDE 2.95166 -1.942871 -0.64502
15.323 1 DESIRED -0.74 0.1 5. 16. -45. 805. 2.
15.329 1 GPS 0 1130805120 0 0 -17000 0 0 0 46250 12 9
15.332 1 IMU_GYRO -0.014893 -0.013672 -0.031738
15.335 1 GPS_SOL 795628864 100115 9999 0
15.352 1 NAVIGATION 0 2 10801716. -3566302. 1.29394907546e+14 1.29395570246e+14 0 0
15.413 1 DOWNLINK_STATUS 4 3314 148 0 873. 39. 0.
15.417 1 ATTITUDE 2.94873 -1.940186 -0.643555
15.420 1 ESTIMATOR -16.999998 2e-06
15.517 1 ATTITUDE 2.951904 -1.943359 -0.64502
15.523 1 DESIRED -0.74 0.1 5. 16. -45. 805. 2.
15.527 1 WP_MOVED 4 506374.40625 3566337.75 805. 12
15.531 1 NAVIGATION 0 2 10801716. -3566302. 1.29394907546e+14 1.29395570246e+14 0 0
15.571 1 GPS 0 1130805120 0 0 -17000 0 0 0 46500 12 10
15.602 1 NAVIGATION 0 2 10801716. -3566302. 1.29394907546e+14 1.29395570246e+14 0 0
15.617 1 ATTITUDE 2.954346 -1.945312 -0.645752
15.620 1 IMU_ACCEL 9.088867 -1.338867 -3.727539
15.622 1 CALIBRATION -150. 0
15.717 1 ATTITUDE 2.952148 -1.942871 -0.645752
15.723 1 DESIRED -0.74 0.1 5. 16. -45. 805. 2.
15.725 1 DL_VALUE 7 2.
15.817 1 ATTITUDE 2.948242 -1.940186 -0.64502
15.823 1 GPS 0 1130805120 0 0 -17000 0 0 0 46750 12 11
15.825 1 STATE_FILTER_STATUS 3 0
15.852 1 NAVIGATION 0 2 10801716. -3566302. 1.29394907546e+14 1.29395570246e+14 0 0
15.917 1 ATTITUDE 2.950684 -1.94165 -0.645508
15.923 1 DESIRED -0.74 0.1 5. 16. -45. 805. 2.
15.926 1 ESTIMATOR -16.999998 1e-06
15.929 1 IMU_GYRO -0.023193 -0.031738 0.008301
15.932 1 IMU_MAG -1.638184 -0.610352 1.424316
16.017 1 ATTITUDE 2.951172 -1.938721 -0.643066
16.021 1 WP_MOVED 5 506402.3125 3566363.25 820. 12
16.023 1 DOWNLINK 4 818 1743
16.074 1 GPS 0 1130805120 0 0 -17000 0 0 0 47000 12 12
16.103 1 NAVIGATION 0 2 10801716. -3566302. 1.29394907546e+14 1.29395570246e+14 0 0
16.117 1 ATTITUDE 2.946777 -1.929932 -0.640381
16.123 1 DESIRED -0.74 0.1 5. 16. -45. 805. 2.
16.127 1 BAT 0 0 0 0 0 47 47 0
16.217 1 ATTITUDE 2.934814 -1.924072 -0.652344
16.317 1 ATTITUDE 2.942871 -1.935791 -0.652588
16.323 1 DESIRED -0.74 0.1 5. 16. -45. 805. 2.
16.329 1 GPS 0 1130805120 0 0 -17000 0 0 0 47250 12 13
16.352 1 NAVIGATION 0 2 10801716. -3566302. 1.29394907546e+14 1.29395570246e+14 0 0
16.414 1 DOWNLINK_STATUS 5 4110 184 0 796. 36. 0.
16.417 1 ATTITUDE 2.953857 -1.94751 -0.65332
16.420 1 ESTIMATOR -16.999998 0.
16.423 1 IMU_ACCEL 9.295898 -1.348633 -3.581055
16.517 1 ATTITUDE 2.95166 -1.94458 -0.651611
16.523 1 DESIRED -0.74 0.1 5. 16. -45. 805. 2.
16.527 1 WP_MOVED 6 506374.40625 3566337.75 820. 12
16.530 1 IMU_GYRO -0.023193 -0.025391 0.014893
16.534 1 NAVIGATION 0 2 10801716. -3566302. 1.29394907546e+14 1.29395570246e+14 0 0
16.574 1 GPS 0 1130805120 0 0 -17000 0 0 0 47500 12 14
16.600 1 FBW_STATUS 2 0 1 0 0
16.604 1 NAVIGATION 0 2 10801716. -3566302. 1.29394907546e+14 1.29395570246e+14 0 0
16.617 1 ATTITUDE 2.947754 -1.937988 -0.648438
16.717 1 ATTITUDE 2.946045 -1.93457 -0.642822
16.723 1 DESIRED -0.74 0.1 5. 16. -45. 805. 2.
16.817 1 ATTITUDE 2.945801 -1.933594 -0.640869
16.823 1 GPS 0 1130805120 0 0 -17000 0 0 0 48000 12 15
16.852 1 NAVIGATION 0 2 10801716. -3566302. 1.29394907546e+14 1.29395570246e+14 0 0
16.912 1 PONG 
16.917 1 ATTITUDE 2.95166 -1.939941 -0.642334
16.923 1 DESIRED -0.74 0.1 5. 16. -45. 805. 2.
16.925 1 ESTIMATOR -16.999998 -0.
17.017 1 ATTITUDE 2.947266 -1.932129 -0.636719
17.021 1 WP_MOVED 7 506350.5 3566270.75 805. 12
17.074 1 GPS 0 1130805120 0 0 -17000 0 0 0 48250 12 16
17.102 1 NAVIGATION 0 2 10801716. -3566302. 1.29394907546e+14 1.29395570246e+14 0 0
17.117 1 ATTITUDE 2.955811 -1.933105 -0.63623
17.123 1 DESIRED -0.74 0.1 5. 16. -45. 805. 2.
17.126 1 IMU_GYRO -0.061523 -0.001953 0.016846
17.217 1 ATTITUDE 2.956299 -1.931396 -0.633545
17.220 1 IMU_ACCEL 8.901367 -1.410156 -3.823242
17.224 1 BAT 0 0 0 0 0 48 48 0
17.227 1 IMU_MAG -1.640625 -0.581543 1.458496
17.229 1 DL_VALUE 8 0.
17.232 1 ENERGY 0. 0. 0 0.
17.317 1 ATTITUDE 2.955078 -1.931885 -0.633057
17.323 1 DESIRED -0.74 0.1 5. 16. -45. 805. 2.
17.329 1 GPS 0 1130805120 0 0 -17000 0 0 0 48250 12 1
17.332 1 GPS_SOL 795630464 100121 9999 0
17.352 1 NAVIGATION 0 2 10801716. -3566302. 1.29394907546e+14 1.29395570246e+14 0 0
17.414 1 DOWNLINK_STATUS 6 4968 223 0 858. 39. 3.56
17.417 1 ATTITUDE 2.95459 -1.933105 -0.630859
17.420 1 ESTIMATOR -16.999998 -1e-06
17.517 1 ATTITUDE 2.953613 -1.933105 -0.629639
17.523 1 DESIRED -0.74 0.1 5. 16. -45. 805. 2.
17.526 1 WP_MOVED 8 506254.8125 3566257.5 815. 12
17.531 1 NAVIGATION 0 2 10801716. -3566302. 1.29394907546e+14 1.29395570246e+14 0 0
17.570 1 GPS 0 1130805120 0 0 -17000 0 0 0 48500 12 2
17.602 1 NAVIGATION 0 2 10801716. -3566302. 1.29394907546e+14 1.29395570246e+14 0 0
17.617 1 ATTITUDE 2.952637 -1.931641 -0.627686
17.717 1 ATTITUDE 2.954346 -1.933838 -0.628662
17.724 1 DESIRED -0.74 0.1 5. 16. -45. 805. 2.
17.726 1 IMU_GYRO -0.006348 -0.011475 -0.027588
17.728 1 CALIBRATION -150. 0
17.817 1 ATTITUDE 2.955811 -1.935791 -0.629883
17.823 1 GPS 0 1130805120 0 0 -17000 0 0 0 48750 12 3
17.852 1 NAVIGATION 0 2 10801716. -3566302. 1.29394907546e+14 1.29395570246e+14 0 0
17.917 1 ATTITUDE 2.959229 -1.939209 -0.631348
17.923 1 DESIRED -0.74 0.1 5. 16. -45. 805. 2.
17.925 1 ESTIMATOR -16.999998 -1e-06
18.017 1 ATTITUDE 2.959229 -1.939209 -0.631592
18.021 1 WP_MOVED 9 506213.8125 3566287.5 815. 12
18.024 1 IMU_ACCEL 8.84375 -1.444336 -3.870117
18.025 1 STATE_FILTER_STATUS 3 0
18.075 1 GPS 0 1130805120 0 0 -17000 0 0 0 49250 12 4
18.102 1 NAVIGATION 0 2 10801716. -3566302. 1.29394907546e+14 1.29395570246e+14 0 0
18.117 1 ATTITUDE 2.955322 -1.935303 -0.629883
18.123 1 DESIRED -0.74 0.1 5. 16. -45. 805. 2.
18.217 1 ATTITUDE 2.95459 -1.935303 -0.629883
18.317 1 ATTITUDE 2.952637 -1.933105 -0.628662
18.323 1 DESIRED -0.74 0.1 5. 16. -45. 805. 2.
18.329 1 GPS 0 1130805120 0 0 -17000 0 0 0 49250 12 5
18.332 1 IMU_GYRO -0.02124 -0.033936 -0.005127
18.335 1 BAT 0 0 0 0 0 49 49 0
18.352 1 NAVIGATION 0 2 10801716. -3566302. 1.29394907546e+14 1.29395570246e+14 0 0
18.414 1 DOWNLINK_STATUS 7 5742 257 0 774. 34. 3.56
18.417 1 ATTITUDE 2.951904 -1.932373 -0.626709
18.419 1 ESTIMATOR -16.999998 -2e-06
18.517 1 ATTITUDE 2.951904 -1.933105 -0.626465
18.523 1 DESIRED -0.74 0.1 5. 16. -45. 805. 2.
18.526 1 WP_MOVED 0 506377. 3566344. 900. 12
18.531 1 NAVIGATION 0 2 10801716. -3566302. 1.29394907546e+14 1.29395570246e+14 0 0
18.534 1 IMU_MAG -1.638184 -0.578613 1.453125
18.570 1 GPS 0 1130805120 0 0 -17000 0 0 0 49500 12 6
18.602 1 NAVIGATION 0 2 10801716. -3566302. 1.29394907546e+14 1.29395570246e+14 0 0
18.604 1 FBW_STATUS 2 0 1 0 0
18.617 1 ATTITUDE 2.952148 -1.932861 -0.626709
18.700 1 COMMANDS 0,9600,-3998,0
18.717 1 ATTITUDE 2.952393 -1.933838 -0.626953
18.723 1 DESIRED -0.74 0.1 5. 16. -45. 805. 2.
18.725 1 DL_VALUE 9 0.
18.800 1 ACTUATORS 1000,1891,1558,1500
18.817 1 ATTITUDE 2.95166 -1.933594 -0.626709
18.823 1 GPS 0 1130805120 0 0 -17000 0 0 0 50000 12 7
18.826 1 IMU_ACCEL 8.848633 -1.492188 -3.875
18.852 1 NAVIGATION 0 2 10801716. -3566302. 1.29394907546e+14 1.29395570246e+14 0 0
18.917 1 ATTITUDE 2.95166 -1.93335 -0.626465
18.923 1 DESIRED -0.74 0.1 5. 16. -45. 805. 2.
18.925 1 ESTIMATOR -16.999998 -2e-06
18.929 1 IMU_GYRO -0.012695 -0.014893 -0.016846
19.017 1 ATTITUDE 2.952148 -1.93457 -0.626709
19.021 1 WP_MOVED 1 506335. 3566302. 765. 12
19.070 1 GPS 0 1130805120 0 0 -17000 0 0 0 50250 12 8
19.102 1 NAVIGATION 0 2 10801716. -3566302. 1.29394907546e+14 1.29395570246e+14 0 0
19.118 1 ATTITUDE 2.951416 -1.934082 -0.625977
19.123 1 DESIRED -0.74 0.1 5. 16. -45. 805. 2.
19.217 1 ATTITUDE 2.950439 -1.933838 -0.625977
19.317 1 ATTITUDE 2.947754 -1.932373 -0.624512
19.323 1 DESIRED -0.74 0.1 5. 16. -45. 805. 2.
19.329 1 GPS 0 1130805120 0 0 -17000 0 0 0 50250 12 9
19.332 1 GPS_SOL 795632128 100127 9999 0
19.352 1 NAVIGATION 0 2 10801716. -3566302. 1.29394907546e+14 1.29395570246e+14 0 0
19.415 1 DOWNLINK_STATUS 8 6548 293 0 806. 36. 3.56
19.417 1 ATTITUDE 2.947266 -1.932129 -0.624756
19.419 1 ESTIMATOR -16.999998 -3e-06
19.423 1 BAT 0 0 0 0 0 50 50 0
19.517 1 ATTITUDE 2.947754 -1.932373 -0.624756
19.523 1 DESIRED -0.74 0.1 5. 16. -45. 805. 2.
19.526 1 WP_MOVED 2 506254.8125 3566257.5 815. 12
19.530 1 IMU_GYRO -0.006348 -0.001953 -0.032959
19.534 1 NAVIGATION 0 2 10801716. -3566302. 1.29394907546e+14 1.29395570246e+14 0 0
19.570 1 GPS 0 1130805120 0 0 -17000 0 0 0 50500 12 10
19.603 1 NAVIGATION 0 2 10801716. -3566302. 1.29394907546e+14 1.29395570246e+14 0 0
19.617 1 ATTITUDE 2.946777 -1.931885 -0.625
19.620 1 IMU_ACCEL 8.78125 -1.55957 -3.780273
19.717 1 ATTITUDE 2.948242 -1.93335 -0.625977
19.723 1 DESIRED -0.74 0.1 5. 16. -45. 805. 2.
19.726 1 ENERGY 0. 0. 0 0.
19.817 1 ATTITUDE 2.947754 -1.931641 -0.625244
19.823 1 GPS 0 1130805120 0 0 -17000 0 0 0 50750 12 11
19.826 1 IMU_MAG -1.630859 -0.575684 1.453125
19.828 1 CALIBRATION -150. 0
19.832 1 ALIVE 37,176,226,237,9,75,50,6,184,30,166,180,60,149,108,159
19.852 1 NAVIGATION 0 2 10801716. -3566302. 1.29394907546e+14 1.29395570246e+14 0 0
19.917 1 ATTITUDE 2.94873 -1.933105 -0.626221
19.923 1 DESIRED -0.74 0.1 5. 16. -45. 805. 2.
19.925 1 ESTIMATOR -16.999998 -4e-06
19.927 1 PPRZ_MODE 2 3 3 0 0 6
20.017 1 ATTITUDE 2.952393 -1.937744 -0.630371
20.020 1 WP_MOVED 3 506350.5 3566257. 805. 12
20.070 1 GPS 0 1130805120 0 0 -17000 0 0 0 51250 12 12
20.102 1 NAVIGATION 0 2 10801716. -3566302. 1.29394907546e+14 1.29395570246e+14 0 0
20.117 1 ATTITUDE 2.95166 -1.927002 -0.624512
20.123 1 DESIRED -0.74 0.1 5. 16. -45. 805. 2.
20.126 1 IMU_GYRO -0.116943 0.02002 -0.11377
20.217 1 ATTITUDE 2.980225 -1.944824 -0.633545
20.219 1 DL_VALUE 10 0.
20.220 1 STATE_FILTER_STATUS 3 0
20.317 1 ATTITUDE 2.968018 -1.935303 -0.62793
20.323 1 DESIRED -0.74 0.1 5. 16. -45. 805. 2.
20.329 1 GPS 0 1130805120 0 0 -17000 0 0 0 51250 12 13
20.352 1 NAVIGATION 0 2 10801716. -3566302. 1.29394907546e+14 1.29395570246e+14 0 0
20.415 1 DOWNLINK_STATUS 9 7406 332 0 858. 39. 3.56
20.417 1 ATTITUDE 2.977539 -1.936768 -0.626709
20.419 1 ESTIMATOR -17. -4e-06
20.423 1 IMU_ACCEL 9.483398 -1.123047 -4.208008
20.517 1 ATTITUDE 2.970215 -1.931396 -0.624512
20.523 1 DESIRED -0.74 0.1 5. 16. -45. 805. 2.
20.526 1 WP_MOVED 4 506374.40625 3566337.75 805. 12
20.531 1 NAVIGATION 0 2 10801716. -3566302. 1.29394907546e+14 1.29395570246e+14 0 0
20.534 1 BAT 0 0 0 0 0 51 51 0
20.570 1 GPS 0 1130805120 0 0 -17000 0 0 0 51500 12 14
20.600 1 FBW_STATUS 2 0 1 0 0
20.604 1 NAVIGATION 0 2 10801716. -3566302. 1.29394907546e+14 1.29395570246e+14 0 0
20.617 1 ATTITUDE 2.982666 -1.942383 -0.630859
20.717 1 ATTITUDE 2.974854 -1.940674 -0.638672
20.723 1 DESIRED -0.74 0.1 5. 16. -45. 805. 2.
20.726 1 IMU_GYRO 0. 0. -0.041504
20.817 1 ATTITUDE 2.97168 -1.947266 -0.64502
20.823 1 GPS 0 1130805120 0 0 -17000 0 0 0 52000 12 15
20.852 1 NAVIGATION 0 2 10801716. -3566302. 1.29394907546e+14 1.29395570246e+14 0 0
20.917 1 ATTITUDE 2.980225 -1.965088 -0.652344
20.923 1 DESIRED -0.74 0.1 5. 16. -45. 805. 2.
20.925 1 ESTIMATOR -17.000002 -3e-06
21.017 1 ATTITUDE 2.980713 -1.968994 -0.655029
21.020 1 WP_MOVED 5 506402.3125 3566363.25 820. 12
21.070 1 GPS 0 1130805120 0 0 -17000 0 0 0 52250 12 16
21.102 1 NAVIGATION 0 2 10801716. -3566302. 1.29394907546e+14 1.29395570246e+14 0 0
21.117 1 ATTITUDE 2.980225 -1.96875 -0.654297
21.123 1 DESIRED -0.74 0.1 5. 16. -45. 805. 2.
21.126 1 IMU_MAG -1.650391 -0.593262 1.453125
21.128 1 DOWNLINK 4 824 1930
21.217 1 ATTITUDE 2.97998 -1.971436 -0.655762
21.220 1 IMU_ACCEL 8.892578 -1.304688 -3.589844
21.317 1 ATTITUDE 2.978271 -1.972168 -0.655273
21.323 1 DESIRED -0.74 0.1 5. 16. -45. 805. 2.
21.329 1 GPS 0 1130805120 0 0 -17000 0 0 0 52250 12 1
21.332 1 IMU_GYRO -0.014893 -0.015869 0.02002
21.335 1 GPS_SOL 795633856 100132 9999 0
21.352 1 NAVIGATION 0 2 10801716. -3566302. 1.29394907546e+14 1.29395570246e+14 0 0
21.416 1 DOWNLINK_STATUS 10 8238 369 0 832. 37. 3.56
21.417 1 ATTITUDE 2.979492 -1.97168 -0.655518
21.419 1 ESTIMATOR -17.000002 -3e-06
21.517 1 ATTITUDE 2.977051 -1.972412 -0.654785
21.523 1 DESIRED -0.74 0.1 5. 16. -45. 805. 2.
21.526 1 WP_MOVED 6 506374.40625 3566337.75 820. 12
21.531 1 NAVIGATION 0 2 10801716. -3566302. 1.29394907546e+14 1.29395570246e+14 0 0
21.570 1 GPS 0 1130805120 0 0 -17000 0 0 0 52500 12 2
21.602 1 NAVIGATION 0 2 10801716. -3566302. 1.29394907546e+14 1.29395570246e+14 0 0
21.617 1 ATTITUDE 2.963867 -1.965088 -0.652832
21.620 1 BAT 0 0 0 0 0 53 53 0
21.717 1 ATTITUDE 2.960938 -1.959473 -0.646729
21.723 1 DESIRED -0.74 0.1 5. 16. -45. 805. 2.
21.725 1 DL_VALUE 11 1.
21.817 1 ATTITUDE 2.96582 -1.962646 -0.642822
21.823 1 GPS 0 1130805120 0 0 -17000 0 0 0 52750 12 3
21.852 1 NAVIGATION 0 2 10801716. -3566302. 1.29394907546e+14 1.29395570246e+14 0 0
21.912 1 PONG 
21.917 1 ATTITUDE 2.967773 -1.964355 -0.645996
21.923 1 DESIRED -0.74 0.1 5. 16. -45. 805. 2.
21.925 1 ESTIMATOR -17.000002 -2e-06
21.928 1 IMU_GYRO -0.006348 -0.046631 0.091309
21.930 1 CALIBRATION -150. 0
22.017 1 ATTITUDE 2.964844 -1.96167 -0.643799
22.020 1 WP_MOVED 7 506350.5 3566270.75 805. 12
22.023 1 IMU_ACCEL 9.12793 -1.37207 -3.775391
22.069 1 GPS 0 1130805120 0 0 -17000 0 0 0 53250 12 4
22.102 1 NAVIGATION 0 2 10801716. -3566302. 1.29394907546e+14 1.29395570246e+14 0 0
22.117 1 ATTITUDE 2.965576 -1.962158 -0.643066
22.123 1 DESIRED -0.74 0.1 5. 16. -45. 805. 2.
22.217 1 ATTITUDE 2.965576 -1.961426 -0.64209
22.220 1 ENERGY 0. 0. 0 0.
22.317 1 ATTITUDE 2.968018 -1.963379 -0.642334
22.323 1 DESIRED -0.74 0.1 5. 16. -45. 805. 2.
22.328 1 GPS 0 1130805120 0 0 -17000 0 0 0 53250 12 5
22.352 1 NAVIGATION 0 2 10801716. -3566302. 1.29394907546e+14 1.29395570246e+14 0 0
22.417 1 ATTITUDE 2.96875 -1.963623 -0.642334
22.417 1 DOWNLINK_STATUS 11 9040 405 0 802. 36. 2.57
22.419 1 ESTIMATOR -17.000002 -2e-06
22.422 1 IMU_MAG -1.645508 -0.587402 1.473145
22.424 1 STATE_FILTER_STATUS 3 0
22.517 1 ATTITUDE 2.968994 -1.964111 -0.642578
22.523 1 DESIRED -0.74 0.1 5. 16. -45. 805. 2.
22.526 1 WP_MOVED 8 506254.8125 3566257.5 815. 12
22.529 1 IMU_GYRO -0.016846 -0.023193 0.030762
22.534 1 NAVIGATION 0 2 10801716. -3566302. 1.29394907546e+14 1.29395570246e+14 0 0
22.569 1 GPS 0 1130805120 0 0 -17000 0 0 0 53500 12 6
22.599 1 FBW_STATUS 2 0 1 0 0
22.604 1 NAVIGATION 0 2 10801716. -3566302. 1.29394907546e+14 1.29395570246e+14 0 0
22.617 1 ATTITUDE 2.966553 -1.960693 -0.641357
22.717 1 ATTITUDE 2.967529 -1.961182 -0.640869
22.723 1 DESIRED -0.74 0.1 5. 16. -45. 805. 2.
22.726 1 BAT 0 0 0 0 0 54 54 0
22.817 1 ATTITUDE 2.970947 -1.962891 -0.641602
22.823 1 GPS 0 1130805120 0 0 -17000 0 0 0 54000 12 7
22.826 1 IMU_ACCEL 8.911133 -1.40625 -3.708984
22.852 1 NAVIGATION 0 2 10801716. -3566302. 1.29394907546e+14 1.29395570246e+14 0 0
22.917 1 ATTITUDE 2.968506 -1.961182 -0.641846
22.923 1 DESIRED -0.74 0.1 5. 16. -45. 805. 2.
22.925 1 ESTIMATOR -17.000002 -1e-06
23.017 1 ATTITUDE 2.969971 -1.964111 -0.64209
23.020 1 WP_MOVED 9 506213.8125 3566287.5 815. 12
23.069 1 GPS 0 1130805120 0 0 -17000 0 0 0 54250 12 8
23.102 1 NAVIGATION 0 2 10801716. -3566302. 1.29394907546e+14 1.29395570246e+14 0 0
23.117 1 ATTITUDE 2.970947 -1.96582 -0.642578
23.123 1 DESIRED -0.74 0.1 5. 16. -45. 805. 2.
23.126 1 IMU_GYRO -0.012695 -0.008301 -0.040283
23.217 1 ATTITUDE 2.974365 -1.969971 -0.644287
23.219 1 DL_VALUE 0 0.
23.317 1 ATTITUDE 2.973145 -1.970215 -0.643555
23.323 1 DESIRED -0.74 0.1 5. 16. -45. 805. 2.
23.328 1 GPS 0 1130805120 0 0 -17000 0 0 0 54250 12 9
23.331 1 GPS_SOL 795635648 100138 9999 0
23.352 1 NAVIGATION 0 2 10801716. -3566302. 1.29394907546e+14 1.29395570246e+14 0 0
23.417 1 ATTITUDE 2.968506 -1.966064 -0.641846
23.417 1 DOWNLINK_STATUS 12 9863 442 0 823. 37. 2.57
23.419 1 ESTIMATOR -17.000002 -0.
23.517 1 ATTITUDE 2.96875 -1.967041 -0.640625
23.523 1 DESIRED -0.74 0.1 5. 16. -45. 805. 2.
23.526 1 WP_MOVED 0 506377. 3566344. 900. 12
23.531 1 NAVIGATION 0 2 10801716. -3566302. 1.29394907546e+14 1.29395570246e+14 0 0
23.569 1 GPS 0 1130805120 0 0 -17000 0 0 0 54500 12 10
23.602 1 NAVIGATION 0 2 10801716. -3566302. 1.29394907546e+14 1.29395570246e+14 0 0
23.617 1 ATTITUDE 2.971924 -1.971191 -0.643066
23.620 1 IMU_ACCEL 9.113281 -1.401367 -3.765625
23.700 1 COMMANDS 0,9600,-4092,0
23.717 1 ATTITUDE 2.971924 -1.971924 -0.643799
23.723 1 DESIRED -0.74 0.1 5. 16. -45. 805. 2.
23.726 1 IMU_GYRO 0.001953 -0.022217 -0.015869
23.729 1 IMU_MAG -1.650391 -0.596191 1.464355
23.800 1 ACTUATORS 1000,1895,1554,1500
23.817 1 ATTITUDE 2.971191 -1.972168 -0.644287
23.822 1 GPS 0 1130805120 0 0 -17000 0 0 0 54750 12 11
23.826 1 BAT 0 0 0 0 0 55 55 0
23.852 1 NAVIGATION 0 2 10801716. -3566302. 1.29394907546e+14 1.29395570246e+14 0 0
23.917 1 ATTITUDE 2.966797 -1.967041 -0.642822
23.923 1 DESIRED -0.74 0.1 5. 16. -45. 805. 2.
23.925 1 ESTIMATOR -17.000002 0.
24.017 1 ATTITUDE 2.967529 -1.966553 -0.643066
24.020 1 WP_MOVED 1 506335. 3566302. 765. 12
24.022 1 CALIBRATION -150. 0
24.069 1 GPS 0 1130805120 0 0 -17000 0 0 0 55250 12 12
24.103 1 NAVIGATION 0 2 10801716. -3566302. 1.29394907546e+14 1.29395570246e+14 0 0
24.117 1 ATTITUDE 2.966064 -1.9646 -0.64209
24.123 1 DESIRED -0.74 0.1 5. 16. -45. 805. 2.
24.217 1 ATTITUDE 2.968262 -1.966553 -0.642822
24.219 1 NAVIGATION_REF 506335 3566302 12
24.317 1 ATTITUDE 2.970703 -1.969482 -0.644043
24.323 1 DESIRED -0.74 0.1 5. 16. -45. 805. 2.
24.328 1 GPS 0 1130805120 0 0 -17000 0 0 0 55250 12 13
24.332 1 IMU_GYRO -0.00415 -0.014893 -0.049805
24.352 1 NAVIGATION 0 2 10801716. -3566302. 1.29394907546e+14 1.29395570246e+14 0 0
24.417 1 ATTITUDE 2.972168 -1.970703 -0.644043
24.417 1 DOWNLINK_STATUS 13 10691 479 0 828. 37. 2.57
24.419 1 ESTIMATOR -17.000002 1e-06
24.422 1 IMU_ACCEL 8.998047 -1.314453 -3.661133
24.517 1 ATTITUDE 2.967285 -1.9646 -0.640869
24.523 1 DESIRED -0.74 0.1 5. 16. -45. 805. 2.
24.526 1 WP_MOVED 2 506254.8125 3566257.5 815. 12
24.531 1 NAVIGATION 0 2 10801716. -3566302. 1.29394907546e+14 1.29395570246e+14 0 0
24.569 1 GPS 0 1130805120 0 0 -17000 0 0 0 55500 12 14
24.599 1 FBW_STATUS 2 0 1 0 0
24.604 1 NAVIGATION 0 2 10801716. -3566302. 1.29394907546e+14 1.29395570246e+14 0 0
24.617 1 ATTITUDE 2.967285 -1.963135 -0.639893
24.618 1 STATE_FILTER_STATUS 3 0
24.717 1 ATTITUDE 2.972656 -1.971191 -0.642578
24.723 1 DESIRED -0.74 0.1 5. 16. -45. 805. 2.
24.725 1 DL_VALUE 1 0.
24.728 1 ENERGY 0. 0. 0 0.
24.817 1 ATTITUDE 2.981689 -1.97998 -0.638428
24.822 1 GPS 0 1130805120 0 0 -17000 0 0 0 56000 12 15
24.826 1 ALIVE 37,176,226,237,9,75,50,6,184,30,166,180,60,149,108,159
24.852 1 NAVIGATION 0 2 10801716. -3566302. 1.29394907546e+14 1.29395570246e+14 0 0
24.917 1 ATTITUDE 2.991943 -1.987549 -0.639648
24.923 1 DESIRED -0.74 0.1 5. 16. -45. 805. 2.
24.925 1 ESTIMATOR -17.000002 1e-06
24.928 1 IMU_GYRO -0.02124 0.001953 -0.025391
24.932 1 BAT 0 0 0 0 0 56 56 0
24.934 1 PPRZ_MODE 2 3 3 0 0 6
25.017 1 ATTITUDE 2.990234 -1.98584 -0.63916
25.020 1 WP_MOVED 3 506350.5 3566257. 805. 12
25.023 1 IMU_MAG -1.647949 -0.601562 1.453125
25.069 1 GPS 0 1130805120 0 0 -17000 0 0 0 56250 12 16
25.102 1 NAVIGATION 0 2 10801716. -3566302. 1.29394907546e+14 1.29395570246e+14 0 0
25.117 1 ATTITUDE 2.998535 -1.990234 -0.642334
25.123 1 DESIRED -0.74 0.1 5. 16. -45. 805. 2.
25.217 1 ATTITUDE 2.970947 -1.966553 -0.645752
25.220 1 IMU_ACCEL 8.988281 -1.62207 -3.823242
25.317 1 ATTITUDE 2.952881 -1.950928 -0.64209
25.323 1 DESIRED -0.74 0.1 5. 16. -45. 805. 2.
25.328 1 GPS 0 1130805120 0 0 -17000 0 0 0 56250 12 1
25.331 1 GPS_SOL 795637568 100144 9999 0
25.351 1 NAVIGATION 0 2 10801716. -3566302. 1.29394907546e+14 1.29395570246e+14 0 0
25.417 1 ATTITUDE 2.954102 -1.952637 -0.642334
25.417 1 DOWNLINK_STATUS 14 11569 519 0 878. 40. 2.57
25.419 1 ESTIMATOR -17.000002 2e-06
25.435 1 WIND_INFO 1 42 0. 0. 0.
25.517 1 ATTITUDE 2.954834 -1.95459 -0.642578
25.523 1 DESIRED -0.74 0.1 5. 16. -45. 805. 2.
25.526 1 WP_MOVED 4 506374.40625 3566337.75 805. 12
25.529 1 IMU_GYRO -0.010498 -0.007324 -0.037109
25.534 1 NAVIGATION 0 2 10801716. -3566302. 1.29394907546e+14 1.29395570246e+14 0 0
25.569 1 GPS 0 1130805120 0 0 -17000 0 0 0 56500 12 2
25.601 1 NAVIGATION 0 2 10801716. -3566302. 1.29394907546e+14 1.29395570246e+14 0 0
25.617 1 ATTITUDE 2.95166 -1.952881 -0.640869
25.717 1 ATTITUDE 2.953857 -1.953857 -0.640869
25.723 1 DESIRED -0.74 0.1 5. 16. -45. 805. 2.
25.817 1 ATTITUDE 2.952881 -1.953857 -0.641846
25.822 1 GPS 0 1130805120 0 0 -17000 0 0 0 56750 12 3
25.851 1 NAVIGATION 0 2 10801716. -3566302. 1.29394907546e+14 1.29395570246e+14 0 0
25.917 1 ATTITUDE 2.959717 -1.964355 -0.64624
25.923 1 DESIRED -0.74 0.1 5. 16. -45. 805. 2.
25.925 1 ESTIMATOR -17.000002 3e-06
26.017 1 ATTITUDE 2.96167 -1.965576 -0.643066
26.020 1 WP_MOVED 5 506402.3125 3566363.25 820. 12
26.023 1 IMU_ACCEL 8.853516 -1.266602 -3.713867
26.027 1 BAT 0 0 0 0 0 57 57 0
26.069 1 GPS 0 1130805120 0 0 -17000 0 0 0 57250 12 4
26.101 1 NAVIGATION 0 2 10801716. -3566302. 1.29394907546e+14 1.29395570246e+14 0 0
26.117 1 ATTITUDE 2.961182 -1.963623 -0.641602
26.123 1 DESIRED -0.74 0.1 5. 16. -45. 805. 2.
26.126 1 IMU_GYRO -0.019043 -0.018066 -0.013672
26.128 1 CALIBRATION -150. 0
26.217 1 ATTITUDE 2.963379 -1.965576 -0.642822
26.218 1 DL_VALUE 2 805.
26.220 1 DOWNLINK 4 817 2118
26.317 1 ATTITUDE 2.965088 -1.96875 -0.644287
26.323 1 DESIRED -0.74 0.1 5. 16. -45. 805. 2.
26.328 1 GPS 0 1130805120 0 0 -17000 0 0 0 57250 12 5
26.331 1 IMU_MAG -1.635742 -0.590332 1.447266
26.351 1 NAVIGATION 0 2 10801716. -3566302. 1.29394907546e+14 1.29395570246e+14 0 0
26.417 1 ATTITUDE 2.965576 -1.968994 -0.642822
26.417 1 DOWNLINK_STATUS 15 12374 555 0 805. 36. 2.57
26.419 1 ESTIMATOR -17.000002 3e-06
26.517 1 ATTITUDE 2.968994 -1.972168 -0.643555
26.522 1 DESIRED -0.74 0.1 5. 16. -45. 805. 2.
26.526 1 WP_MOVED 6 506374.40625 3566337.75 820. 12
26.531 1 NAVIGATION 0 2 10801716. -3566302. 1.29394907546e+14 1.29395570246e+14 0 0
26.569 1 GPS 0 1130805120 0 0 -17000 0 0 0 57500 12 6
26.599 1 FBW_STATUS 2 0 1 0 0
26.604 1 NAVIGATION 0 2 10801716. -3566302. 1.29394907546e+14 1.29395570246e+14 0 0
26.617 1 ATTITUDE 2.969727 -1.973145 -0.645264
26.717 1 ATTITUDE 2.969727 -1.974365 -0.646484
26.722 1 DESIRED -0.74 0.1 5. 16. -45. 805. 2.
26.726 1 IMU_GYRO -0.014893 -0.014893 -0.008301
26.817 1 ATTITUDE 2.966797 -1.97168 -0.645508
26.822 1 GPS 0 1130805120 0 0 -17000 0 0 0 58000 12 7
26.825 1 IMU_ACCEL 8.873047 -1.439453 -3.727539
26.827 1 STATE_FILTER_STATUS 3 0
26.851 1 NAVIGATION 0 2 10801716. -3566302. 1.29394907546e+14 1.29395570246e+14 0 0
26.913 1 PONG 
26.917 1 ATTITUDE 2.968018 -1.9729 -0.64624
26.922 1 DESIRED -0.74 0.1 5. 16. -45. 805. 2.
26.925 1 ESTIMATOR -17.000002 4e-06
27.017 1 ATTITUDE 2.969482 -1.975342 -0.646973
27.020 1 WP_MOVED 7 506350.5 3566270.75 805. 12
27.069 1 GPS 0 1130805120 0 0 -17000 0 0 0 58000 12 8
27.101 1 NAVIGATION 0 2 10801716. -3566302. 1.29394907546e+14 1.29395570246e+14 0 0
27.117 1 ATTITUDE 2.974365 -1.982178 -0.648438
27.122 1 DESIRED -0.74 0.1 5. 16. -45. 805. 2.
27.126 1 BAT 0 0 0 0 0 58 58 0
27.217 1 ATTITUDE 2.979492 -1.987549 -0.649902
27.220 1 ENERGY 0. 0. 0 0.
27.317 1 ATTITUDE 2.978027 -1.985107 -0.650879
27.322 1 DESIRED -0.74 0.1 5. 16. -45. 805. 2.
27.328 1 GPS 0 1130805120 0 0 -17000 0 0 0 58250 12 9
27.331 1 IMU_GYRO -0.023193 -0.023193 0.015869
27.334 1 GPS_SOL 795639488 100149 9999 0
27.351 1 NAVIGATION 0 2 10801716. -3566302. 1.29394907546e+14 1.29395570246e+14 0 0
27.417 1 ATTITUDE 2.976807 -1.983154 -0.650391
27.418 1 DOWNLINK_STATUS 16 13194 592 0 820. 37. 2.54
27.419 1 ESTIMATOR -17. 4e-06
27.517 1 ATTITUDE 2.975586 -1.983398 -0.650635
27.522 1 DESIRED -0.74 0.1 5. 16. -45. 805. 2.
27.526 1 WP_MOVED 8 506254.8125 3566257.5 815. 12
27.530 1 NAVIGATION 0 2 10801716. -3566302. 1.29394907546e+14 1.29395570246e+14 0 0
27.569 1 GPS 0 1130805120 0 0 -17000 0 0 0 58500 12 10
27.601 1 NAVIGATION 0 2 10801716. -3566302. 1.29394907546e+14 1.29395570246e+14 0 0
27.617 1 ATTITUDE 2.980225 -1.989502 -0.655273
27.620 1 IMU_ACCEL 9.118164 -1.419922 -3.618164
27.623 1 IMU_MAG -1.643066 -0.604492 1.438477
27.717 1 ATTITUDE 2.981445 -1.99292 -0.658691
27.722 1 DESIRED -0.74 0.1 5. 16. -45. 805. 2.
27.724 1 DL_VALUE 3 0.
27.817 1 ATTITUDE 2.982178 -1.99292 -0.659424
27.822 1 GPS 0 1130805120 0 0 -17000 0 0 0 58750 12 11
27.851 1 NAVIGATION 0 2 10801716. -3566302. 1.29394907546e+14 1.29395570246e+14 0 0
27.917 1 ATTITUDE 3.114502 -2.019775 -0.556885
27.922 1 DESIRED -0.74 0.1 5. 16. -45. 805. 2.
27.925 1 ESTIMATOR -16.999998 3e-06
27.928 1 IMU_GYRO -0.321289 -2.500732 -0.556396
28.017 1 ATTITUDE -3.067627 -2.033691 -0.396973
28.020 1 WP_MOVED 9 506213.8125 3566287.5 815. 12
28.069 1 GPS 0 1130805120 0 0 -17000 0 0 0 59000 12 12
28.101 1 NAVIGATION 0 2 10801716. -3566302. 1.29394907546e+14 1.29395570246e+14 0 0
28.116 1 ATTITUDE -3.058594 -2.022705 -0.219727
28.122 1 DESIRED -0.74 0.1 5. 16. -45. 805. 2.
28.216 1 ATTITUDE -3.02832 -1.986328 -0.092041
28.220 1 BAT 0 0 0 0 0 59 59 0
28.222 1 CALIBRATION -150. 0
28.317 1 ATTITUDE -3.044922 -1.939941 -0.042969
28.322 1 DESIRED -0.74 0.1 5. 16. -45. 805. 2.
28.328 1 GPS 0 1130805120 0 0 -17000 0 0 0 59250 12 13
28.351 1 NAVIGATION 0 2 10801716. -3566302. 1.29394907546e+14 1.29395570246e+14 0 0
28.416 1 ATTITUDE -3.02417 -1.862549 0.081299
28.418 1 DOWNLINK_STATUS 17 13970 626 0 776. 34. 2.54
28.419 1 ESTIMATOR -16.999998 3e-06
28.422 1 IMU_ACCEL 4.160156 1.141602 -8.625
28.516 1 ATTITUDE -2.991943 -1.753418 0.234863
28.522 1 DESIRED -0.74 0.1 5. 16. -45. 805. 2.
28.526 1 WP_MOVED 0 506377. 3566344. 900. 12
28.529 1 IMU_GYRO -0.542725 -1.598389 -0.018066
28.534 1 NAVIGATION 0 2 10801716. -3566302. 1.29394907546e+14 1.29395570246e+14 0 0
28.569 1 GPS 0 1130805120 0 0 -17000 0 0 0 59500 12 14
28.599 1 FBW_STATUS 2 0 1 0 0
28.604 1 NAVIGATION 0 2 10801716. -3566302. 1.29394907546e+14 1.29395570246e+14 0 0
28.616 1 ATTITUDE -2.952881 -1.596191 0.384521
28.699 1 COMMANDS 0,-9600,1867,0
28.716 1 ATTITUDE -2.924561 -1.458008 0.453613
28.722 1 DESIRED -0.74 0.1 5. 16. -45. 805. 2.
28.799 1 ACTUATORS 1000,1187,1364,1500
28.816 1 ATTITUDE -2.942383 -1.345215 0.511719
28.822 1 GPS 0 1130805120 0 0 -17000 0 0 0 60000 12 15
28.851 1 NAVIGATION 0 2 10801716. -3566302. 1.29394907546e+14 1.29395570246e+14 0 0
28.916 1 ATTITUDE -2.973389 -1.214111 0.592773
28.922 1 DESIRED -0.74 0.1 5. 16. -45. 805. 2.
28.925 1 ESTIMATOR -16.999998 2e-06
28.928 1 IMU_MAG -1.109375 -0.810059 2.431152
29.016 1 ATTITUDE -2.981689 -1.080811 0.637451
29.020 1 WP_MOVED 1 506335. 3566302. 765. 12
29.021 1 STATE_FILTER_STATUS 3 0
29.069 1 GPS 0 1130805120 0 0 -17000 0 0 0 60250 12 16
29.101 1 NAVIGATION 0 2 10801716. -3566302. 1.29394907546e+14 1.29395570246e+14 0 0
29.116 1 ATTITUDE -3.011719 -0.979736 0.651855
29.122 1 DESIRED -0.74 0.1 5. 16. -45. 805. 2.
29.125 1 IMU_GYRO 0.112793 -0.032959 -0.019043
29.216 1 ATTITUDE -3.036377 -0.872559 0.640625
29.220 1 IMU_ACCEL -1.084961 0.249023 -11.146484
29.221 1 DL_VALUE 4 0.
29.316 1 ATTITUDE -3.032715 -0.789307 0.578857
29.322 1 DESIRED -0.74 0.1 5. 16. -45. 805. 2.
29.328 1 GPS 0 1130805120 0 0 -17000 0 0 0 60250 12 1
29.332 1 BAT 0 0 0 0 0 60 60 0
29.334 1 GPS_SOL 795641472 100155 9999 0
29.351 1 NAVIGATION 0 2 10801716. -3566302. 1.29394907546e+14 1.29395570246e+14 0 0
29.416 1 ATTITUDE -3.05127 -0.747559 0.490479
29.418 1 DOWNLINK_STATUS 18 14841 666 0 871. 40. 2.54
29.419 1 ESTIMATOR -16.999998 2e-06
29.516 1 ATTITUDE -3.096924 -0.737793 0.324219
29.522 1 DESIRED -0.74 0.1 5. 16. -45. 805. 2.
29.526 1 WP_MOVED 2 506254.8125 3566257.5 815. 12
29.530 1 NAVIGATION 0 2 10801716. -3566302. 1.29394907546e+14 1.29395570246e+14 0 0
29.569 1 GPS 0 1130805120 0 0 -17000 0 0 0 60500 12 2
29.603 1 NAVIGATION 0 2 10801716. -3566302. 1.29394907546e+14 1.29395570246e+14 0 0
29.616 1 ATTITUDE -3.132324 -0.726074 0.24707
29.716 1 ATTITUDE -3.129395 -0.708008 0.165039
29.722 1 DESIRED -0.74 0.1 5. 16. -45. 805. 2.
29.725 1 IMU_GYRO 0.157471 0.345703 0.102051
29.729 1 ENERGY 0. 0. 0 0.
29.816 1 ATTITUDE 3.123047 -0.695068 0.172119
29.822 1 GPS 0 1130805120 0 0 -17000 0 0 0 60750 12 3
29.826 1 ALIVE 37,176,226,237,9,75,50,6,184,30,166,180,60,149,108,159
29.851 1 NAVIGATION 0 2 10801716. -3566302. 1.29394907546e+14 1.29395570246e+14 0 0
29.916 1 ATTITUDE 3.090088 -0.663818 0.158936
29.922 1 DESIRED -0.74 0.1 5. 16. -45. 805. 2.
29.925 1 ESTIMATOR -16.999998 1e-06
29.927 1 PPRZ_MODE 2 3 3 0 0 6
30.016 1 ATTITUDE -3.128174 -0.655273 0.024414
30.020 1 WP_MOVED 3 506350.5 3566257. 805. 12
30.023 1 IMU_ACCEL 5.116211 0.397461 -8.976562
30.069 1 GPS 0 1130805120 0 0 -17000 0 0 0 61250 12 4
30.101 1 NAVIGATION 0 2 10801716. -3566302. 1.29394907546e+14 1.29395570246e+14 0 0
30.116 1 ATTITUDE -3.075439 -0.694336 -0.086914
30.122 1 DESIRED -0.74 0.1 5. 16. -45. 805. 2.
30.216 1 ATTITUDE -3.054932 -0.747314 -0.11499
30.219 1 IMU_MAG -1.567383 -0.746582 1.985352
30.316 1 ATTITUDE -3.068359 -0.797852 -0.157227
30.322 1 DESIRED -0.74 0.1 5. 16. -45. 805. 2.
30.328 1 GPS 0 1130805120 0 0 -17000 0 0 0 61250 12 5
30.331 1 IMU_GYRO 0.202148 0.608643 -0.129639
30.333 1 CALIBRATION -150. 0
30.351 1 NAVIGATION 0 2 10801716. -3566302. 1.29394907546e+14 1.29395570246e+14 0 0
30.416 1 ATTITUDE -3.099365 -0.853027 -0.222656
30.418 1 DOWNLINK_STATUS 19 15659 702 0 818. 36. 2.54
30.419 1 ESTIMATOR -16.999998 0.
30.422 1 BAT 0 0 0 0 0 61 61 0
30.516 1 ATTITUDE 3.125244 -0.892334 -0.244141
30.522 1 DESIRED -0.74 0.1 5. 16. -45. 805. 2.
30.526 1 WP_MOVED 4 506374.40625 3566337.75 805. 12
30.530 1 NAVIGATION 0 2 10801716. -3566302. 1.29394907546e+14 1.29395570246e+14 0 0
30.569 1 GPS 0 1130805120 0 0 -17000 0 0 0 61500 12 6
30.599 1 FBW_STATUS 2 0 1 0 0
30.603 1 NAVIGATION 0 2 10801716. -3566302. 1.29394907546e+14 1.29395570246e+14 0 0
30.616 1 ATTITUDE 3.102051 -0.919434 -0.248535
30.716 1 ATTITUDE 3.094482 -0.95459 -0.26416
30.722 1 DESIRED -0.74 0.1 5. 16. -45. 805. 2.
30.724 1 DL_VALUE 5 0.
30.816 1 ATTITUDE 3.115967 -1.010986 -0.271729
30.822 1 GPS 0 1130805120 0 0 -17000 0 0 0 62000 12 7
30.825 1 IMU_ACCEL 7.143555 -0.522461 -7.304688
30.851 1 NAVIGATION 0 2 10801716. -3566302. 1.29394907546e+14 1.29395570246e+14 0 0
30.916 1 ATTITUDE -3.086914 -1.07666 -0.305664
30.922 1 DESIRED -0.74 0.1 5. 16. -45. 805. 2.
30.925 1 ESTIMATOR -16.999998 -0.
30.928 1 IMU_GYRO -0.578857 0.463867 -0.628906
31.016 1 ATTITUDE -3.087646 -1.123535 -0.333008
31.020 1 WP_MOVED 5 506402.3125 3566363.25 820. 12
31.069 1 GPS 0 1130805120 0 0 -17000 0 0 0 62250 12 8
31.103 1 NAVIGATION 0 2 10801716. -3566302. 1.29394907546e+14 1.29395570246e+14 0 0
31.116 1 ATTITUDE -3.087646 -1.181152 -0.356934
31.123 1 DESIRED -0.74 0.1 5. 16. -45. 805. 2.
31.216 1 ATTITUDE 3.134033 -1.217285 -0.386963
31.218 1 STATE_FILTER_STATUS 3 0
31.316 1 ATTITUDE 3.104004 -1.260254 -0.394043
31.322 1 DESIRED -0.74 0.1 5. 16. -45. 805. 2.
31.328 1 GPS 0 1130805120 0 0 -17000 0 0 0 62250 12 9
31.331 1 GPS_SOL 795643648 100160 9999 0
31.333 1 DOWNLINK 4 820 2305
31.351 1 NAVIGATION 0 2 10801716. -3566302. 1.29394907546e+14 1.29395570246e+14 0 0
31.416 1 ATTITUDE 3.0979 -1.297852 -0.398193
31.418 1 DOWNLINK_STATUS 20 16457 738 0 798. 36. 2.54
31.419 1 ESTIMATOR -16.999998 -1e-06
31.516 1 ATTITUDE 3.110352 -1.34668 -0.398682
31.522 1 DESIRED -0.74 0.1 5. 16. -45. 805. 2.
31.526 1 WP_MOVED 6 506374.40625 3566337.75 820. 12
31.529 1 IMU_GYRO -0.180908 -0.073242 -0.193604
31.533 1 NAVIGATION 0 2 10801716. -3566302. 1.29394907546e+14 1.29395570246e+14 0 0
31.569 1 GPS 0 1130805120 0 0 -17000 0 0 0 62500 12 10
31.601 1 NAVIGATION 0 2 10801716. -3566302. 1.29394907546e+14 1.29395570246e+14 0 0
31.616 1 ATTITUDE -3.137451 -1.39502 -0.398926
31.619 1 IMU_ACCEL 7.874023 -0.02832 -5.959961
31.716 1 ATTITUDE -3.104248 -1.435791 -0.409424
31.722 1 DESIRED -0.74 0.1 5. 16. -45. 805. 2.
31.816 1 ATTITUDE -3.116455 -1.468994 -0.404053
31.822 1 GPS 0 1130805120 0 0 -17000 0 0 0 62750 12 11
31.851 1 NAVIGATION 0 2 10801716. -3566302. 1.29394907546e+14 1.29395570246e+14 0 0
31.914 1 PONG 
31.917 1 ATTITUDE -3.107666 -1.512939 -0.41748
31.923 1 DESIRED -0.74 0.1 5. 16. -45. 805. 2.
31.925 1 ESTIMATOR -16.999998 -1e-06
32.016 1 ATTITUDE -3.119141 -1.55249 -0.428955
32.020 1 WP_MOVED 7 506350.5 3566270.75 805. 12
32.069 1 GPS 0 1130805120 0 0 -17000 0 0 0 63000 12 12
32.101 1 NAVIGATION 0 2 10801716. -3566302. 1.29394907546e+14 1.29395570246e+14 0 0
32.116 1 ATTITUDE -3.129395 -1.581543 -0.424316
32.122 1 DESIRED -0.74 0.1 5. 16. -45. 805. 2.
32.125 1 IMU_GYRO 0.142578 -0.062744 0.196777
32.216 1 ATTITUDE 3.111328 -1.590576 -0.420898
32.218 1 DL_VALUE 6 100.
32.222 1 ENERGY 0. 0. 0 0.
32.316 1 ATTITUDE 3.062988 -1.592529 -0.423828
32.322 1 DESIRED -0.74 0.1 5. 16. -45. 805. 2.
32.328 1 GPS 0 1130805120 0 0 -17000 0 0 0 63250 12 13
32.351 1 NAVIGATION 0 2 10801716. -3566302. 1.29394907546e+14 1.29395570246e+14 0 0
32.416 1 ATTITUDE 3.061035 -1.610352 -0.420898
32.418 1 DOWNLINK_STATUS 21 17228 772 0 771. 34. 3.41
32.419 1 ESTIMATOR -16.999998 -2e-06
32.422 1 IMU_ACCEL 7.902344 -0.705078 -5.817383
32.424 1 CALIBRATION -150. 0
32.516 1 ATTITUDE 3.075928 -1.635254 -0.420898
32.522 1 DESIRED -0.74 0.1 5. 16. -45. 805. 2.
32.526 1 WP_MOVED 8 506254.8125 3566257.5 815. 12
32.530 1 NAVIGATION 0 2 10801716. -3566302. 1.29394907546e+14 1.29395570246e+14 0 0
32.569 1 GPS 0 1130805120 0 0 -17000 0 0 0 63500 12 14
32.599 1 FBW_STATUS 2 0 1 0 0
32.603 1 NAVIGATION 0 2 10801716. -3566302. 1.29394907546e+14 1.29395570246e+14 0 0
32.616 1 ATTITUDE 3.106201 -1.665527 -0.428711
32.620 1 BAT 0 0 0 0 0 64 64 0
32.716 1 ATTITUDE -3.097656 -1.723877 -0.39209
32.722 1 DESIRED -0.74 0.1 5. 16. -45. 805. 2.
32.725 1 IMU_GYRO -0.365967 -0.537354 -0.630859
32.816 1 ATTITUDE -3.066162 -1.758301 -0.359375
32.822 1 GPS 0 1130805120 0 0 -17000 0 0 0 64000 12 15
32.825 1 IMU_MAG -1.630859 -0.760742 1.769531
32.851 1 NAVIGATION 0 2 10801716. -3566302. 1.29394907546e+14 1.29395570246e+14 0 0
32.916 1 ATTITUDE -2.998047 -1.796631 -0.400391
32.922 1 DESIRED -0.74 0.1 5. 16. -45. 805. 2.
32.925 1 ESTIMATOR -16.999998 -2e-06
33.016 1 ATTITUDE -2.925049 -1.859863 -0.466309
33.020 1 WP_MOVED 9 506213.8125 3566287.5 815. 12
33.069 1 GPS 0 1130805120 0 0 -17000 0 0 0 64250 12 16
33.101 1 NAVIGATION 0 2 10801716. -3566302. 1.29394907546e+14 1.29395570246e+14 0 0
33.116 1 ATTITUDE -3.070312 -1.847412 -0.525391
33.122 1 DESIRED -0.74 0.1 5. 16. -45. 805. 2.
33.216 1 ATTITUDE 3.011963 -1.793457 -0.620605
33.219 1 IMU_ACCEL 10.650391 -0.844727 -4.169922
33.222 1 NAVIGATION_REF 506335 3566302 12
33.316 1 ATTITUDE 2.938232 -1.770508 -0.650879
33.322 1 DESIRED -0.74 0.1 5. 16. -45. 805. 2.
33.328 1 GPS 0 1130805120 0 0 -17000 0 0 0 64250 12 1
33.331 1 IMU_GYRO 0.204102 0.281982 0.084961
33.334 1 GPS_SOL 795645824 100166 9999 0
33.351 1 NAVIGATION 0 2 10801716. -3566302. 1.29394907546e+14 1.29395570246e+14 0 0
33.416 1 ATTITUDE 2.985596 -1.817383 -0.692383
33.419 1 ESTIMATOR -16.999998 -3e-06
33.419 1 DOWNLINK_STATUS 22 18089 811 0 861. 39. 3.41
33.420 1 STATE_FILTER_STATUS 3 0
33.516 1 ATTITUDE -3.088379 -1.960693 -0.782227
33.522 1 DESIRED -0.74 0.1 5. 16. -45. 805. 2.
33.526 1 WP_MOVED 0 506377. 3566344. 900. 12
33.530 1 NAVIGATION 0 2 10801716. -3566302. 1.29394907546e+14 1.29395570246e+14 0 0
33.569 1 GPS 0 1130805120 0 0 -17000 0 0 0 64500 12 2
33.601 1 NAVIGATION 0 2 10801716. -3566302. 1.29394907546e+14 1.29395570246e+14 0 0
33.616 1 ATTITUDE -2.862061 -2.189941 -0.90918
33.699 1 COMMANDS 0,-9600,-5393,0
33.716 1 ATTITUDE -2.856445 -2.26416 -0.90332
33.722 1 DESIRED -0.74 0.1 5. 16. -45. 805. 2.
33.726 1 BAT 0 0 0 0 0 65 65 0
33.727 1 DL_VALUE 7 2.
33.799 1 ACTUATORS 1000,1506,1044,1500
33.816 1 ATTITUDE -3.108887 -2.13501 -0.893311
33.822 1 GPS 0 1130805120 0 0 -17000 0 0 0 64750 12 3
33.851 1 NAVIGATION 0 2 10801716. -3566302. 1.29394907546e+14 1.29395570246e+14 0 0
33.916 1 ATTITUDE 2.852783 -1.895752 -0.906982
33.922 1 DESIRED -0.74 0.1 5. 16. -45. 805. 2.
33.924 1 ESTIMATOR -16.999998 -4e-06
33.928 1 IMU_GYRO 0.046631 0.236084 0.122314
34.016 1 ATTITUDE 2.851074 -1.916748 -0.902832
34.020 1 WP_MOVED 1 506335. 3566302. 765. 12
34.023 1 IMU_ACCEL 9.213867 -1.602539 -0.816406
34.069 1 GPS 0 1130805120 0 0 -17000 0 0 0 65250 12 4
34.101 1 NAVIGATION 0 2 10801716. -3566302. 1.29394907546e+14 1.29395570246e+14 0 0
34.116 1 ATTITUDE 2.873779 -1.951904 -0.879395
34.122 1 DESIRED -0.74 0.1 5. 16. -45. 805. 2.
34.125 1 IMU_MAG -1.59668 -0.566895 1.219727
34.216 1 ATTITUDE 2.89917 -1.991211 -0.859375
34.316 1 ATTITUDE 2.917725 -2.003906 -0.859375
34.322 1 DESIRED -0.74 0.1 5. 16. -45. 805. 2.
34.328 1 GPS 0 1130805120 0 0 -17000 0 0 0 65250 12 5
34.351 1 NAVIGATION 0 2 10801716. -3566302. 1.29394907546e+14 1.29395570246e+14 0 0
34.416 1 ATTITUDE 2.928955 -2.020996 -0.85498
34.419 1 ESTIMATOR -17. -4e-06
34.419 1 DOWNLINK_STATUS 23 18893 847 0 804. 36. 3.41
34.516 1 ATTITUDE 2.928467 -2.026367 -0.855469
34.522 1 DESIRED -0.74 0.1 5. 16. -45. 805. 2.
34.525 1 WP_MOVED 2 506254.8125 3566257.5 815. 12
34.529 1 IMU_GYRO -0.023193 -0.009521 -0.034912
34.533 1 NAVIGATION 0 2 10801716. -3566302. 1.29394907546e+14 1.29395570246e+14 0 0
34.535 1 CALIBRATION -150. 0
34.569 1 GPS 0 1130805120 0 0 -17000 0 0 0 65500 12 6
34.599 1 FBW_STATUS 2 0 1 0 0
34.604 1 NAVIGATION 0 2 10801716. -3566302. 1.29394907546e+14 1.29395570246e+14 0 0
34.616 1 ATTITUDE 2.916504 -2.02832 -0.845947
34.716 1 ATTITUDE 2.95752 -2.113281 -0.746338
34.722 1 DESIRED -0.74 0.1 5. 16. -45. 805. 2.
34.725 1 ENERGY 0. 0. 0 0.
34.816 1 ATTITUDE 2.916748 -2.071045 -0.807617
34.822 1 GPS 0 1130805120 0 0 -17000 0 0 0 66000 12 7
34.825 1 IMU_ACCEL 11.664062 -1.424805 -1.504883
34.828 1 BAT 0 0 0 0 0 66 66 0
34.832 1 ALIVE 37,176,226,237,9,75,50,6,184,30,166,180,60,149,108,159
34.851 1 NAVIGATION 0 2 10801716. -3566302. 1.29394907546e+14 1.29395570246e+14 0 0
34.916 1 ATTITUDE 2.906006 -2.049072 -0.791992
34.922 1 DESIRED -0.74 0.1 5. 16. -45. 805. 2.
34.924 1 ESTIMATOR -17.000002 -3e-06
34.926 1 PPRZ_MODE 2 3 3 0 0 6
35.016 1 ATTITUDE 2.984131 -2.047119 -0.796143
35.020 1 WP_MOVED 3 506350.5 3566257. 805. 12
35.069 1 GPS 0 1130805120 0 0 -17000 0 0 0 66250 12 8
35.101 1 NAVIGATION 0 2 10801716. -3566302. 1.29394907546e+14 1.29395570246e+14 0 0
35.116 1 ATTITUDE 3.040039 -2.059326 -0.812988
35.122 1 DESIRED -0.74 0.1 5. 16. -45. 805. 2.
35.125 1 IMU_GYRO 0.69165 0.137207 0.029785
35.216 1 ATTITUDE 3.039795 -2.106201 -0.78833
35.218 1 DL_VALUE 8 0.
35.316 1 ATTITUDE 3.032959 -2.122803 -0.740967
35.322 1 DESIRED -0.74 0.1 5. 16. -45. 805. 2.
35.328 1 GPS 0 1130805120 0 0 -17000 0 0 0 66250 12 9
35.331 1 GPS_SOL 795648128 100172 9999 0
35.351 1 NAVIGATION 0 2 10801716. -3566302. 1.29394907546e+14 1.29395570246e+14 0 0
35.416 1 ATTITUDE 3.006836 -2.129883 -0.695068
35.418 1 ESTIMATOR -17.000002 -3e-06
35.420 1 DOWNLINK_STATUS 24 19755 886 0 862. 39. 3.41
35.422 1 IMU_MAG -1.657715 -0.630859 1.430176
35.435 1 WIND_INFO 1 42 0. 0. 0.
35.516 1 ATTITUDE 3.010254 -2.128662 -0.69873
35.522 1 DESIRED -0.74 0.1 5. 16. -45. 805. 2.
35.525 1 WP_MOVED 4 506374.40625 3566337.75 805. 12
35.530 1 NAVIGATION 0 2 10801716. -3566302. 1.29394907546e+14 1.29395570246e+14 0 0
35.569 1 GPS 0 1130805120 0 0 -17000 0 0 0 66500 12 10
35.602 1 NAVIGATION 0 2 10801716. -3566302. 1.29394907546e+14 1.29395570246e+14 0 0
35.616 1 ATTITUDE 2.968994 -2.091309 -0.733643
35.619 1 IMU_ACCEL 9.62207 -1.324219 -2.702148
35.622 1 STATE_FILTER_STATUS 3 0
35.716 1 ATTITUDE 2.974854 -2.109131 -0.739014
35.722 1 DESIRED -0.74 0.1 5. 16. -45. 805. 2.
35.725 1 IMU_GYRO 0.008301 -0.139404 -0.174316
35.816 1 ATTITUDE 2.980469 -2.10498 -0.737305
35.822 1 GPS 0 1130805120 0 0 -17000 0 0 0 66750 12 11
35.851 1 NAVIGATION 0 2 10801716. -3566302. 1.29394907546e+14 1.29395570246e+14 0 0
35.916 1 ATTITUDE 2.97583 -2.09375 -0.739014
35.922 1 DESIRED -0.74 0.1 5. 16. -45. 805. 2.
35.924 1 ESTIMATOR -17.000002 -2e-06
35.928 1 BAT 0 0 0 0 0 67 67 0
36.016 1 ATTITUDE 2.979736 -2.092529 -0.739014
36.019 1 WP_MOVED 5 506402.3125 3566363.25 820. 12
36.069 1 GPS 0 1130805120 0 0 -17000 0 0 0 67250 12 12
36.101 1 NAVIGATION 0 2 10801716. -3566302. 1.29394907546e+14 1.29395570246e+14 0 0
36.116 1 ATTITUDE -3.092041 -2.232178 -0.633057
36.122 1 DESIRED -0.74 0.1 5. 16. -45. 805. 2.
36.216 1 ATTITUDE -2.828125 -2.375244 -0.508301
36.316 1 ATTITUDE -3.015381 -2.348389 -0.807861
36.322 1 DESIRED -0.74 0.1 5. 16. -45. 805. 2.
36.328 1 GPS 0 1130805120 0 0 -17000 0 0 0 67250 12 13
36.331 1 IMU_GYRO 1.364258 0.879883 3.322266
36.351 1 NAVIGATION 0 2 10801716. -3566302. 1.29394907546e+14 1.29395570246e+14 0 0
36.416 1 ATTITUDE 2.826172 -2.032715 -0.838135
36.418 1 ESTIMATOR -17.000002 -2e-06
36.420 1 DOWNLINK_STATUS 25 20536 920 0 781. 34. 3.41
36.422 1 IMU_ACCEL 9.583984 -1.439453 -1.167969
36.423 1 DOWNLINK 6 814 2491
36.516 1 ATTITUDE 2.89917 -2.097656 -0.797119
36.522 1 DESIRED -0.74 0.1 5. 16. -45. 805. 2.
36.525 1 WP_MOVED 6 506374.40625 3566337.75 820. 12
36.530 1 NAVIGATION 0 2 10801716. -3566302. 1.29394907546e+14 1.29395570246e+14 0 0
36.569 1 GPS 0 1130805120 0 0 -17000 0 0 0 67500 12 14
36.599 1 FBW_STATUS 2 0 1 0 0
36.603 1 NAVIGATION 0 2 10801716. -3566302. 1.29394907546e+14 1.29395570246e+14 0 0
36.616 1 ATTITUDE -3.022949 -2.363037 -0.623535
36.618 1 CALIBRATION -150. 0
36.716 1 ATTITUDE -3.061035 -2.348145 -0.703613
36.722 1 DESIRED -0.74 0.1 5. 16. -45. 805. 2.
36.725 1 IMU_MAG -1.674805 -0.792969 1.372559
36.727 1 DL_VALUE 9 0.
36.816 1 ATTITUDE 2.854248 -2.055176 -0.911865
36.822 1 GPS 0 1130805120 0 0 -17000 0 0 0 68000 12 15
36.851 1 NAVIGATION 0 2 10801716. -3566302. 1.29394907546e+14 1.29395570246e+14 0 0
36.916 1 ATTITUDE -2.993652 -2.388672 -0.63208
36.922 1 DESIRED -0.74 0.1 5. 16. -45. 805. 2.
36.924 1 ESTIMATOR -17.000002 -1e-06
36.927 1 IMU_GYRO -0.116943 -0.599121 -0.891602
36.928 1 PONG 
37.016 1 ATTITUDE 3.118408 -2.288574 -0.776855
37.019 1 WP_MOVED 7 506350.5 3566270.75 805. 12
37.023 1 BAT 0 0 0 0 0 68 68 0
37.069 1 GPS 0 1130805120 0 0 -17000 0 0 0 68250 12 16
37.101 1 NAVIGATION 0 2 10801716. -3566302. 1.29394907546e+14 1.29395570246e+14 0 0
37.116 1 ATTITUDE 3.085205 -2.231201 -0.843506
37.122 1 DESIRED -0.74 0.1 5. 16. -45. 805. 2.
37.216 1 ATTITUDE -2.981934 -2.38916 -0.678223
37.219 1 IMU_ACCEL 9.46875 1.645508 -3.694336
37.223 1 ENERGY 0. 0. 0 0.
37.316 1 ATTITUDE 2.839844 -2.003906 -0.982178
37.322 1 DESIRED -0.74 0.1 5. 16. -45. 805. 2.
37.328 1 GPS 0 1130805120 0 0 -17000 0 0 0 68250 12 1
37.331 1 GPS_SOL 795650432 100177 9999 0
37.351 1 NAVIGATION 0 2 10801716. -3566302. 1.29394907546e+14 1.29395570246e+14 0 0
37.416 1 ATTITUDE -2.971924 -2.386475 -0.69165
37.418 1 ESTIMATOR -17.000002 -0.
37.420 1 DOWNLINK_STATUS 26 21398 960 0 862. 40. 16.53
37.516 1 ATTITUDE 3.006104 -2.19043 -0.898682
37.522 1 DESIRED -0.74 0.1 5. 16. -45. 805. 2.
37.525 1 WP_MOVED 8 506254.8125 3566257.5 815. 12
37.528 1 IMU_GYRO -0.480957 4.202393 3.027588
37.533 1 NAVIGATION 0 2 10801716. -3566302. 1.29394907546e+14 1.29395570246e+14 0 0
37.569 1 GPS 0 1130805120 0 0 -17000 0 0 0 68500 12 2
37.601 1 NAVIGATION 0 2 10801716. -3566302. 1.29394907546e+14 1.29395570246e+14 0 0
37.616 1 ATTITUDE 3.012207 -2.179932 -0.905273
37.716 1 ATTITUDE 2.953369 -2.114014 -0.909424
37.722 1 DESIRED -0.74 0.1 5. 16. -45. 805. 2.
37.816 1 ATTITUDE 2.953125 -2.107422 -0.907471
37.822 1 GPS 0 1130805120 0 0 -17000 0 0 0 68750 12 3
37.823 1 STATE_FILTER_STATUS 3 0
37.851 1 NAVIGATION 0 2 10801716. -3566302. 1.29394907546e+14 1.29395570246e+14 0 0
37.916 1 ATTITUDE 2.931641 -2.083008 -0.910156
37.922 1 DESIRED -0.74 0.1 5. 16. -45. 805. 2.
37.924 1 ESTIMATOR -17.000002 0.
38.016 1 ATTITUDE 2.933105 -2.082275 -0.909912
38.019 1 WP_MOVED 9 506213.8125 3566287.5 815. 12
38.022 1 IMU_ACCEL 9.353516 -1.467773 -0.963867
38.026 1 IMU_MAG -1.61377 -0.650879 1.159668
38.068 1 GPS 0 1130805120 0 0 -17000 0 0 0 69250 12 4
38.101 1 NAVIGATION 0 2 10801716. -3566302. 1.29394907546e+14 1.29395570246e+14 0 0
38.116 1 ATTITUDE 2.950928 -2.110107 -0.901855
38.122 1 DESIRED -0.74 0.1 5. 16. -45. 805. 2.
38.125 1 IMU_GYRO -0.072266 -0.468018 0.435059
38.128 1 BAT 0 0 0 0 0 69 69 0
38.216 1 ATTITUDE 2.9375 -2.137451 -0.869385
38.218 1 DL_VALUE 10 0.
38.316 1 ATTITUDE 2.942627 -2.103516 -0.918457
38.322 1 DESIRED -0.74 0.1 5. 16. -45. 805. 2.
38.327 1 GPS 0 1130805120 0 0 -17000 0 0 0 69250 12 5
38.351 1 NAVIGATION 0 2 10801716. -3566302. 1.29394907546e+14 1.29395570246e+14 0 0
38.416 1 ATTITUDE 2.888428 -2.047119 -0.900879
38.418 1 ESTIMATOR -17.000002 1e-06
38.421 1 DOWNLINK_STATUS 27 22190 995 0 792. 35. 16.53
38.516 1 ATTITUDE 2.918213 -2.058594 -0.906738
38.522 1 DESIRED -0.74 0.1 5. 16. -45. 805. 2.
38.525 1 WP_MOVED 0 506377. 3566344. 900. 12
38.530 1 NAVIGATION 0 2 10801716. -3566302. 1.29394907546e+14 1.29395570246e+14 0 0
38.568 1 GPS 0 1130805120 0 0 -17000 0 0 0 69500 12 6
38.599 1 FBW_STATUS 2 0 1 0 0
38.603 1 NAVIGATION 0 2 10801716. -3566302. 1.29394907546e+14 1.29395570246e+14 0 0
38.616 1 ATTITUDE 2.895752 -2.031982 -0.9021
38.699 1 COMMANDS 0,9600,-5542,0
38.716 1 ATTITUDE 2.897705 -2.036377 -0.908691
38.722 1 DESIRED -0.74 0.1 5. 16. -45. 805. 2.
38.725 1 IMU_GYRO 0.00415 -0.039307 0.015869
38.727 1 CALIBRATION -150. 0
38.799 1 ACTUATORS 1000,1955,1495,1500
38.816 1 ATTITUDE 2.889404 -2.029785 -0.906738
38.822 1 GPS 0 1130805120 0 0 -17000 0 0 0 70000 12 7
38.825 1 IMU_ACCEL 9.430664 -1.574219 -1.111328
38.851 1 NAVIGATION 0 2 10801716. -3566302. 1.29394907546e+14 1.29395570246e+14 0 0
38.916 1 ATTITUDE 2.892822 -2.033447 -0.907471
38.922 1 DESIRED -0.74 0.1 5. 16. -45. 805. 2.
38.924 1 ESTIMATOR -17.000002 1e-06
39.016 1 ATTITUDE 2.897217 -2.036865 -0.90625
39.019 1 WP_MOVED 1 506335. 3566302. 765. 12
39.068 1 GPS 0 1130805120 0 0 -17000 0 0 0 70250 12 8
39.101 1 NAVIGATION 0 2 10801716. -3566302. 1.29394907546e+14 1.29395570246e+14 0 0
39.116 1 ATTITUDE 2.89502 -2.032959 -0.906006
39.122 1 DESIRED -0.74 0.1 5. 16. -45. 805. 2.
39.216 1 ATTITUDE 2.89624 -2.033447 -0.907715
39.220 1 BAT 0 0 0 0 0 70 70 0
39.316 1 ATTITUDE 2.890625 -2.025635 -0.906494
39.322 1 DESIRED -0.74 0.1 5. 16. -45. 805. 2.
39.327 1 GPS 0 1130805120 0 0 -17000 0 0 0 70250 12 9
39.331 1 IMU_GYRO -0.029785 -0.011475 0.016846
39.334 1 IMU_MAG -1.601562 -0.633789 1.173828
39.351 1 NAVIGATION 0 2 10801716. -3566302. 1.29394907546e+14 1.29395570246e+14 0 0
39.416 1 ATTITUDE 2.886475 -2.020996 -0.90625
39.418 1 ESTIMATOR -17.000002 2e-06
39.422 1 DOWNLINK_STATUS 28 23017 1032 0 827. 37. 16.53
39.516 1 ATTITUDE 2.884033 -2.018066 -0.907471
39.522 1 DESIRED -0.74 0.1 5. 16. -45. 805. 2.
39.525 1 WP_MOVED 2 506254.8125 3566257.5 815. 12
39.530 1 NAVIGATION 0 2 10801716. -3566302. 1.29394907546e+14 1.29395570246e+14 0 0
39.568 1 GPS 0 1130805120 0 0 -17000 0 0 0 70500 12 10
39.601 1 NAVIGATION 0 2 10801716. -3566302. 1.29394907546e+14 1.29395570246e+14 0 0
39.616 1 ATTITUDE 2.88208 -2.015869 -0.907959
39.619 1 IMU_ACCEL 9.569336 -1.602539 -1.086914
39.716 1 ATTITUDE 2.880859 -2.013916 -0.907471
39.722 1 DESIRED -0.74 0.1 5. 16. -45. 805. 2.
39.724 1 DL_VALUE 11 1.
39.727 1 ENERGY 0. 0. 0 0.
39.816 1 ATTITUDE 2.878174 -2.01001 -0.906494
39.821 1 GPS 0 1130805120 0 0 -17000 0 0 0 70750 12 11
39.825 1 ALIVE 37,176,226,237,9,75,50,6,184,30,166,180,60,149,108,159
39.851 1 NAVIGATION 0 2 10801716. -3566302. 1.29394907546e+14 1.29395570246e+14 0 0
39.916 1 ATTITUDE 2.878174 -2.009277 -0.907227
39.922 1 DESIRED -0.74 0.1 5. 16. -45. 805. 2.
39.924 1 ESTIMATOR -17.000002 3e-06
39.927 1 IMU_GYRO -0.012695 -0.015869 -0.007324
39.929 1 PPRZ_MODE 2 3 3 0 0 6
40.016 1 ATTITUDE 2.875 -2.006104 -0.906738
40.019 1 WP_MOVED 3 506350.5 3566257. 805. 12
40.021 1 STATE_FILTER_STATUS 3 0
40.068 1 GPS 0 1130805120 0 0 -17000 0 0 0 71250 12 12
40.101 1 NAVIGATION 0 2 10801716. -3566302. 1.29394907546e+14 1.29395570246e+14 0 0
40.116 1 ATTITUDE 2.873291 -2.003662 -0.906494
40.122 1 DESIRED -0.74 0.1 5. 16. -45. 805. 2.
40.216 1 ATTITUDE 2.871338 -2.000977 -0.90625
40.316 1 ATTITUDE 2.869873 -1.998291 -0.906006
40.322 1 DESIRED -0.74 0.1 5. 16. -45. 805. 2.
40.327 1 GPS 0 1130805120 0 0 -17000 0 0 0 71250 12 13
40.331 1 BAT 0 0 0 0 0 71 71 0
40.351 1 NAVIGATION 0 2 10801716. -3566302. 1.29394907546e+14 1.29395570246e+14 0 0
40.416 1 ATTITUDE 2.86792 -1.996094 -0.905762
40.418 1 ESTIMATOR -17.000002 3e-06
40.421 1 IMU_ACCEL 9.521484 -1.631836 -1.120117
40.423 1 DOWNLINK_STATUS 29 23846 1069 0 829. 37. 16.53
40.516 1 ATTITUDE 2.868164 -1.996338 -0.906738
40.522 1 DESIRED -0.74 0.1 5. 16. -45. 805. 2.
40.525 1 WP_MOVED 4 506374.40625 3566337.75 805. 12
40.528 1 IMU_GYRO -0.010498 -0.010498 -0.019043
40.533 1 NAVIGATION 0 2 10801716. -3566302. 1.29394907546e+14 1.29395570246e+14 0 0
40.568 1 GPS 0 1130805120 0 0 -17000 0 0 0 71500 12 14
40.600 1 FBW_STATUS 2 0 1 0 0
40.603 1 NAVIGATION 0 2 10801716. -3566302. 1.29394907546e+14 1.29395570246e+14 0 0
40.617 1 ATTITUDE 2.867432 -1.995361 -0.907227
40.619 1 IMU_MAG -1.604004 -0.62793 1.173828
40.716 1 ATTITUDE 2.867676 -1.996338 -0.907715
40.722 1 DESIRED -0.74 0.1 5. 16. -45. 805. 2.
40.816 1 ATTITUDE 2.866211 -1.995605 -0.907471
40.821 1 GPS 0 1130805120 0 0 -17000 0 0 0 72000 12 15
40.823 1 CALIBRATION -150. 0
40.851 1 NAVIGATION 0 2 10801716. -3566302. 1.29394907546e+14 1.29395570246e+14 0 0
40.916 1 ATTITUDE 2.864258 -1.993896 -0.906982
40.922 1 DESIRED -0.74 0.1 5. 16. -45. 805. 2.
40.924 1 ESTIMATOR -17.000002 4e-06
41.016 1 ATTITUDE 2.862061 -1.992188 -0.906494
41.019 1 WP_MOVED 5 506402.3125 3566363.25 820. 12
41.068 1 GPS 0 1130805120 0 0 -17000 0 0 0 72250 12 16
41.101 1 NAVIGATION 0 2 10801716. -3566302. 1.29394907546e+14 1.29395570246e+14 0 0
41.116 1 ATTITUDE 2.86084 -1.991455 -0.906494
41.122 1 DESIRED -0.74 0.1 5. 16. -45. 805. 2.
41.125 1 IMU_GYRO -0.012695 -0.015869 -0.014893
41.216 1 ATTITUDE 2.860107 -1.991211 -0.906982
41.219 1 IMU_ACCEL 9.536133 -1.722656 -1.063477
41.221 1 DL_VALUE 0 0.
41.316 1 ATTITUDE 2.85791 -1.989258 -0.906006
41.322 1 DESIRED -0.74 0.1 5. 16. -45. 805. 2.
41.327 1 GPS 0 1130805120 0 0 -17000 0 0 0 72250 12 1
41.330 1 GPS_SOL 795655296 100188 9999 0
41.350 1 NAVIGATION 0 2 10801716. -3566302. 1.29394907546e+14 1.29395570246e+14 0 0
41.416 1 ATTITUDE 2.851562 -1.982422 -0.904053
41.418 1 ESTIMATOR -17. 4e-06
41.422 1 BAT 0 0 0 0 0 72 72 0
41.424 1 DOWNLINK_STATUS 30 24671 1106 0 825. 37. 16.53
41.516 1 ATTITUDE 2.847168 -1.977783 -0.902832
41.522 1 DESIRED -0.74 0.1 5. 16. -45. 805. 2.
41.527 1 WP_MOVED 6 506374.40625 3566337.75 820. 12
41.530 1 NAVIGATION 0 2 10801716. -3566302. 1.29394907546e+14 1.29395570246e+14 0 0
41.531 1 DOWNLINK 7 826 2680
41.568 1 GPS 0 1130805120 0 0 -17000 0 0 0 72500 12 2
41.602 1 NAVIGATION 0 2 10801716. -3566302. 1.29394907546e+14 1.29395570246e+14 0 0
41.616 1 ATTITUDE 2.840088 -1.970215 -0.901367
41.645 1 SETTING 1 8 1.
41.652 1 DL_VALUE 8 1.
41.665 1 PPRZ_MODE 3 3 3 0 0 6
41.716 1 ATTITUDE 2.836426 -1.966553 -0.900391
41.722 1 DESIRED -0.74 0.1 5. 16. -45. 805. 2.
41.725 1 IMU_GYRO -0.038086 -0.024414 0.05835
41.816 1 ATTITUDE 2.829346 -1.957275 -0.896729
41.821 1 GPS 0 1130805120 0 0 -17000 0 0 0 72750 12 3
41.848 1 PPRZ_MODE 4 3 3 0 0 6
41.852 1 NAVIGATION 0 2 10801716. -3566302. 1.29394907546e+14 1.29395570246e+14 0 0
41.916 1 ATTITUDE 2.827393 -1.952393 -0.894531
41.922 1 DESIRED 0.3 0.5 5. 16. -45. 805. 2.
41.924 1 ESTIMATOR -16.999998 3e-06
41.927 1 IMU_MAG -1.59668 -0.593262 1.187988
41.928 1 PONG 
42.016 1 ATTITUDE 2.831543 -1.957275 -0.899658
42.019 1 WP_MOVED 7 506350.5 3566270.75 805. 12
42.022 1 IMU_ACCEL 9.314453 -1.760742 -1.148438
42.068 1 GPS 0 1130805120 0 0 -17000 0 0 0 73250 12 4
42.101 1 NAVIGATION 0 2 10801716. -3566302. 1.29394907546e+14 1.29395570246e+14 0 0
42.116 1 ATTITUDE 2.841553 -1.969971 -0.908691
42.122 1 DESIRED 0.3 0.5 5. 16. -45. 805. 2.
42.216 1 ATTITUDE 2.839355 -1.966797 -0.902588
42.217 1 STATE_FILTER_STATUS 3 0
42.221 1 ENERGY 0. 0. 0 0.
42.223 1 NAVIGATION_REF 506335 3566302 12
42.316 1 ATTITUDE 2.836426 -1.965332 -0.902832
42.322 1 DESIRED 0.3 0.5 5. 16. -45. 805. 2.
42.327 1 GPS 0 1130805120 0 0 -17000 0 0 0 73250 12 5
42.330 1 IMU_GYRO -0.027588 -0.045654 0.027588
42.350 1 NAVIGATION 0 2 10801716. -3566302. 1.29394907546e+14 1.29395570246e+14 0 0
42.416 1 ATTITUDE 2.83252 -1.96167 -0.898438
42.418 1 ESTIMATOR -16.999998 3e-06
42.425 1 DOWNLINK_STATUS 31 25519 1146 0 848. 40. 16.31
42.516 1 ATTITUDE 2.840088 -1.969971 -0.905518
42.522 1 DESIRED 0.3 0.5 5. 16. -45. 805. 2.
42.525 1 WP_MOVED 8 506254.8125 3566257.5 815. 12
42.529 1 NAVIGATION 0 2 10801716. -3566302. 1.29394907546e+14 1.29395570246e+14 0 0
42.533 1 BAT 2880 0 0 0 0 73 73 0
42.568 1 GPS 0 1130805120 0 0 -17000 0 0 0 73500 12 6
42.602 1 FBW_STATUS 2 0 1 0 0
42.603 1 NAVIGATION 0 2 10801716. -3566302. 1.29394907546e+14 1.29395570246e+14 0 0
42.616 1 ATTITUDE 2.858398 -1.988525 -0.906006
42.716 1 ATTITUDE 2.858398 -1.990479 -0.907715
42.721 1 DESIRED 0.3 0.5 5. 16. -45. 805. 2.
42.723 1 DL_VALUE 1 0.
42.816 1 ATTITUDE 2.864014 -1.998047 -0.901367
42.821 1 GPS 0 1130805120 0 0 -17000 0 0 0 74000 12 7
42.824 1 IMU_ACCEL 8.728516 -0.614258 -0.630859
42.850 1 NAVIGATION 0 2 10801716. -3566302. 1.29394907546e+14 1.29395570246e+14 0 0
42.916 1 ATTITUDE 2.87207 -2.005859 -0.906006
42.921 1 DESIRED 0.3 0.5 5. 16. -45. 805. 2.
42.924 1 ESTIMATOR -16.999998 2e-06
42.927 1 IMU_GYRO -0.012695 -0.084961 0.069092
42.929 1 CALIBRATION -150. 0
43.016 1 ATTITUDE 2.873291 -2.006836 -0.902344
43.019 1 WP_MOVED 9 506213.8125 3566287.5 815. 12
43.068 1 GPS 0 1130805120 0 0 -17000 0 0 0 74250 12 8
43.103 1 NAVIGATION 0 2 10801716. -3566302. 1.29394907546e+14 1.29395570246e+14 0 0
43.116 1 ATTITUDE 2.874512 -2.00708 -0.90332
43.121 1 DESIRED 0.3 0.5 5. 16. -45. 805. 2.
43.216 1 ATTITUDE 2.863281 -1.998047 -0.89917
43.219 1 IMU_MAG -1.608887 -0.613281 1.185547
43.316 1 ATTITUDE 2.87207 -2.005371 -0.901367
43.321 1 DESIRED 0.3 0.5 5. 16. -45. 805. 2.
43.327 1 GPS 0 1130805120 0 0 -17000 0 0 0 74250 12 9
43.330 1 GPS_SOL 795657920 100194 9999 0
43.350 1 NAVIGATION 0 2 10801716. -3566302. 1.29394907546e+14 1.29395570246e+14 0 0
43.416 1 ATTITUDE 2.873291 -2.006836 -0.902832
43.418 1 ESTIMATOR -16.999998 2e-06
43.426 1 DOWNLINK_STATUS 32 26326 1182 0 807. 36. 16.31
43.516 1 ATTITUDE 2.877197 -2.009033 -0.904541
43.521 1 DESIRED 0.3 0.5 5. 16. -45. 805. 2.
43.525 1 WP_MOVED 0 506377. 3566344. 900. 12
43.528 1 IMU_GYRO -0.02124 0.055176 -0.007324
43.533 1 NAVIGATION 0 2 10801716. -3566302. 1.29394907546e+14 1.29395570246e+14 0 0
43.568 1 GPS 0 1130805120 0 0 -17000 0 0 0 74500 12 10
43.603 1 NAVIGATION 0 2 10801716. -3566302. 1.29394907546e+14 1.29395570246e+14 0 0
43.616 1 ATTITUDE 2.871338 -2.003662 -0.903809
43.618 1 IMU_ACCEL 9.06543 -1.645508 -1.191406
43.621 1 BAT 0 0 0 0 1 75 75 0
43.698 1 COMMANDS 0,9600,-7714,0
43.716 1 ATTITUDE 2.870605 -2.002197 -0.902344
43.721 1 DESIRED 0.3 0.5 5. 16. -45. 805. 2.
43.798 1 ACTUATORS 1000,2000,1405,1500
43.816 1 ATTITUDE 2.868408 -1.999268 -0.900879
43.821 1 GPS 0 1130805120 0 0 -17000 0 0 0 74750 12 11
43.850 1 NAVIGATION 0 2 10801716. -3566302. 1.29394907546e+14 1.29395570246e+14 0 0
43.916 1 ATTITUDE 2.87207 -2.00293 -0.904297
43.921 1 DESIRED 0.3 0.5 5. 16. -45. 805. 2.
43.924 1 ESTIMATOR -16.999998 1e-06
44.016 1 ATTITUDE 2.873535 -2.003906 -0.906006
44.019 1 WP_MOVED 1 506335. 3566302. 765. 12
44.068 1 GPS 0 1130805120 0 0 -17000 0 0 0 75250 12 12
44.104 1 NAVIGATION 0 2 10801716. -3566302. 1.29394907546e+14 1.29395570246e+14 0 0
44.115 1 ATTITUDE 2.868652 -1.998047 -0.903564
44.121 1 DESIRED 0.3 0.5 5. 16. -45. 805. 2.
44.124 1 IMU_GYRO -0.052979 -0.090332 -0.048828
44.216 1 ATTITUDE 2.86792 -1.995361 -0.902344
44.217 1 DL_VALUE 2 805.
44.316 1 ATTITUDE 2.870117 -1.996582 -0.89917
44.321 1 DESIRED 0.3 0.5 5. 16. -45. 805. 2.
44.327 1 GPS 0 1130805120 0 0 -17000 0 0 0 75250 12 13
44.350 1 NAVIGATION 0 2 10801716. -3566302. 1.29394907546e+14 1.29395570246e+14 0 0
44.415 1 ATTITUDE 2.870605 -1.99707 -0.899414
44.418 1 ESTIMATOR -16.999998 0.
44.421 1 IMU_ACCEL 9.545898 -1.645508 -1.310547
44.423 1 STATE_FILTER_STATUS 3 0
44.427 1 DOWNLINK_STATUS 33 27148 1219 0 822. 37. 16.31
44.515 1 ATTITUDE 2.870605 -1.996582 -0.897217
44.521 1 DESIRED 0.3 0.5 5. 16. -45. 805. 2.
44.525 1 WP_MOVED 2 506254.8125 3566257.5 815. 12
44.529 1 NAVIGATION 0 2 10801716. -3566302. 1.29394907546e+14 1.29395570246e+14 0 0
44.532 1 IMU_MAG -1.608887 -0.62793 1.190918
44.568 1 GPS 0 1130805120 0 0 -17000 0 0 0 75500 12 14
44.603 1 FBW_STATUS 2 0 1 0 0
44.603 1 NAVIGATION 0 2 10801716. -3566302. 1.29394907546e+14 1.29395570246e+14 0 0
44.615 1 ATTITUDE 2.87085 -1.995117 -0.897705
44.715 1 ATTITUDE 2.869629 -1.992188 -0.896973
44.721 1 DESIRED 0.3 0.5 5. 16. -45. 805. 2.
44.725 1 IMU_GYRO -0.04248 0.044678 -0.029785
44.728 1 BAT 0 0 0 0 1 76 76 0
44.731 1 ENERGY 0. 0. 0 0.
44.815 1 ATTITUDE 2.874023 -1.994629 -0.898438
44.821 1 GPS 0 1130805120 0 0 -17000 0 0 0 76000 12 15
44.825 1 ALIVE 37,176,226,237,9,75,50,6,184,30,166,180,60,149,108,159
44.850 1 NAVIGATION 0 2 10801716. -3566302. 1.29394907546e+14 1.29395570246e+14 0 0
44.915 1 ATTITUDE 2.904053 -2.016113 -0.888672
44.921 1 DESIRED 0.3 0.5 5. 16. -45. 805. 2.
44.924 1 ESTIMATOR -16.999998 -0.
44.926 1 PPRZ_MODE 4 1 2 0 0 6
45.015 1 ATTITUDE 2.949463 -2.054443 -0.871582
45.019 1 WP_MOVED 3 506350.5 3566257. 805. 12
45.021 1 CALIBRATION -150. 0
45.068 1 GPS 0 1130805120 0 0 -17000 0 0 0 76250 12 16
45.107 1 NAVIGATION 0 2 10801716. -3566302. 1.29394907546e+14 1.29395570246e+14 0 0
45.114 1 ATTITUDE 2.939941 -2.049561 -0.866211
45.121 1 DESIRED 0.3 0.5 5. 16. -45. 805. 2.
45.215 1 ATTITUDE 2.950439 -2.060059 -0.871338
45.219 1 IMU_ACCEL 9.608398 -1.266602 -1.59082
45.315 1 ATTITUDE 2.928223 -2.043945 -0.868164
45.321 1 DESIRED 0.3 0.5 5. 16. -45. 805. 2.
45.327 1 GPS 0 1130805120 0 0 -17000 0 0 0 76250 12 1
45.330 1 IMU_GYRO -0.014893 -0.045654 0.012695
45.334 1 GPS_SOL 795660480 100200 9999 0
45.350 1 NAVIGATION 0 2 10801716. -3566302. 1.29394907546e+14 1.29395570246e+14 0 0
45.415 1 ATTITUDE 2.927979 -2.045654 -0.868408
45.418 1 ESTIMATOR -16.999998 -1e-06
45.428 1 DOWNLINK_STATUS 34 28017 1258 0 869. 39. 16.31
45.435 1 WIND_INFO 1 42 0. 0. 0.
45.515 1 ATTITUDE 2.92627 -2.045898 -0.868164
45.521 1 DESIRED 0.3 0.5 5. 16. -45. 805. 2.
45.525 1 WP_MOVED 4 506374.40625 3566337.75 805. 12
45.529 1 NAVIGATION 0 2 10801716. -3566302. 1.29394907546e+14 1.29395570246e+14 0 0
45.568 1 GPS 0 1130805120 0 0 -17000 0 0 0 76500 12 2
45.601 1 NAVIGATION 0 2 10801716. -3566302. 1.29394907546e+14 1.29395570246e+14 0 0
45.614 1 ATTITUDE 2.919678 -2.042236 -0.865723
45.715 1 ATTITUDE 2.909424 -2.033691 -0.86084
45.721 1 DESIRED 0.3 0.5 5. 16. -45. 805. 2.
45.723 1 DL_VALUE 3 0.
45.815 1 ATTITUDE 2.906006 -2.03125 -0.857422
45.821 1 GPS 0 1130805120 0 0 -17000 0 0 0 76750 12 3
45.825 1 BAT 0 0 0 0 1 77 77 0
45.828 1 IMU_MAG -1.633301 -0.613281 1.234375
45.850 1 NAVIGATION 0 2 10801716. -3566302. 1.29394907546e+14 1.29395570246e+14 0 0
45.915 1 ATTITUDE 2.901367 -2.027344 -0.854004
45.921 1 DESIRED 0.3 0.5 5. 16. -45. 805. 2.
45.924 1 ESTIMATOR -16.999998 -1e-06
45.927 1 IMU_GYRO -0.014893 -0.029785 -0.019043
46.015 1 ATTITUDE 2.908936 -2.033203 -0.857422
46.019 1 WP_MOVED 5 506402.3125 3566363.25 820. 12
46.022 1 IMU_ACCEL 9.833984 -1.472656 -1.557617
46.068 1 GPS 0 1130805120 0 0 -17000 0 0 0 77250 12 4
46.105 1 NAVIGATION 0 2 10801716. -3566302. 1.29394907546e+14 1.29395570246e+14 0 0
46.116 1 ATTITUDE 2.902588 -2.027344 -0.854248
46.121 1 DESIRED 0.3 0.5 5. 16. -45. 805. 2.
46.215 1 ATTITUDE 2.906982 -2.030762 -0.855957
46.315 1 ATTITUDE 2.906494 -2.03125 -0.857422
46.321 1 DESIRED 0.3 0.5 5. 16. -45. 805. 2.
46.327 1 GPS 0 1130805120 0 0 -17000 0 0 0 77250 12 5
46.350 1 NAVIGATION 0 2 10801716. -3566302. 1.29394907546e+14 1.29395570246e+14 0 0
46.415 1 ATTITUDE 2.908447 -2.033203 -0.858887
46.418 1 ESTIMATOR -16.999998 -2e-06
46.429 1 DOWNLINK_STATUS 35 28782 1291 0 765. 33. 16.31
46.515 1 ATTITUDE 2.914307 -2.03833 -0.859619
46.521 1 DESIRED 0.3 0.5 5. 16. -45. 805. 2.
46.527 1 WP_MOVED 6 506374.40625 3566337.75 820. 12
46.528 1 IMU_GYRO -0.008301 -0.00415 -0.040283
46.532 1 NAVIGATION 0 2 10801716. -3566302. 1.29394907546e+14 1.29395570246e+14 0 0
46.568 1 GPS 0 1130805120 0 0 -17000 0 0 0 77500 12 6
46.606 1 NAVIGATION 0 2 10801716. -3566302. 1.29394907546e+14 1.29395570246e+14 0 0
46.607 1 FBW_STATUS 2 0 1 0 0
46.616 1 ATTITUDE 2.914551 -2.039307 -0.860107
46.617 1 STATE_FILTER_STATUS 3 0
46.618 1 DOWNLINK 7 829 2871
46.715 1 ATTITUDE 2.917725 -2.042969 -0.862061
46.721 1 DESIRED 0.3 0.5 5. 16. -45. 805. 2.
46.815 1 ATTITUDE 2.916504 -2.043457 -0.862305
46.821 1 GPS 0 1130805120 0 0 -17000 0 0 0 78000 12 7
46.824 1 IMU_ACCEL 9.478516 -1.410156 -1.685547
46.850 1 NAVIGATION 0 2 10801716. -3566302. 1.29394907546e+14 1.29395570246e+14 0 0
46.915 1 ATTITUDE 2.920654 -2.047852 -0.863525
46.921 1 DESIRED 0.3 0.5 5. 16. -45. 805. 2.
46.924 1 ESTIMATOR -16.999998 -2e-06
46.927 1 BAT 0 0 0 0 1 78 78 0
46.927 1 PONG 
47.015 1 ATTITUDE 2.926758 -2.054199 -0.865234
47.019 1 WP_MOVED 7 506350.5 3566270.75 805. 12
47.068 1 GPS 0 1130805120 0 0 -17000 0 0 0 78250 12 8
47.106 1 NAVIGATION 0 2 10801716. -3566302. 1.29394907546e+14 1.29395570246e+14 0 0
47.115 1 ATTITUDE 2.932373 -2.060303 -0.868408
47.121 1 DESIRED 0.3 0.5 5. 16. -45. 805. 2.
47.123 1 IMU_GYRO -0.010498 -0.00415 -0.044678
47.126 1 IMU_MAG -1.630859 -0.630859 1.257324
47.128 1 CALIBRATION -150. 0
47.215 1 ATTITUDE 2.935059 -2.064697 -0.868896
47.217 1 DL_VALUE 4 0.
47.221 1 ENERGY 0. 0. 0 0.
47.315 1 ATTITUDE 2.933105 -2.063965 -0.868652
47.321 1 DESIRED 0.3 0.5 5. 16. -45. 805. 2.
47.327 1 GPS 0 1130805120 0 0 -17000 0 0 0 78250 12 9
47.330 1 GPS_SOL 795663232 100205 9999 0
47.350 1 NAVIGATION 0 2 10801716. -3566302. 1.29394907546e+14 1.29395570246e+14 0 0
47.415 1 ATTITUDE 2.932373 -2.064453 -0.868652
47.418 1 ESTIMATOR -16.999998 -3e-06
47.430 1 DOWNLINK_STATUS 36 29653 1332 0 871. 41. 15.99
47.515 1 ATTITUDE 2.928223 -2.062256 -0.869385
47.521 1 DESIRED 0.3 0.5 5. 16. -45. 805. 2.
47.525 1 WP_MOVED 8 506254.8125 3566257.5 815. 12
47.529 1 NAVIGATION 0 2 10801716. -3566302. 1.29394907546e+14 1.29395570246e+14 0 0
47.568 1 GPS 0 1130805120 0 0 -17000 0 0 0 78500 12 10
47.600 1 NAVIGATION 0 2 10801716. -3566302. 1.29394907546e+14 1.29395570246e+14 0 0
47.615 1 ATTITUDE 2.928223 -2.063232 -0.87085
47.617 1 IMU_ACCEL 9.501953 -1.295898 -1.566406
47.715 1 ATTITUDE 2.928223 -2.063232 -0.871582
47.721 1 DESIRED 0.3 0.5 5. 16. -45. 805. 2.
47.724 1 IMU_GYRO 0. -0.008301 -0.015869
47.756 1 SETTING 1 8 1.
47.762 1 DL_VALUE 8 1.
47.815 1 ATTITUDE 2.926514 -2.062012 -0.871582
47.821 1 GPS 0 1130805120 0 0 -17000 0 0 0 78750 12 11
47.850 1 NAVIGATION 0 2 10801716. -3566302. 1.29394907546e+14 1.29395570246e+14 0 0
47.915 1 ATTITUDE 2.922607 -2.057129 -0.869141
47.921 1 DESIRED 0.3 0.5 5. 16. -45. 805. 2.
47.924 1 ESTIMATOR -16.999998 -4e-06
48.015 1 ATTITUDE 2.921875 -2.054688 -0.868652
48.019 1 WP_MOVED 9 506213.8125 3566287.5 815. 12
48.022 1 BAT 0 0 0 0 1 79 79 0
48.068 1 GPS 0 1130805120 0 0 -17000 0 0 0 79250 12 12
48.100 1 NAVIGATION 0 2 10801716. -3566302. 1.29394907546e+14 1.29395570246e+14 0 0
48.115 1 ATTITUDE 2.921875 -2.053223 -0.867676
48.121 1 DESIRED 0.3 0.5 5. 16. -45. 805. 2.
48.215 1 ATTITUDE 2.921143 -2.052246 -0.867676
48.315 1 ATTITUDE 2.92334 -2.053467 -0.867676
48.321 1 DESIRED 0.3 0.5 5. 16. -45. 805. 2.
48.327 1 GPS 0 1130805120 0 0 -17000 0 0 0 79250 12 13
48.330 1 IMU_GYRO -0.010498 0.005127 -0.111572
48.350 1 NAVIGATION 0 2 10801716. -3566302. 1.29394907546e+14 1.29395570246e+14 0 0
48.415 1 ATTITUDE 2.927979 -2.056396 -0.868652
48.418 1 ESTIMATOR -17. -4e-06
48.421 1 IMU_ACCEL 9.420898 -1.28125 -1.619141
48.424 1 IMU_MAG -1.635742 -0.636719 1.234375
48.431 1 DOWNLINK_STATUS 37 30454 1367 0 801. 35. 15.99
48.515 1 ATTITUDE 2.92749 -2.055664 -0.869141
48.521 1 DESIRED 0.3 0.5 5. 16. -45. 805. 2.
48.525 1 WP_MOVED 0 506377. 3566344. 900. 12
48.529 1 NAVIGATION 0 2 10801716. -3566302. 1.29394907546e+14 1.29395570246e+14 0 0
48.568 1 GPS 0 1130805120 0 0 -17000 0 0 0 79500 12 14
48.598 1 FBW_STATUS 2 0 1 0 0
48.608 1 NAVIGATION 0 2 10801716. -3566302. 1.29394907546e+14 1.29395570246e+14 0 0
48.615 1 ATTITUDE 2.927734 -2.055664 -0.868896
48.698 1 COMMANDS 0,9600,-7525,0
48.715 1 ATTITUDE 2.926758 -2.055176 -0.867676
48.721 1 DESIRED 0.3 0.5 5. 16. -45. 805. 2.
48.723 1 DL_VALUE 5 0.
48.798 1 ACTUATORS 1000,2000,1412,1500
48.815 1 ATTITUDE 2.929199 -2.057373 -0.867188
48.821 1 GPS 0 1130805120 0 0 -17000 0 0 0 80000 12 15
48.823 1 STATE_FILTER_STATUS 3 0
48.850 1 NAVIGATION 0 2 10801716. -3566302. 1.29394907546e+14 1.29395570246e+14 0 0
48.915 1 ATTITUDE 2.927246 -2.055664 -0.866211
48.921 1 DESIRED 0.3 0.5 5. 16. -45. 805. 2.
48.924 1 ESTIMATOR -17.000002 -3e-06
48.927 1 IMU_GYRO -0.012695 -0.014893 -0.022217
49.015 1 ATTITUDE 2.929443 -2.05835 -0.866943
49.019 1 WP_MOVED 1 506335. 3566302. 765. 12
49.068 1 GPS 0 1130805120 0 0 -17000 0 0 0 80250 12 16
49.100 1 NAVIGATION 0 2 10801716. -3566302. 1.29394907546e+14 1.29395570246e+14 0 0
49.115 1 ATTITUDE 2.929932 -2.059082 -0.867188
49.121 1 DESIRED 0.3 0.5 5. 16. -45. 805. 2.
49.124 1 BAT 0 0 0 0 1 80 80 0
49.215 1 ATTITUDE 2.931152 -2.060547 -0.866943
49.217 1 IMU_ACCEL 9.521484 -1.271484 -1.680664
49.220 1 CALIBRATION -150. 0
49.315 1 ATTITUDE 2.929932 -2.059082 -0.865967
49.321 1 DESIRED 0.3 0.5 5. 16. -45. 805. 2.
49.327 1 GPS 0 1130805120 0 0 -17000 0 0 0 80250 12 1
49.330 1 GPS_SOL 795666048 100211 9999 0
49.350 1 NAVIGATION 0 2 10801716. -3566302. 1.29394907546e+14 1.29395570246e+14 0 0
49.415 1 ATTITUDE 2.927734 -2.057373 -0.866211
49.418 1 ESTIMATOR -17.000002 -3e-06
49.432 1 DOWNLINK_STATUS 38 31282 1405 0 828. 38. 15.99
49.515 1 ATTITUDE 2.925781 -2.055908 -0.865967
49.521 1 DESIRED 0.3 0.5 5. 16. -45. 805. 2.
49.525 1 WP_MOVED 2 506254.8125 3566257.5 815. 12
49.528 1 IMU_GYRO -0.016846 -0.014893 -0.02002
49.532 1 NAVIGATION 0 2 10801716. -3566302. 1.29394907546e+14 1.29395570246e+14 0 0
49.568 1 GPS 0 1130805120 0 0 -17000 0 0 0 80500 12 2
49.600 1 NAVIGATION 0 2 10801716. -3566302. 1.29394907546e+14 1.29395570246e+14 0 0
49.615 1 ATTITUDE 2.925781 -2.055664 -0.865967
49.715 1 ATTITUDE 2.925293 -2.053467 -0.864502
49.721 1 DESIRED 0.3 0.5 5. 16. -45. 805. 2.
49.724 1 IMU_MAG -1.643066 -0.62793 1.251465
49.728 1 ENERGY 0. 0. 0 0.
49.815 1 ATTITUDE 2.924805 -2.052979 -0.864746
49.821 1 GPS 0 1130805120 0 0 -17000 0 0 0 80750 12 3
49.825 1 ALIVE 37,176,226,237,9,75,50,6,184,30,166,180,60,149,108,159
49.850 1 NAVIGATION 0 2 10801716. -3566302. 1.29394907546e+14 1.29395570246e+14 0 0
49.915 1 ATTITUDE 2.926025 -2.053467 -0.864502
49.921 1 DESIRED 0.3 0.5 5. 16. -45. 805. 2.
49.923 1 ESTIMATOR -17.000002 -2e-06
49.926 1 PPRZ_MODE 4 1 2 0 0 6
50.014 1 ATTITUDE 2.92627 -2.053711 -0.864746
50.018 1 WP_MOVED 3 506350.5 3566257. 805. 12
50.021 1 IMU_ACCEL 9.541016 -1.338867 -1.637695
50.068 1 GPS 0 1130805120 0 0 -17000 0 0 0 81250 12 4
50.100 1 NAVIGATION 0 2 10801716. -3566302. 1.29394907546e+14 1.29395570246e+14 0 0
50.115 1 ATTITUDE 2.924805 -2.051758 -0.864746
50.121 1 DESIRED 0.3 0.5 5. 16. -45. 805. 2.
50.123 1 IMU_GYRO -0.012695 -0.023193 -0.015869
50.215 1 ATTITUDE 2.926758 -2.053223 -0.864502
50.219 1 BAT 0 0 0 0 1 81 81 0
50.221 1 DL_VALUE 6 100.
50.315 1 ATTITUDE 2.925781 -2.05249 -0.864258
50.321 1 DESIRED 0.3 0.5 5. 16. -45. 805. 2.
50.327 1 GPS 0 1130805120 0 0 -17000 0 0 0 81250 12 5
50.350 1 NAVIGATION 0 2 10801716. -3566302. 1.29394907546e+14 1.29395570246e+14 0 0
50.415 1 ATTITUDE 2.926758 -2.053223 -0.864502
50.418 1 ESTIMATOR -17.000002 -2e-06
50.433 1 DOWNLINK_STATUS 39 32120 1442 0 838. 37. 15.99
50.515 1 ATTITUDE 2.926025 -2.05249 -0.864258
50.521 1 DESIRED 0.3 0.5 5. 16. -45. 805. 2.
50.524 1 WP_MOVED 4 506374.40625 3566337.75 805. 12
50.529 1 NAVIGATION 0 2 10801716. -3566302. 1.29394907546e+14 1.29395570246e+14 0 0
50.568 1 GPS 0 1130805120 0 0 -17000 0 0 0 81500 12 6
50.598 1 FBW_STATUS 2 0 1 0 0
50.602 1 NAVIGATION 0 2 10801716. -3566302. 1.29394907546e+14 1.29395570246e+14 0 0
50.615 1 ATTITUDE 2.925049 -2.051514 -0.864502
50.715 1 ATTITUDE 2.922119 -2.049561 -0.86377
50.721 1 DESIRED 0.3 0.5 5. 16. -45. 805. 2.
50.724 1 IMU_GYRO -0.010498 -0.006348 -0.047852
50.815 1 ATTITUDE 2.924561 -2.05249 -0.864502
50.821 1 GPS 0 1130805120 0 0 -17000 0 0 0 82000 12 7
50.824 1 IMU_ACCEL 9.516602 -1.329102 -1.628906
50.850 1 NAVIGATION 0 2 10801716. -3566302. 1.29394907546e+14 1.29395570246e+14 0 0
50.915 1 ATTITUDE 2.927734 -2.055908 -0.865234
50.921 1 DESIRED 0.3 0.5 5. 16. -45. 805. 2.
50.923 1 ESTIMATOR -17.000002 -1e-06
51.015 1 ATTITUDE 2.927002 -2.055908 -0.864746
51.019 1 WP_MOVED 5 506402.3125 3566363.25 820. 12
51.022 1 IMU_MAG -1.635742 -0.619141 1.242676
51.023 1 STATE_FILTER_STATUS 3 0
51.068 1 GPS 0 1130805120 0 0 -17000 0 0 0 82250 12 8
51.100 1 NAVIGATION 0 2 10801716. -3566302. 1.29394907546e+14 1.29395570246e+14 0 0
51.115 1 ATTITUDE 2.924805 -2.054443 -0.864502
51.121 1 DESIRED 0.3 0.5 5. 16. -45. 805. 2.
51.215 1 ATTITUDE 2.925537 -2.056885 -0.864502
51.218 1 NAVIGATION_REF 506335 3566302 12
51.319 1 ATTITUDE 2.924316 -2.056152 -0.864014
51.321 1 DESIRED 0.3 0.5 5. 16. -45. 805. 2.
51.327 1 GPS 0 1130805120 0 0 -17000 0 0 0 82250 12 9
51.330 1 IMU_GYRO -0.008301 -0.013672 -0.026367
51.333 1 BAT 0 0 0 0 1 82 82 0
51.351 1 NAVIGATION 0 2 10801716. -3566302. 1.29394907546e+14 1.29395570246e+14 0 0
51.415 1 ATTITUDE 2.924805 -2.057617 -0.864502
51.417 1 ESTIMATOR -17.000002 -0.
51.434 1 DOWNLINK_STATUS 40 32930 1478 0 810. 36. 15.99
51.515 1 ATTITUDE 2.926025 -2.058105 -0.864502
51.521 1 DESIRED 0.3 0.5 5. 16. -45. 805. 2.
51.524 1 WP_MOVED 6 506374.40625 3566337.75 820. 12
51.529 1 NAVIGATION 0 2 10801716. -3566302. 1.29394907546e+14 1.29395570246e+14 0 0
51.568 1 GPS 0 1130805120 0 0 -17000 0 0 0 82500 12 10
51.600 1 NAVIGATION 0 2 10801716. -3566302. 1.29394907546e+14 1.29395570246e+14 0 0
51.615 1 ATTITUDE 2.927979 -2.05957 -0.864746
51.618 1 IMU_ACCEL 9.526367 -1.338867 -1.599609
51.715 1 ATTITUDE 2.92627 -2.056885 -0.864746
51.721 1 DESIRED 0.3 0.5 5. 16. -45. 805. 2.
51.723 1 DL_VALUE 7 4.
51.725 1 DOWNLINK 9 0 3059
51.815 1 ATTITUDE 2.927979 -2.058105 -0.86499
51.821 1 GPS 0 1130805120 0 0 -17000 0 0 0 82750 12 11
51.850 1 NAVIGATION 0 2 10801716. -3566302. 1.29394907546e+14 1.29395570246e+14 0 0
51.915 1 ATTITUDE 2.927002 -2.056885 -0.86499
51.921 1 DESIRED 0.3 0.5 5. 16. -45. 805. 2.
51.923 1 ESTIMATOR -17.000002 0.
51.926 1 IMU_GYRO -0.014893 -0.015869 -0.029785
51.927 1 PONG 
52.015 1 ATTITUDE 2.927002 -2.056396 -0.86499
52.018 1 WP_MOVED 7 506350.5 3566270.75 805. 12
52.068 1 GPS 0 1130805120 0 0 -17000 0 0 0 83250 12 12
52.100 1 NAVIGATION 0 2 10801716. -3566302. 1.29394907546e+14 1.29395570246e+14 0 0
52.115 1 ATTITUDE 2.927979 -2.056152 -0.864258
52.121 1 DESIRED 0.3 0.5 5. 16. -45. 805. 2.
52.215 1 ATTITUDE 2.92627 -2.053467 -0.86377
52.218 1 ENERGY 0. 0. 0 0.
52.315 1 ATTITUDE 2.92627 -2.053467 -0.86377
52.321 1 DESIRED 0.3 0.5 5. 16. -45. 805. 2.
52.327 1 GPS 0 1130805120 0 0 -17000 0 0 0 83250 12 13
52.330 1 IMU_MAG -1.628418 -0.630859 1.240234
52.350 1 NAVIGATION 0 2 10801716. -3566302. 1.29394907546e+14 1.29395570246e+14 0 0
52.415 1 ATTITUDE 2.929443 -2.056152 -0.864746
52.417 1 ESTIMATOR -17.000002 1e-06
52.421 1 IMU_ACCEL 9.651367 -1.242188 -1.633789
52.424 1 BAT 0 0 0 0 1 83 83 0
52.434 1 DOWNLINK_STATUS 41 33750 1515 0 820. 37. 16.
52.515 1 ATTITUDE 2.928467 -2.054688 -0.86377
52.521 1 DESIRED 0.3 0.5 5. 16. -45. 805. 2.
52.524 1 WP_MOVED 8 506254.8125 3566257.5 815. 12
52.528 1 IMU_GYRO -0.014893 -0.026367 -0.014893
52.532 1 NAVIGATION 0 2 10801716. -3566302. 1.29394907546e+14 1.29395570246e+14 0 0
52.568 1 GPS 0 1130805120 0 0 -17000 0 0 0 83500 12 14
52.598 1 FBW_STATUS 2 0 1 0 0
52.602 1 NAVIGATION 0 2 10801716. -3566302. 1.29394907546e+14 1.29395570246e+14 0 0
52.615 1 ATTITUDE 2.931152 -2.056641 -0.864014
52.715 1 ATTITUDE 2.931885 -2.057373 -0.864258
52.721 1 DESIRED 0.3 0.5 5. 16. -45. 805. 2.
52.815 1 ATTITUDE 2.933838 -2.059814 -0.865723
52.821 1 GPS 0 1130805120 0 0 -17000 0 0 0 84000 12 15
52.850 1 NAVIGATION 0 2 10801716. -3566302. 1.29394907546e+14 1.29395570246e+14 0 0
52.915 1 ATTITUDE 2.932617 -2.059082 -0.866211
52.921 1 DESIRED 0.3 0.5 5. 16. -45. 805. 2.
52.923 1 ESTIMATOR -17.000002 1e-06
53.015 1 ATTITUDE 2.930176 -2.057129 -0.86499
53.018 1 WP_MOVED 9 506213.8125 3566287.5 815. 12
53.068 1 GPS 0 1130805120 0 0 -17000 0 0 0 84250 12 16
53.100 1 NAVIGATION 0 2 10801716. -3566302. 1.29394907546e+14 1.29395570246e+14 0 0
53.115 1 ATTITUDE 2.934082 -2.060059 -0.864746
53.122 1 DESIRED 0.3 0.5 5. 16. -45. 805. 2.
53.124 1 IMU_GYRO -0.012695 -0.006348 0.024414
53.215 1 ATTITUDE 2.92749 -2.055176 -0.864746
53.218 1 IMU_ACCEL 9.401367 -1.314453 -1.576172
53.220 1 DL_VALUE 8 1.
53.222 1 STATE_FILTER_STATUS 3 0
53.315 1 ATTITUDE 2.934814 -2.061279 -0.865479
53.321 1 DESIRED 0.3 0.5 5. 16. -45. 805. 2.
53.327 1 GPS 0 1130805120 0 0 -17000 0 0 0 84250 12 1
53.330 1 GPS_SOL 795671872 100222 9999 0
53.350 1 NAVIGATION 0 2 10801716. -3566302. 1.29394907546e+14 1.29395570246e+14 0 0
53.415 1 ATTITUDE 2.929443 -2.056152 -0.864258
53.417 1 ESTIMATOR -17.000002 2e-06
53.419 1 CALIBRATION -150. 0
53.435 1 DOWNLINK_STATUS 42 34546 1551 0 796. 36. 16.
53.515 1 ATTITUDE 2.933838 -2.061768 -0.866699
53.521 1 DESIRED 0.3 0.5 5. 16. -45. 805. 2.
53.524 1 WP_MOVED 0 506377. 3566344. 900. 12
53.529 1 NAVIGATION 0 2 10801716. -3566302. 1.29394907546e+14 1.29395570246e+14 0 0
53.532 1 BAT 0 0 0 0 1 84 84 0
53.568 1 GPS 0 1130805120 0 0 -17000 0 0 0 84500 12 2
53.600 1 NAVIGATION 0 2 10801716. -3566302. 1.29394907546e+14 1.29395570246e+14 0 0
53.615 1 ATTITUDE 2.933105 -2.061279 -0.866943
53.617 1 IMU_MAG -1.633301 -0.630859 1.245605
53.698 1 COMMANDS 0,9600,-7514,0
53.715 1 ATTITUDE 2.932861 -2.060547 -0.866211
53.721 1 DESIRED 0.3 0.5 5. 16. -45. 805. 2.
53.724 1 IMU_GYRO -0.012695 -0.013672 0.043457
53.798 1 ACTUATORS 1000,2000,1413,1500
53.815 1 ATTITUDE 2.931152 -2.059326 -0.866699
53.821 1 GPS 0 1130805120 0 0 -17000 0 0 0 84750 12 3
53.850 1 NAVIGATION 0 2 10801716. -3566302. 1.29394907546e+14 1.29395570246e+14 0 0
53.915 1 ATTITUDE 2.932129 -2.05957 -0.866699
53.921 1 DESIRED 0.3 0.5 5. 16. -45. 805. 2.
53.923 1 ESTIMATOR -17.000002 3e-06
54.015 1 ATTITUDE 2.932129 -2.058838 -0.865967
54.018 1 WP_MOVED 1 506335. 3566302. 765. 12
54.022 1 IMU_ACCEL 9.516602 -1.304688 -1.666992
54.067 1 GPS 0 1130805120 0 0 -17000 0 0 0 85250 12 4
54.100 1 NAVIGATION 0 2 10801716. -3566302. 1.29394907546e+14 1.29395570246e+14 0 0
54.116 1 ATTITUDE 2.932617 -2.05835 -0.865967
54.121 1 DESIRED 0.3 0.5 5. 16. -45. 805. 2.
54.215 1 ATTITUDE 2.931641 -2.058105 -0.866943
54.315 1 ATTITUDE 2.930664 -2.060059 -0.869629
54.321 1 DESIRED 0.3 0.5 5. 16. -45. 805. 2.
54.327 1 GPS 0 1130805120 0 0 -17000 0 0 0 85250 12 5
54.330 1 IMU_GYRO -0.006348 -0.026367 0.001953
54.350 1 NAVIGATION 0 2 10801716. -3566302. 1.29394907546e+14 1.29395570246e+14 0 0
54.415 1 ATTITUDE 2.933105 -2.061523 -0.86792
54.417 1 ESTIMATOR -17.000002 3e-06
54.436 1 DOWNLINK_STATUS 43 35348 1586 0 802. 35. 16.
54.515 1 ATTITUDE 2.937256 -2.065186 -0.868652
54.521 1 DESIRED 0.3 0.5 5. 16. -45. 805. 2.
54.524 1 WP_MOVED 2 506254.8125 3566257.5 815. 12
54.529 1 NAVIGATION 0 2 10801716. -3566302. 1.29394907546e+14 1.29395570246e+14 0 0
54.567 1 GPS 0 1130805120 0 0 -17000 0 0 0 85500 12 6
54.598 1 FBW_STATUS 2 0 1 0 0
54.602 1 NAVIGATION 0 2 10801716. -3566302. 1.29394907546e+14 1.29395570246e+14 0 0
54.617 1 ATTITUDE 2.936523 -2.064209 -0.867432
54.618 1 BAT 0 0 0 0 1 86 86 0
54.715 1 ATTITUDE 2.938965 -2.067627 -0.869141
54.721 1 DESIRED 0.3 0.5 5. 16. -45. 805. 2.
54.723 1 DL_VALUE 9 1.
54.726 1 ENERGY 0. 0. 0 0.
54.815 1 ATTITUDE 2.933105 -2.062256 -0.867676
54.821 1 GPS 0 1130805120 0 0 -17000 0 0 0 86000 12 7
54.824 1 IMU_ACCEL 9.444336 -1.304688 -1.637695
54.828 1 ALIVE 37,176,226,237,9,75,50,6,184,30,166,180,60,149,108,159
54.850 1 NAVIGATION 0 2 10801716. -3566302. 1.29394907546e+14 1.29395570246e+14 0 0
54.915 1 ATTITUDE 2.93335 -2.061523 -0.866699
54.921 1 DESIRED 0.3 0.5 5. 16. -45. 805. 2.
54.923 1 ESTIMATOR -17.000002 4e-06
54.926 1 IMU_GYRO -0.014893 -0.023193 -0.015869
54.929 1 IMU_MAG -1.630859 -0.633789 1.242676
54.932 1 PPRZ_MODE 4 1 2 0 0 6
55.014 1 ATTITUDE 2.932861 -2.061523 -0.866699
55.017 1 WP_MOVED 3 506350.5 3566257. 805. 12
55.067 1 GPS 0 1130805120 0 0 -17000 0 0 0 86250 12 8
55.100 1 NAVIGATION 0 2 10801716. -3566302. 1.29394907546e+14 1.29395570246e+14 0 0
55.115 1 ATTITUDE 2.934326 -2.062988 -0.866699
55.121 1 DESIRED 0.3 0.5 5. 16. -45. 805. 2.
55.215 1 ATTITUDE 2.933105 -2.063477 -0.866699
55.315 1 ATTITUDE 2.934326 -2.064697 -0.866699
55.321 1 DESIRED 0.3 0.5 5. 16. -45. 805. 2.
55.326 1 GPS 0 1130805120 0 0 -17000 0 0 0 86250 12 9
55.329 1 GPS_SOL 795674880 100228 9999 0
55.350 1 NAVIGATION 0 2 10801716. -3566302. 1.29394907546e+14 1.29395570246e+14 0 0
55.415 1 ATTITUDE 2.935059 -2.065674 -0.866943
55.417 1 ESTIMATOR -17. 4e-06
55.419 1 STATE_FILTER_STATUS 3 0
55.435 1 WIND_INFO 1 42 0. 0. 0.
55.437 1 DOWNLINK_STATUS 44 36208 1625 0 860. 39. 16.
55.515 1 ATTITUDE 2.936035 -2.066895 -0.867432
55.521 1 DESIRED 0.3 0.5 5. 16. -45. 805. 2.
55.524 1 WP_MOVED 4 506374.40625 3566337.75 805. 12
55.527 1 IMU_GYRO -0.012695 -0.015869 -0.008301
55.532 1 NAVIGATION 0 2 10801716. -3566302. 1.29394907546e+14 1.29395570246e+14 0 0
55.534 1 CALIBRATION -150. 0
55.567 1 GPS 0 1130805120 0 0 -17000 0 0 0 86500 12 10
55.600 1 NAVIGATION 0 2 10801716. -3566302. 1.29394907546e+14 1.29395570246e+14 0 0
55.618 1 ATTITUDE 2.9375 -2.068359 -0.86792
55.619 1 IMU_ACCEL 9.661133 -1.242188 -1.657227
55.715 1 ATTITUDE 2.937744 -2.068359 -0.868652
55.721 1 DESIRED 0.3 0.5 5. 16. -45. 805. 2.
55.724 1 BAT 0 0 0 0 1 87 87 0
55.815 1 ATTITUDE 2.937744 -2.068115 -0.869385
55.821 1 GPS 0 1130805120 0 0 -17000 0 0 0 86750 12 11
55.849 1 NAVIGATION 0 2 10801716. -3566302. 1.29394907546e+14 1.29395570246e+14 0 0
55.915 1 ATTITUDE 2.937744 -2.067871 -0.869385
55.921 1 DESIRED 0.3 0.5 5. 16. -45. 805. 2.
55.923 1 ESTIMATOR -16.999998 3e-06
56.015 1 ATTITUDE 2.936279 -2.066895 -0.870361
56.018 1 WP_MOVED 5 506402.3125 3566363.25 820. 12
56.067 1 GPS 0 1130805120 0 0 -17000 0 0 0 87250 12 12
56.099 1 NAVIGATION 0 2 10801716. -3566302. 1.29394907546e+14 1.29395570246e+14 0 0
56.120 1 ATTITUDE 2.937988 -2.067139 -0.868408
56.121 1 DESIRED 0.3 0.5 5. 16. -45. 805. 2.
56.124 1 IMU_GYRO -0.010498 -0.009521 -0.106201
56.215 1 ATTITUDE 2.973145 -2.100586 -0.891357
56.218 1 IMU_MAG -1.640625 -0.680176 1.225586
56.220 1 DL_VALUE 10 0.
56.315 1 ATTITUDE 2.966064 -2.098633 -0.903564
56.321 1 DESIRED 0.3 0.5 5. 16. -45. 805. 2.
56.326 1 GPS 0 1130805120 0 0 -17000 0 0 0 87250 12 13
56.349 1 NAVIGATION 0 2 10801716. -3566302. 1.29394907546e+14 1.29395570246e+14 0 0
56.415 1 ATTITUDE 2.93335 -2.070068 -0.893066
56.417 1 ESTIMATOR -16.999998 3e-06
56.420 1 IMU_ACCEL 9.338867 -1.228516 -1.424805
56.437 1 DOWNLINK_STATUS 45 37020 1661 0 812. 36. 16.
56.515 1 ATTITUDE 2.934082 -2.070312 -0.891846
56.521 1 DESIRED 0.3 0.5 5. 16. -45. 805. 2.
56.523 1 WP_MOVED 6 506374.40625 3566337.75 820. 12
56.530 1 NAVIGATION 0 2 10801716. -3566302. 1.29394907546e+14 1.29395570246e+14 0 0
56.567 1 GPS 0 1130805120 0 0 -17000 0 0 0 87500 12 14
56.599 1 NAVIGATION 0 2 10801716. -3566302. 1.29394907546e+14 1.29395570246e+14 0 0
56.602 1 FBW_STATUS 2 0 1 0 0
56.620 1 ATTITUDE 2.930908 -2.067383 -0.891602
56.715 1 ATTITUDE 2.930908 -2.068115 -0.891357
56.721 1 DESIRED 0.3 0.5 5. 16. -45. 805. 2.
56.724 1 IMU_GYRO 0.001953 -0.009521 -0.057373
56.815 1 ATTITUDE 2.93335 -2.071045 -0.892578
56.820 1 GPS 0 1130805120 0 0 -17000 0 0 0 87750 12 15
56.824 1 BAT 0 0 0 0 1 88 88 0
56.826 1 DOWNLINK 9 816 3245
56.849 1 NAVIGATION 0 2 10801716. -3566302. 1.29394907546e+14 1.29395570246e+14 0 0
56.915 1 ATTITUDE 2.934082 -2.071777 -0.892334
56.921 1 DESIRED 0.3 0.5 5. 16. -45. 805. 2.
56.923 1 ESTIMATOR -16.999998 2e-06
56.923 1 PONG 
57.015 1 ATTITUDE 2.934082 -2.071533 -0.890625
57.018 1 WP_MOVED 7 506350.5 3566270.75 805. 12
57.067 1 GPS 0 1130805120 0 0 -17000 0 0 0 88250 12 16
57.099 1 NAVIGATION 0 2 10801716. -3566302. 1.29394907546e+14 1.29395570246e+14 0 0
57.119 1 ATTITUDE 2.938721 -2.074951 -0.890869
57.121 1 DESIRED 0.3 0.5 5. 16. -45. 805. 2.
57.215 1 ATTITUDE 2.936279 -2.072754 -0.890381
57.218 1 IMU_ACCEL 9.506836 -1.151367 -1.448242
57.221 1 ENERGY 0. 0. 0 0.
57.315 1 ATTITUDE 2.937256 -2.073975 -0.890381
57.321 1 DESIRED 0.3 0.5 5. 16. -45. 805. 2.
57.326 1 GPS 0 1130805120 0 0 -17000 0 0 0 88250 12 1
57.329 1 IMU_GYRO -0.008301 0.00415 -0.083008
57.332 1 GPS_SOL 795677952 100233 9999 0
57.349 1 NAVIGATION 0 2 10801716. -3566302. 1.29394907546e+14 1.29395570246e+14 0 0
57.415 1 ATTITUDE 2.936035 -2.07373 -0.890869
57.417 1 ESTIMATOR -16.999998 2e-06
57.438 1 DOWNLINK_STATUS 46 37842 1698 0 822. 37. 12.
57.515 1 ATTITUDE 2.939209 -2.076904 -0.891846
57.521 1 DESIRED 0.3 0.5 5. 16. -45. 805. 2.
57.524 1 WP_MOVED 8 506254.8125 3566257.5 815. 12
57.529 1 NAVIGATION 0 2 10801716. -3566302. 1.29394907546e+14 1.29395570246e+14 0 0
57.532 1 IMU_MAG -1.630859 -0.636719 1.219727
57.567 1 GPS 0 1130805120 0 0 -17000 0 0 0 88500 12 2
57.599 1 NAVIGATION 0 2 10801716. -3566302. 1.29394907546e+14 1.29395570246e+14 0 0
57.621 1 ATTITUDE 2.937744 -2.075684 -0.891846
57.621 1 CALIBRATION -150. 0
57.621 1 STATE_FILTER_STATUS 3 0
57.715 1 ATTITUDE 2.936768 -2.074463 -0.891846
57.721 1 DESIRED 0.3 0.5 5. 16. -45. 805. 2.
57.722 1 DL_VALUE 11 1.
57.815 1 ATTITUDE 2.936279 -2.073486 -0.891357
57.820 1 GPS 0 1130805120 0 0 -17000 0 0 0 88750 12 3
57.849 1 NAVIGATION 0 2 10801716. -3566302. 1.29394907546e+14 1.29395570246e+14 0 0
57.915 1 ATTITUDE 2.935303 -2.072021 -0.890869
57.921 1 DESIRED 0.3 0.5 5. 16. -45. 805. 2.
57.923 1 ESTIMATOR -16.999998 1e-06
57.926 1 IMU_GYRO -0.010498 -0.012695 -0.038086
57.930 1 BAT 0 0 0 0 1 89 89 0
58.015 1 ATTITUDE 2.936279 -2.072754 -0.891113
58.018 1 WP_MOVED 9 506213.8125 3566287.5 815. 12
58.021 1 IMU_ACCEL 9.631836 -1.189453 -1.453125
58.067 1 GPS 0 1130805120 0 0 -17000 0 0 0 89250 12 4
58.100 1 NAVIGATION 0 2 10801716. -3566302. 1.29394907546e+14 1.29395570246e+14 0 0
58.115 1 ATTITUDE 2.935303 -2.070557 -0.890381
58.120 1 DESIRED 0.3 0.5 5. 16. -45. 805. 2.
58.215 1 ATTITUDE 2.936035 -2.071045 -0.890625
58.315 1 ATTITUDE 2.938232 -2.072021 -0.891602
58.321 1 DESIRED 0.3 0.5 5. 16. -45. 805. 2.
58.326 1 GPS 0 1130805120 0 0 -17000 0 0 0 89250 12 5
58.349 1 NAVIGATION 0 2 10801716. -3566302. 1.29394907546e+14 1.29395570246e+14 0 0
58.415 1 ATTITUDE 2.938721 -2.072021 -0.891602
58.417 1 ESTIMATOR -16.999998 0.
58.439 1 DOWNLINK_STATUS 47 38627 1733 0 785. 35. 12.
58.515 1 ATTITUDE 2.9375 -2.071289 -0.891602
58.521 1 DESIRED 0.3 0.5 5. 16. -45. 805. 2.
58.524 1 WP_MOVED 0 506377. 3566344. 900. 12
58.527 1 IMU_GYRO -0.014893 -0.023193 -0.027588
58.532 1 NAVIGATION 0 2 10801716. -3566302. 1.29394907546e+14 1.29395570246e+14 0 0
58.567 1 GPS 0 1130805120 0 0 -17000 0 0 0 89500 12 6
58.597 1 FBW_STATUS 2 0 1 0 0
58.602 1 NAVIGATION 0 2 10801716. -3566302. 1.29394907546e+14 1.29395570246e+14 0 0
58.615 1 ATTITUDE 2.939697 -2.072266 -0.891846
58.697 1 COMMANDS 0,9600,-7652,0
58.715 1 ATTITUDE 2.938965 -2.071777 -0.891357
58.721 1 DESIRED 0.3 0.5 5. 16. -45. 805. 2.
58.797 1 ACTUATORS 1000,2000,1407,1500
58.815 1 ATTITUDE 2.937988 -2.071533 -0.890869
58.820 1 GPS 0 1130805120 0 0 -17000 0 0 0 90000 12 7
58.823 1 IMU_ACCEL 9.713867 -1.256836 -1.481445
58.827 1 IMU_MAG -1.630859 -0.639648 1.216797
58.849 1 NAVIGATION 0 2 10801716. -3566302. 1.29394907546e+14 1.29395570246e+14 0 0
58.915 1 ATTITUDE 2.931641 -2.06665 -0.889648
58.919 1 DESIRED 0.3 0.5 5. 16. -45. 805. 2.
58.922 1 ESTIMATOR -16.999998 -0.
59.015 1 ATTITUDE 2.935547 -2.070068 -0.889648
59.018 1 WP_MOVED 1 506335. 3566302. 765. 12
59.022 1 BAT 0 0 0 0 1 90 90 0
59.067 1 GPS 0 1130805120 0 0 -17000 0 0 0 90250 12 8
59.099 1 NAVIGATION 0 2 10801716. -3566302. 1.29394907546e+14 1.29395570246e+14 0 0
59.115 1 ATTITUDE 2.937744 -2.07251 -0.88916
59.120 1 DESIRED 0.3 0.5 5. 16. -45. 805. 2.
59.124 1 IMU_GYRO -0.027588 -0.025391 -0.007324
59.215 1 ATTITUDE 2.938721 -2.072998 -0.88916
59.216 1 DL_VALUE 0 0.
59.315 1 ATTITUDE 2.939209 -2.073975 -0.889648
59.320 1 DESIRED 0.3 0.5 5. 16. -45. 805. 2.
59.326 1 GPS 0 1130805120 0 0 -17000 0 0 0 90250 12 9
59.329 1 GPS_SOL 795681152 100239 9999 0
59.349 1 NAVIGATION 0 2 10801716. -3566302. 1.29394907546e+14 1.29395570246e+14 0 0
59.415 1 ATTITUDE 2.938965 -2.073975 -0.88916
59.417 1 ESTIMATOR -16.999998 -1e-06
59.439 1 DOWNLINK_STATUS 48 39471 1771 0 844. 38. 12.
59.515 1 ATTITUDE 2.939209 -2.074951 -0.88916
59.520 1 DESIRED 0.3 0.5 5. 16. -45. 805. 2.
59.524 1 WP_MOVED 2 506254.8125 3566257.5 815. 12
59.528 1 NAVIGATION 0 2 10801716. -3566302. 1.29394907546e+14 1.29395570246e+14 0 0
59.567 1 GPS 0 1130805120 0 0 -17000 0 0 0 90500 12 10
59.599 1 NAVIGATION 0 2 10801716. -3566302. 1.29394907546e+14 1.29395570246e+14 0 0
59.615 1 ATTITUDE 2.937744 -2.073486 -0.888672
59.620 1 IMU_ACCEL 9.554688 -1.18457 -1.448242
59.715 1 ATTITUDE 2.935791 -2.071289 -0.888672
59.720 1 DESIRED 0.3 0.5 5. 16. -45. 805. 2.
59.724 1 IMU_GYRO -0.012695 -0.015869 -0.014893
59.725 1 CALIBRATION -150. 0
59.729 1 ENERGY 0. 0. 0 0.
59.815 1 ATTITUDE 2.936035 -2.070312 -0.888672
59.820 1 GPS 0 1130805120 0 0 -17000 0 0 0 90750 12 11
59.821 1 STATE_FILTER_STATUS 3 0
59.826 1 ALIVE 37,176,226,237,9,75,50,6,184,30,166,180,60,149,108,159
59.849 1 NAVIGATION 0 2 10801716. -3566302. 1.29394907546e+14 1.29395570246e+14 0 0
59.915 1 ATTITUDE 2.932129 -2.06665 -0.887695
59.920 1 DESIRED 0.3 0.5 5. 16. -45. 805. 2.
59.923 1 ESTIMATOR -16.999998 -1e-06
59.925 1 PPRZ_MODE 4 1 2 0 0 6
60.015 1 ATTITUDE 2.929443 -2.063477 -0.88623
60.018 1 WP_MOVED 3 506350.5 3566257. 805. 12
60.067 1 GPS 0 1130805120 0 0 -17000 0 0 0 91250 12 12
60.099 1 NAVIGATION 0 2 10801716. -3566302. 1.29394907546e+14 1.29395570246e+14 0 0
60.115 1 ATTITUDE 2.933105 -2.06665 -0.887207
60.120 1 DESIRED 0.3 0.5 5. 16. -45. 805. 2.
60.124 1 BAT 0 0 0 0 1 91 91 0
60.127 1 IMU_MAG -1.628418 -0.64502 1.216797
60.215 1 ATTITUDE 2.933105 -2.066895 -0.886963
60.217 1 NAVIGATION_REF 506335 3566302 12
60.314 1 ATTITUDE 2.928711 -2.062256 -0.885742
60.320 1 DESIRED 0.3 0.5 5. 16. -45. 805. 2.
60.326 1 GPS 0 1130805120 0 0 -17000 0 0 0 91250 12 13
60.329 1 IMU_GYRO -0.027588 -0.023193 0.005127
60.349 1 NAVIGATION 0 2 10801716. -3566302. 1.29394907546e+14 1.29395570246e+14 0 0
60.414 1 ATTITUDE 2.931885 -2.063721 -0.885742
60.417 1 ESTIMATOR -16.999998 -2e-06
60.420 1 IMU_ACCEL 9.603516 -1.338867 -1.466797
60.440 1 DOWNLINK_STATUS 49 40351 1811 0 880. 40. 12.
60.514 1 ATTITUDE 2.930176 -2.062988 -0.886475
60.520 1 DESIRED 0.3 0.5 5. 16. -45. 805. 2.
60.524 1 WP_MOVED 4 506374.40625 3566337.75 805. 12
60.528 1 NAVIGATION 0 2 10801716. -3566302. 1.29394907546e+14 1.29395570246e+14 0 0
60.567 1 GPS 0 1130805120 0 0 -17000 0 0 0 91500 12 14
