9.826 1 GPS 3 50457904 356667008 2836 758688 36 -34 1736 603422750 12 4
9.829 1 SVINFO 4 8 4 3 19 47 323
9.859 1 NAVIGATION 0 1 31. -7. 9507.5 1011.9 0 0
9.874 1 ATTITUDE -0.091797 0.121826 0.207764
9.880 1 DESIRED 0.16 0.03 5.2 -54. 40. 755. -0.3
9.888 1 DOWNLINK_STATUS 3 2540 115 0 875. 40. 0.
9.974 1 ATTITUDE -0.092041 0.122559 0.207275
10.074 1 ATTITUDE -0.092041 0.123535 0.207275
10.080 1 DESIRED 0.16 0.03 5.2 -54. 40. 755. -0.3
10.085 1 GPS 3 50457904 356667008 2842 758804 59 -21 1736 603423000 12 5
10.089 1 IMU_GYRO -0.025391 -0.000977 0.014893
10.092 1 IMU_MAG 0.286133 -0.688477 -0.90332
10.109 1 NAVIGATION 0 1 31. -7. 9507.5 1011.9 0 0
10.174 1 ATTITUDE -0.092773 0.124023 0.207031
10.176 1 ESTIMATOR 759.204163 0.23481
10.179 1 IMU_ACCEL -6.432617 0.791016 6.97168
10.181 1 STATE_FILTER_STATUS 3 0
10.274 1 ATTITUDE -0.09375 0.124756 0.206543
10.280 1 DESIRED 0.15 0.03 5.2 -54. 40. 755. -0.3
10.283 1 WP_MOVED 4 504603.3125 3566652.5 755. 12
10.288 1 NAVIGATION 0 1 31. -7. 9507.5 1011.9 0 0
10.328 1 GPS 3 50457904 356667008 2842 758831 59 -21 1736 603423000 12 6
10.332 1 SVINFO 6 10 4 3 12 20 245
10.356 1 FBW_STATUS 2 0 1 0 0
10.361 1 NAVIGATION 0 1 31. -7. 9507.5 1011.9 0 0
10.374 1 ATTITUDE -0.094238 0.125 0.206299
10.474 1 ATTITUDE -0.095215 0.125 0.206299
10.480 1 DESIRED 0.19 0.03 5.2 -54. 40. 755. -0.2
10.483 1 BAT 0 0 0 0 0 32 32 0
10.485 1 DL_VALUE 9 0.
10.488 1 DOWNLINK 4 827 1215
10.574 1 ATTITUDE -0.095703 0.125244 0.205811
10.579 1 GPS 3 50457904 356667008 2840 758836 30 -17 1736 603423500 12 7
10.582 1 SVINFO 7 11 13 7 33 18 121
10.609 1 NAVIGATION 0 1 31. -7. 9507.5 1011.9 0 0
10.674 1 ATTITUDE -0.094727 0.125977 0.205811
10.680 1 DESIRED 0.15 0.03 5.2 -54. 40. 755. -0.2
10.682 1 ESTIMATOR 759.102112 0.114425
10.685 1 IMU_GYRO -0.006348 -0.005127 0.02124
10.687 1 CALIBRATION 38.5 0
10.774 1 ATTITUDE -0.094238 0.126221 0.206055
10.777 1 WP_MOVED 5 504607.1875 3566709.25 755. 12
10.826 1 GPS 3 50457904 356667008 2857 758733 40 -42 1736 603423750 12 8
10.829 1 SVINFO 8 13 13 7 39 50 155
10.859 1 NAVIGATION 0 1 31. -7. 9507.5 1011.9 0 0
10.874 1 ATTITUDE -0.094238 0.126709 0.205811
10.880 1 DESIRED 0.14 0.03 5.2 -54. 40. 755. -0.2
10.889 1 DOWNLINK_STATUS 4 3410 156 0 870. 41. 0.
10.974 1 ATTITUDE -0.094727 0.126953 0.205811
10.977 1 IMU_ACCEL -6.71582 0.680664 7.19043
11.074 1 ATTITUDE -0.094971 0.127686 0.205811
11.080 1 DESIRED 0.14 0.03 5.2 -54. 40. 755. -0.2
11.085 1 GPS 3 50457904 356667008 2876 758773 64 -47 1736 603424000 12 9
11.088 1 GPS_SOL 1708 292 364 6
11.109 1 NAVIGATION 0 1 31. -7. 9507.5 1011.9 0 0
11.174 1 ATTITUDE -0.095947 0.12793 0.205566
11.176 1 ESTIMATOR 758.972839 0.012835
11.274 1 ATTITUDE -0.09668 0.12793 0.205322
11.280 1 DESIRED 0.12 0.03 5.2 -54. 40. 755. -0.2
11.283 1 WP_MOVED 0 504590. 3566719. 755. 12
11.286 1 IMU_GYRO -0.02124 0.010498 0.013672
11.291 1 NAVIGATION 0 1 31. -7. 9507.5 1011.9 0 0
11.326 1 GPS 3 50457904 356667008 2876 758846 64 -47 1736 603424000 12 10
11.359 1 NAVIGATION 0 1 31. -7. 9507.5 1011.9 0 0
11.374 1 ATTITUDE -0.097656 0.12793 0.205078
11.377 1 IMU_MAG 0.278809 -0.694336 -0.900391
11.474 1 ATTITUDE -0.098389 0.128174 0.204834
11.480 1 DESIRED 0.13 0.03 5.2 -54. 40. 755. -0.2
11.574 1 ATTITUDE -0.099365 0.128174 0.20459
11.579 1 GPS 3 50457904 356667008 2877 758766 80 -51 1736 603424500 12 11
11.582 1 SVINFO 11 19 13 4 27 39 64
11.585 1 BAT 0 0 0 0 0 33 33 0
11.608 1 NAVIGATION 0 1 31. -7. 9507.5 1011.9 0 0
11.674 1 ATTITUDE -0.100586 0.128174 0.204102
11.680 1 DESIRED 0.14 0.03 5.2 -54. 40. 755. -0.2
11.682 1 ESTIMATOR 758.895935 -0.03363
11.774 1 ATTITUDE -0.101318 0.128662 0.203857
11.777 1 WP_MOVED 1 504548. 3566677. 754. 12
11.780 1 IMU_ACCEL -6.638672 0.777344 7.066406
11.826 1 GPS 3 50457904 356667008 2886 758677 63 -45 1736 603424750 12 12
11.829 1 SVINFO 12 23 13 7 42 24 153
11.858 1 NAVIGATION 0 1 31. -7. 9507.5 1011.9 0 0
11.874 1 ATTITUDE -0.102051 0.128906 0.203613
11.880 1 DESIRED 0.11 0.03 5.2 -54. 40. 755. -0.2
11.883 1 IMU_GYRO -0.014893 0.008301 0.015869
11.889 1 DOWNLINK_STATUS 5 4245 193 0 835. 37. 0.
11.974 1 ATTITUDE -0.102295 0.128418 0.203125
11.976 1 DL_VALUE 10 0.
11.979 1 ENERGY 0. 0. 0 0.
12.074 1 ATTITUDE -0.102539 0.128662 0.202881
12.080 1 DESIRED 0.11 0.03 5.2 -54. 40. 755. -0.2
12.085 1 GPS 3 50457904 356667008 2893 758549 40 -47 1736 603425000 12 13
12.108 1 NAVIGATION 0 1 31. -7. 9507.5 1011.9 0 0
12.174 1 ATTITUDE -0.102295 0.128662 0.202393
12.176 1 ESTIMATOR 758.748169 -0.106546
12.274 1 ATTITUDE -0.102051 0.12915 0.202148
12.280 1 DESIRED 0.1 0.03 5.2 -54. 40. 755. -0.2
12.283 1 WP_MOVED 2 504493.59375 3566717. 755. 12
12.288 1 NAVIGATION 0 1 31. -7. 9507.5 1011.9 0 0
12.326 1 GPS 3 50457904 356667008 2893 758626 40 -47 1736 603425000 12 14
12.356 1 FBW_STATUS 2 0 1 0 0
12.361 1 NAVIGATION 0 1 31. -7. 9507.5 1011.9 0 0
12.374 1 ATTITUDE -0.101562 0.12915 0.201904
12.375 1 STATE_FILTER_STATUS 3 0
12.391 1 PONG 
12.474 1 ATTITUDE -0.10083 0.12915 0.20166
12.480 1 DESIRED 0.1 0.03 5.2 -54. 40. 755. -0.2
12.483 1 IMU_GYRO -0.014893 0.003174 0.018066
12.574 1 ATTITUDE -0.100586 0.129395 0.201416
12.579 1 GPS 3 50457904 356667008 2883 758404 60 -58 1736 603425500 12 15
12.582 1 SVINFO 15 138 16 7 37 52 173
12.585 1 IMU_ACCEL -6.628906 0.75293 7.057617
12.608 1 NAVIGATION 0 1 31. -7. 9507.5 1011.9 0 0
12.674 1 ATTITUDE -0.10083 0.129395 0.201172
12.680 1 DESIRED 0.11 0.03 5.2 -54. 40. 755. -0.2
12.682 1 ESTIMATOR 758.599243 -0.161149
12.685 1 BAT 0 0 0 0 0 34 34 0
12.689 1 IMU_MAG 0.288574 -0.688477 -0.891602
12.774 1 ATTITUDE -0.101318 0.129639 0.200928
12.777 1 WP_MOVED 3 504514.8125 3566634. 755. 12
12.779 1 CALIBRATION 39.9 0
12.827 1 GPS 3 50457904 356667008 2889 758447 48 -42 1736 603425750 12 16
12.858 1 NAVIGATION 0 1 31. -7. 9507.5 1011.9 0 0
12.874 1 ATTITUDE -0.101318 0.129639 0.200684
12.880 1 DESIRED 0.1 0.03 5.2 -54. 40. 755. -0.2
12.890 1 DOWNLINK_STATUS 6 5084 232 0 839. 39. 2.73
12.974 1 ATTITUDE -0.101074 0.129639 0.200684
13.074 1 ATTITUDE -0.10083 0.129883 0.200195
13.079 1 DESIRED 0.1 0.03 5.2 -54. 40. 755. -0.2
13.085 1 GPS 3 50457904 356667008 2862 758482 63 -46 1736 603426000 12 17
13.088 1 IMU_GYRO -0.014893 0.007324 0.013672
13.091 1 GPS_SOL 1713 290 364 6
13.108 1 NAVIGATION 0 1 31. -7. 9507.5 1011.9 0 0
13.174 1 ATTITUDE -0.101074 0.130127 0.200195
13.176 1 ESTIMATOR 758.484741 -0.178764
13.274 1 ATTITUDE -0.101074 0.129883 0.200195
13.279 1 DESIRED 0.13 0.03 5.2 -54. 40. 755. -0.2
13.283 1 WP_MOVED 4 504603.3125 3566652.5 755. 12
13.287 1 NAVIGATION 0 1 31. -7. 9507.5 1011.9 0 0
13.327 1 GPS 3 50457904 356667008 2862 758359 63 -46 1736 603426000 12 18
13.358 1 NAVIGATION 0 1 31. -7. 9507.5 1011.9 0 0
13.374 1 ATTITUDE -0.101318 0.129883 0.199951
13.377 1 IMU_ACCEL -6.628906 0.729492 7.114258
13.456 1 COMMANDS 0,1634,-911
13.474 1 ATTITUDE -0.101074 0.130371 0.199951
13.479 1 DESIRED 0.15 0.03 5.2 -54. 40. 755. -0.2
13.481 1 DL_VALUE 11 1.
13.556 1 ACTUATORS 1000,1576,1500
13.574 1 ATTITUDE -0.10083 0.131348 0.199707
13.579 1 GPS 3 50457904 356667008 2845 758335 48 -32 1736 603426500 12 19
13.608 1 NAVIGATION 0 1 31. -7. 9507.5 1011.9 0 0
13.674 1 ATTITUDE -0.100586 0.13208 0.199463
13.679 1 DESIRED 0.15 0.03 5.2 -54. 40. 755. -0.2
13.682 1 ESTIMATOR 758.362122 -0.196667
13.685 1 IMU_GYRO -0.016846 0.005127 0.014893
13.774 1 ATTITUDE -0.099854 0.132568 0.199463
13.777 1 WP_MOVED 5 504607.1875 3566709.25 755. 12
13.781 1 BAT 0 0 0 0 0 35 35 0
13.827 1 GPS 3 50457904 356667008 2865 758242 42 -33 1736 603426750 12 20
13.858 1 NAVIGATION 0 1 31. -7. 9507.5 1011.9 0 0
13.874 1 ATTITUDE -0.099365 0.133545 0.199463
13.880 1 DESIRED 0.13 0.03 5.2 -54. 40. 755. -0.2
13.891 1 DOWNLINK_STATUS 7 5892 268 0 808. 36. 2.73
13.974 1 ATTITUDE -0.098877 0.134033 0.199463
13.977 1 IMU_MAG 0.278809 -0.691406 -0.90918
14.074 1 ATTITUDE -0.098145 0.134766 0.199707
14.079 1 DESIRED 0.13 0.03 5.2 -54. 40. 755. -0.2
14.085 1 GPS 3 50457904 356667008 2868 758278 38 -17 1736 603427000 12 21
14.108 1 NAVIGATION 0 1 31. -7. 9507.5 1011.9 0 0
14.174 1 ATTITUDE -0.097412 0.135986 0.199707
14.176 1 ESTIMATOR 758.251831 -0.202108
14.179 1 IMU_ACCEL -6.648438 0.705078 7.119141
14.274 1 ATTITUDE -0.096924 0.136719 0.199707
14.279 1 DESIRED 0.12 0.03 5.2 -54. 40. 755. -0.2
14.283 1 WP_MOVED 0 504590. 3566719. 755. 12
14.286 1 IMU_GYRO -0.016846 0.006348 0.014893
14.291 1 NAVIGATION 0 1 31. -7. 9507.5 1011.9 0 0
14.328 1 GPS 3 50457904 356667008 2868 758278 38 -17 1736 603427000 12 22
14.356 1 FBW_STATUS 2 0 1 0 0
14.361 1 NAVIGATION 0 1 31. -7. 9507.5 1011.9 0 0
14.374 1 ATTITUDE -0.096191 0.137695 0.199707
14.473 1 ATTITUDE -0.096191 0.138428 0.199951
14.479 1 DESIRED 0.11 0.03 5.2 -54. 40. 755. -0.2
14.483 1 ENERGY 0. 0. 0 0.
14.574 1 ATTITUDE -0.096191 0.13916 0.200195
14.579 1 GPS 3 50457904 356667008 2883 758107 62 -31 1736 603427500 12 23
14.581 1 STATE_FILTER_STATUS 3 0
14.585 1 ALIVE 20,182,19,30,209,130,135,216,36,56,36,172,141,52,115,94
14.608 1 NAVIGATION 0 1 31. -7. 9507.5 1011.9 0 0
14.673 1 ATTITUDE -0.096436 0.139893 0.200195
14.679 1 DESIRED 0.11 0.03 5.2 -54. 40. 755. -0.2
14.682 1 ESTIMATOR 758.133545 -0.211706
14.684 1 PPRZ_MODE 2 3 3 0 0 6
14.773 1 ATTITUDE -0.096436 0.140381 0.200684
14.777 1 WP_MOVED 1 504548. 3566677. 754. 12
14.829 1 GPS 3 50457776 356667008 2890 758158 82 -27 1736 603427750 12 24
14.858 1 NAVIGATION 0 1 29.8 -7. 9290.2 934.1 0 0
14.873 1 ATTITUDE -0.097168 0.140869 0.200684
14.879 1 DESIRED 0.13 0.03 5.2 -54. 40. 755. -0.2
14.883 1 IMU_GYRO -0.014893 0.003174 0.013672
14.886 1 BAT 0 0 0 0 0 36 36 0
14.888 1 CALIBRATION 39.9 0
14.891 1 DOWNLINK_STATUS 8 6753 307 0 861. 39. 2.73
14.973 1 ATTITUDE -0.0979 0.141357 0.200928
14.977 1 IMU_ACCEL -6.610352 0.738281 7.076172
14.979 1 DL_VALUE 0 0.
15.073 1 ATTITUDE -0.098389 0.141846 0.200928
15.079 1 DESIRED 0.13 0.03 5.2 -54. 40. 755. -0.2
15.085 1 GPS 3 50457776 356667008 2898 758183 68 -31 1736 603428000 12 25
15.088 1 GPS_SOL 1683 279 364 6
15.108 1 NAVIGATION 0 1 29.8 -7. 9290.2 934.1 0 0
15.173 1 ATTITUDE -0.098877 0.142334 0.200928
15.176 1 ESTIMATOR 758.084595 -0.179731
15.273 1 ATTITUDE -0.099121 0.142822 0.200928
15.279 1 DESIRED 0.1 0.03 5.2 -54. 40. 755. -0.2
15.283 1 WP_MOVED 2 504493.59375 3566717. 755. 12
15.287 1 NAVIGATION 0 1 29.8 -7. 9290.2 934.1 0 0
15.290 1 IMU_MAG 0.286133 -0.691406 -0.894531
15.329 1 GPS 3 50457776 356667008 2898 758183 68 -31 1736 603428000 12 26
15.358 1 NAVIGATION 0 1 29.8 -7. 9290.2 934.1 0 0
15.373 1 ATTITUDE -0.099365 0.143311 0.200928
15.473 1 ATTITUDE -0.099609 0.144043 0.200928
15.479 1 DESIRED 0.09 0.03 5.2 -54. 40. 755. -0.2
15.482 1 IMU_GYRO -0.016846 0.00415 0.014893
15.573 1 ATTITUDE -0.099609 0.144775 0.200928
15.579 1 GPS 3 50457776 356667008 2893 758254 78 -29 1736 603428500 12 27
15.581 1 DOWNLINK 4 828 1406
15.608 1 NAVIGATION 0 1 29.8 -7. 9290.2 934.1 0 0
15.673 1 ATTITUDE -0.100098 0.14502 0.200928
15.679 1 DESIRED 0.12 0.03 5.2 -54. 40. 755. -0.2
15.682 1 ESTIMATOR 758.077271 -0.132457
15.773 1 ATTITUDE -0.100586 0.145264 0.200928
15.777 1 WP_MOVED 3 504514.8125 3566634. 755. 12
15.780 1 IMU_ACCEL -6.628906 0.714844 7.09082
15.829 1 GPS 3 50457776 356667008 2880 758419 61 -24 1736 603428750 12 28
15.858 1 NAVIGATION 0 1 29.8 -7. 9290.2 934.1 0 0
15.873 1 ATTITUDE -0.100586 0.145752 0.200928
15.879 1 DESIRED 0.12 0.03 5.2 -54. 40. 755. -0.2
15.892 1 DOWNLINK_STATUS 9 7544 342 0 791. 35. 2.73
15.973 1 ATTITUDE -0.100586 0.146729 0.200928
15.977 1 BAT 0 0 0 0 0 37 37 0
15.980 1 NAVIGATION_REF 504548 3566677 12
16.073 1 ATTITUDE -0.100342 0.147217 0.200684
16.079 1 DESIRED 0.12 0.03 5.2 -54. 40. 755. -0.2
16.085 1 GPS 3 50457776 356667008 2877 758471 46 -22 1736 603429000 12 29
16.088 1 IMU_GYRO -0.014893 0.00415 0.015869
16.108 1 NAVIGATION 0 1 29.8 -7. 9290.2 934.1 0 0
16.173 1 ATTITUDE -0.099854 0.147949 0.200684
16.176 1 ESTIMATOR 758.211365 -0.022088
16.273 1 ATTITUDE -0.099365 0.148438 0.200684
16.279 1 DESIRED 0.12 0.03 5.2 -54. 40. 755. -0.2
16.283 1 WP_MOVED 4 504603.3125 3566652.5 755. 12
16.287 1 NAVIGATION 0 1 29.8 -7. 9290.2 934.1 0 0
16.326 1 GPS 3 50457776 356667008 2877 758471 46 -22 1736 603429000 12 30
16.356 1 FBW_STATUS 2 0 1 0 0
16.360 1 NAVIGATION 0 1 29.8 -7. 9290.2 934.1 0 0
16.373 1 ATTITUDE -0.098877 0.149414 0.200928
16.473 1 ATTITUDE -0.098389 0.150146 0.201172
16.479 1 DESIRED 0.12 0.03 5.2 -54. 40. 755. -0.2
16.481 1 DL_VALUE 1 0.
16.573 1 ATTITUDE -0.098389 0.150635 0.201172
16.579 1 GPS 3 50457776 356667008 2866 758492 61 -27 1736 603429500 12 31
16.582 1 IMU_ACCEL -6.648438 0.729492 7.047852
16.585 1 IMU_MAG 0.28125 -0.691406 -0.90918
16.608 1 NAVIGATION 0 1 29.8 -7. 9290.2 934.1 0 0
16.673 1 ATTITUDE -0.098389 0.150635 0.201172
16.679 1 DESIRED 0.13 0.03 5.2 -54. 40. 755. -0.2
16.682 1 ESTIMATOR 758.327759 0.048038
16.685 1 IMU_GYRO -0.016846 0.00415 0.016846
16.773 1 ATTITUDE -0.098389 0.150879 0.201416
16.777 1 WP_MOVED 5 504607.1875 3566709.25 755. 12
16.778 1 STATE_FILTER_STATUS 3 0
16.826 1 GPS 3 50457776 356666912 2853 758628 58 -21 1736 603429750 12 32
16.858 1 NAVIGATION 0 1 29.8 -8. 9385.2 949.1 0 0
16.873 1 ATTITUDE -0.098389 0.151367 0.201416
16.879 1 DESIRED 0.15 0.03 5.2 -54. 40. 755. -0.2
16.893 1 DOWNLINK_STATUS 10 8365 379 0 821. 37. 2.73
16.973 1 ATTITUDE -0.098389 0.151367 0.201416
16.975 1 CALIBRATION 41. 0
16.979 1 ENERGY 0. 0. 0 0.
17.073 1 ATTITUDE -0.098389 0.151855 0.20166
17.079 1 DESIRED 0.15 0.03 5.2 -54. 40. 755. -0.2
17.085 1 GPS 3 50457648 356667008 2869 758346 31 -27 1736 603430000 12 1
17.087 1 SVINFO 1 3 13 4 27 23 46
17.091 1 BAT 0 0 0 0 0 38 38 0
17.108 1 NAVIGATION 0 1 28.5 -7. 9076.2 859.5 0 0
17.173 1 ATTITUDE -0.097656 0.152588 0.20166
17.176 1 ESTIMATOR 758.413513 0.078116
17.273 1 ATTITUDE -0.097168 0.152832 0.20166
17.279 1 DESIRED 0.13 0.03 5.2 -54. 40. 755. -0.2
17.283 1 WP_MOVED 0 504590. 3566719. 755. 12
17.286 1 IMU_GYRO -0.016846 0.005127 0.014893
17.290 1 NAVIGATION 0 1 28.5 -7. 9076.2 859.5 0 0
17.326 1 GPS 3 50457648 356667008 2869 758346 31 -27 1736 603430000 12 2
17.331 1 SVINFO 2 6 13 4 18 7 38
17.358 1 NAVIGATION 0 1 28.5 -7. 9076.2 859.5 0 0
17.373 1 ATTITUDE -0.096436 0.153076 0.201904
17.376 1 IMU_ACCEL -6.620117 0.738281 7.124023
17.391 1 PONG 
17.473 1 ATTITUDE -0.096191 0.154053 0.202148
17.479 1 DESIRED 0.13 0.03 5.2 -54. 40. 755. -0.2
17.573 1 ATTITUDE -0.096191 0.155029 0.202148
17.579 1 GPS 3 50457648 356667008 2887 758039 5 -32 1736 603430500 12 3
17.581 1 SVINFO 3 7 4 6 29 63 14
17.608 1 NAVIGATION 0 1 28.5 -7. 9076.2 859.5 0 0
17.673 1 ATTITUDE -0.095459 0.156006 0.202393
17.679 1 DESIRED 0.11 0.03 5.2 -54. 40. 755. -0.2
17.682 1 ESTIMATOR 758.293457 -0.010797
17.773 1 ATTITUDE -0.094727 0.157471 0.202637
17.777 1 WP_MOVED 1 504548. 3566677. 754. 12
17.826 1 GPS 3 50457648 356667008 2899 757862 37 -41 1736 603430750 12 4
17.832 1 SVINFO 4 8 4 3 8 47 323
17.858 1 NAVIGATION 0 1 28.5 -7. 9076.2 859.5 0 0
17.873 1 ATTITUDE -0.094727 0.158936 0.202881
17.879 1 DESIRED 0.1 0.03 5.2 -54. 40. 755. -0.2
17.882 1 IMU_GYRO -0.016846 0.008301 0.015869
17.885 1 IMU_MAG 0.286133 -0.688477 -0.900391
17.893 1 DOWNLINK_STATUS 11 9230 419 0 865. 40. 2.59
17.973 1 ATTITUDE -0.094727 0.160156 0.203369
17.975 1 DL_VALUE 2 755.
18.073 1 ATTITUDE -0.094482 0.1604 0.203369
18.079 1 DESIRED 0.1 0.03 5.2 -54. 40. 755. -0.2
18.085 1 GPS 3 50457648 356667008 2916 757623 32 -44 1736 603431000 12 5
18.108 1 NAVIGATION 0 1 28.5 -7. 9076.2 859.5 0 0
18.173 1 ATTITUDE -0.094727 0.161133 0.203613
18.176 1 ESTIMATOR 758.023132 -0.158201
18.179 1 IMU_ACCEL -6.552734 0.748047 6.961914
18.182 1 BAT 0 0 0 0 0 39 39 0
18.273 1 ATTITUDE -0.094971 0.162354 0.203613
18.279 1 DESIRED 0.08 0.03 5.2 -54. 40. 755. -0.2
18.283 1 WP_MOVED 2 504493.59375 3566717. 755. 12
18.287 1 NAVIGATION 0 1 28.5 -7. 9076.2 859.5 0 0
18.326 1 GPS 3 50457648 356667008 2972 757487 17 -17 1736 603431250 12 6
18.332 1 SVINFO 6 10 4 3 14 20 245
18.356 1 FBW_STATUS 2 0 1 0 0
18.360 1 NAVIGATION 0 1 28.5 -7. 9076.2 859.5 0 0
18.373 1 ATTITUDE -0.094482 0.163086 0.204346
18.456 1 COMMANDS 0,781,-944
18.473 1 ATTITUDE -0.093994 0.164307 0.204346
18.479 1 DESIRED 0.02 0.03 5.2 -54. 40. 755. -0.2
18.482 1 IMU_GYRO -0.016846 0. 0.016846
18.556 1 ACTUATORS 1000,1557,1479
18.573 1 ATTITUDE -0.093506 0.165039 0.204834
18.579 1 GPS 3 50457580 356667008 2987 757189 57 -40 1736 603431500 12 7
18.581 1 SVINFO 7 11 13 7 36 18 121
18.608 1 NAVIGATION 0 1 27.8 -7. 8967.9 822.5 0 0
18.673 1 ATTITUDE -0.094238 0.166016 0.204834
18.679 1 DESIRED 0.01 0.03 5.2 -54. 40. 755. -0.2
18.682 1 ESTIMATOR 757.641113 -0.326586
18.774 1 ATTITUDE -0.094727 0.166748 0.205078
18.777 1 WP_MOVED 3 504514.8125 3566634. 755. 12
18.826 1 GPS 3 50457452 356667072 2991 757084 56 -39 1736 603431750 12 8
18.833 1 SVINFO 8 13 13 7 39 50 155
18.858 1 NAVIGATION 0 1 26.5 -6.2 8688.9 743. 0 0
18.873 1 ATTITUDE -0.095459 0.16748 0.205322
18.879 1 DESIRED 0.01 0.03 5.2 -54. 40. 755. -0.1
18.894 1 DOWNLINK_STATUS 12 10059 457 0 829. 38. 2.59
18.974 1 ATTITUDE -0.095947 0.167969 0.205566
18.976 1 IMU_ACCEL -6.71582 0.705078 7.09082
18.978 1 STATE_FILTER_STATUS 3 0
19.073 1 ATTITUDE -0.09668 0.168457 0.205078
19.079 1 DESIRED 0.01 0.03 5.2 -54. 40. 755. -0.1
19.085 1 GPS 3 50457452 356667008 2979 757028 47 -29 1736 603432000 12 9
19.088 1 IMU_GYRO -0.014893 0.02124 0.011475
19.091 1 GPS_SOL 1634 271 364 6
19.108 1 NAVIGATION 0 1 26.5 -7. 8758.9 752.9 0 0
19.173 1 ATTITUDE -0.096191 0.168457 0.205811
19.176 1 ESTIMATOR 757.257996 -0.4462
19.179 1 IMU_MAG 0.283691 -0.688477 -0.90918
19.273 1 ATTITUDE -0.096191 0.168701 0.205811
19.279 1 DESIRED 0.02 0.04 5.2 -54. 40. 755. -0.1
19.283 1 WP_MOVED 4 504603.3125 3566652.5 755. 12
19.287 1 NAVIGATION 0 1 26.5 -7. 8758.9 752.9 0 0
19.291 1 BAT 0 0 0 0 0 40 40 0
19.326 1 GPS 3 50457452 356667008 2979 757028 47 -29 1736 603432000 12 10
19.358 1 NAVIGATION 0 1 26.5 -7. 8758.9 752.9 0 0
19.373 1 ATTITUDE -0.096436 0.169189 0.205811
19.473 1 ATTITUDE -0.096436 0.169678 0.206055
19.479 1 DESIRED 0.04 0.04 5.2 -54. 40. 755. -0.1
19.481 1 DL_VALUE 3 0.
19.485 1 ENERGY 0. 0. 0 0.
19.573 1 ATTITUDE -0.096436 0.171143 0.206299
19.579 1 GPS 3 50457452 356667008 2957 756781 22 -32 1736 603432500 12 11
19.581 1 SVINFO 11 19 13 6 31 39 64
19.585 1 ALIVE 20,182,19,30,209,130,135,216,36,56,36,172,141,52,115,94
19.608 1 NAVIGATION 0 1 26.5 -7. 8758.9 752.9 0 0
19.673 1 ATTITUDE -0.095947 0.171875 0.206299
19.679 1 DESIRED 0.05 0.04 5.2 -54. 40. 755. -0.1
19.682 1 ESTIMATOR 756.924805 -0.506839
19.685 1 IMU_GYRO -0.010498 0.000977 0.018066
19.687 1 PPRZ_MODE 2 3 3 0 0 6
19.773 1 ATTITUDE -0.095703 0.172852 0.206299
19.777 1 WP_MOVED 5 504607.1875 3566709.25 755. 12
19.780 1 IMU_ACCEL -6.745117 0.680664 7.071289
19.826 1 GPS 3 50457452 356667072 2970 756529 49 -58 1736 603432750 12 12
19.828 1 SVINFO 12 23 13 7 43 24 153
19.858 1 NAVIGATION 0 1 26.5 -6.2 8688.9 743. 0 0
19.873 1 ATTITUDE -0.096191 0.173096 0.206787
19.879 1 DESIRED 0.03 0.04 5.2 -54. 40. 755. -0.1
19.895 1 DOWNLINK_STATUS 13 10969 499 0 910. 42. 2.59
19.973 1 ATTITUDE -0.096924 0.173584 0.207275
20.073 1 ATTITUDE -0.0979 0.174316 0.206787
20.080 1 DESIRED 0.03 0.04 5.2 -54. 40. 755. -0.1
20.085 1 GPS 3 50457452 356667072 2955 756553 52 -40 1736 603433000 12 13
20.108 1 NAVIGATION 0 1 26.5 -6.2 8688.9 743. 0 0
20.162 1 WIND_INFO 1 42 0. 0. 0.
20.173 1 ATTITUDE -0.098389 0.175049 0.206787
20.176 1 ESTIMATOR 756.58197 -0.553788
20.273 1 ATTITUDE -0.098877 0.175537 0.206543
20.279 1 DESIRED 0.04 0.04 5.2 -54. 40. 755. -0.1
20.283 1 WP_MOVED 0 504590. 3566719. 755. 12
20.286 1 IMU_GYRO -0.014893 0.010498 0.015869
20.290 1 NAVIGATION 0 1 26.5 -6.2 8688.9 743. 0 0
20.326 1 GPS 3 50457452 356667072 2955 756553 52 -40 1736 603433000 12 14
20.356 1 FBW_STATUS 2 0 1 0 0
20.360 1 NAVIGATION 0 1 26.5 -7. 8758.9 752.9 0 0
20.373 1 ATTITUDE -0.099121 0.175781 0.206543
20.378 1 BAT 0 0 0 0 0 42 42 0
20.473 1 ATTITUDE -0.100586 0.175781 0.206543
20.479 1 DESIRED 0.07 0.04 5.2 -54. 40. 755. -0.1
20.482 1 IMU_MAG 0.283691 -0.691406 -0.90332
20.573 1 ATTITUDE -0.101318 0.175781 0.206055
20.579 1 GPS 3 50457452 356667072 2937 756555 14 -26 1736 603433500 12 15
20.581 1 SVINFO 15 138 28 7 39 52 173
20.584 1 IMU_ACCEL -6.633789 0.738281 7.09082
20.608 1 NAVIGATION 0 1 26.5 -6.2 8688.9 743. 0 0
20.673 1 ATTITUDE -0.100586 0.17627 0.205811
20.679 1 DESIRED 0.06 0.04 5.2 -54. 40. 755. -0.1
20.681 1 ESTIMATOR 756.388977 -0.506104
20.683 1 DOWNLINK 6 848 1603
20.773 1 ATTITUDE -0.099854 0.17627 0.205566
20.777 1 WP_MOVED 1 504548. 3566677. 754. 12
20.826 1 GPS 3 50457452 356667072 2941 756580 34 -27 1736 603433750 12 16
20.858 1 NAVIGATION 0 1 26.5 -6.2 8688.9 743. 0 0
20.873 1 ATTITUDE -0.099121 0.177002 0.205322
20.879 1 DESIRED 0.06 0.04 5.2 -54. 40. 755. -0.1
20.882 1 IMU_GYRO -0.014893 0.006348 0.014893
20.895 1 DOWNLINK_STATUS 14 11780 535 0 811. 36. 2.59
20.973 1 ATTITUDE -0.098633 0.17749 0.205322
20.975 1 DL_VALUE 4 0.
21.073 1 ATTITUDE -0.098633 0.179199 0.205322
21.079 1 DESIRED 0.06 0.04 5.2 -54. 40. 755. -0.1
21.085 1 GPS 3 50457452 356667072 2948 756465 50 -42 1736 603434000 12 17
21.088 1 GPS_SOL 1602 259 364 6
21.108 1 NAVIGATION 0 1 26.5 -6.2 8688.9 743. 0 0
21.173 1 ATTITUDE -0.098877 0.180176 0.205566
21.176 1 ESTIMATOR 756.2901 -0.421842
21.177 1 CALIBRATION 37.8 0
21.179 1 STATE_FILTER_STATUS 3 0
21.273 1 ATTITUDE -0.099365 0.180664 0.205566
21.279 1 DESIRED 0.05 0.04 5.2 -54. 40. 755. -0.1
21.282 1 WP_MOVED 2 504493.59375 3566717. 755. 12
21.287 1 NAVIGATION 0 1 26.5 -6.2 8688.9 743. 0 0
21.326 1 GPS 3 50457452 356667072 2948 756465 50 -42 1736 603434000 12 18
21.358 1 NAVIGATION 0 1 26.5 -6.2 8688.9 743. 0 0
21.373 1 ATTITUDE -0.099609 0.180664 0.205566
21.376 1 IMU_ACCEL -6.605469 0.738281 7.071289
21.473 1 ATTITUDE -0.100586 0.180908 0.205322
21.479 1 DESIRED 0.06 0.04 5.2 -54. 40. 755. -0.1
21.482 1 IMU_GYRO -0.014893 0.008301 0.014893
21.486 1 BAT 0 0 0 0 0 43 43 0
21.573 1 ATTITUDE -0.101318 0.181396 0.205322
21.579 1 GPS 3 50457452 356667072 2943 756647 74 -27 1736 603434500 12 19
21.608 1 NAVIGATION 0 1 26.5 -6.2 8688.9 743. 0 0
21.673 1 ATTITUDE -0.102051 0.181152 0.205322
21.679 1 DESIRED 0.06 0.04 5.2 -54. 40. 755. -0.1
21.681 1 ESTIMATOR 756.311768 -0.292853
21.773 1 ATTITUDE -0.102539 0.181396 0.204834
21.777 1 WP_MOVED 3 504514.8125 3566634. 755. 12
21.780 1 IMU_MAG 0.283691 -0.694336 -0.90332
21.826 1 GPS 3 50457324 356667072 2939 756583 79 -43 1736 603434750 12 20
21.859 1 NAVIGATION 0 1 25.2 -6.2 8483.2 676.6 0 0
21.873 1 ATTITUDE -0.103271 0.181885 0.20459
21.879 1 DESIRED 0.08 0.04 5.2 -54. 40. 755. -0.1
21.896 1 DOWNLINK_STATUS 15 12582 571 0 802. 36. 2.59
21.973 1 ATTITUDE -0.104248 0.181641 0.204346
21.977 1 ENERGY 0. 0. 0 0.
22.073 1 ATTITUDE -0.10498 0.181641 0.203857
22.079 1 DESIRED 0.08 0.04 5.2 -54. 40. 755. -0.1
22.085 1 GPS 3 50457324 356667072 2943 756502 63 -63 1736 603435000 12 21
22.088 1 IMU_GYRO -0.014893 0.00415 0.016846
22.108 1 NAVIGATION 0 1 25.2 -6.2 8483.2 676.6 0 0
22.173 1 ATTITUDE -0.105713 0.182129 0.203613
22.175 1 ESTIMATOR 756.327332 -0.204536
22.179 1 IMU_ACCEL -6.643555 0.733398 7.099609
22.273 1 ATTITUDE -0.106201 0.181885 0.203125
22.279 1 DESIRED 0.06 0.04 5.2 -54. 40. 755. -0.1
22.282 1 WP_MOVED 4 504603.3125 3566652.5 755. 12
22.287 1 NAVIGATION 0 1 25.2 -6.2 8483.2 676.6 0 0
22.326 1 GPS 3 50457324 356667072 2943 756502 63 -63 1736 603435000 12 22
22.356 1 FBW_STATUS 2 0 1 0 0
22.360 1 NAVIGATION 0 1 25.2 -6.2 8483.2 676.6 0 0
22.373 1 ATTITUDE -0.106689 0.181641 0.202881
22.392 1 PONG 
22.473 1 ATTITUDE -0.106934 0.181152 0.202637
22.479 1 DESIRED 0.04 0.04 5.2 -54. 40. 755. -0.1
22.481 1 DL_VALUE 5 0.
22.575 1 ATTITUDE -0.106689 0.180664 0.202148
22.579 1 GPS 3 50457260 356667072 2979 756164 39 -47 1736 603435500 12 23
22.582 1 BAT 0 0 0 0 0 44 44 0
22.608 1 NAVIGATION 0 1 24.6 -6.2 8379.1 643.9 0 0
22.674 1 ATTITUDE -0.106445 0.180664 0.201904
22.679 1 DESIRED 0.02 0.04 5.2 -54. 40. 755. -0.1
22.681 1 ESTIMATOR 756.231262 -0.203122
22.684 1 IMU_GYRO -0.014893 0.00415 0.014893
22.773 1 ATTITUDE -0.105957 0.18042 0.20166
22.776 1 WP_MOVED 5 504607.1875 3566709.25 755. 12
22.826 1 GPS 3 50457260 356667072 2978 756163 65 -53 1736 603435750 12 24
22.859 1 NAVIGATION 0 1 24.6 -6.2 8379.1 643.9 0 0
22.873 1 ATTITUDE -0.106201 0.180176 0.201172
22.879 1 DESIRED 0.03 0.04 5.2 -54. 40. 755. -0.1
22.896 1 DOWNLINK_STATUS 16 13387 607 0 805. 36. 2.77
22.973 1 ATTITUDE -0.106445 0.180176 0.200928
22.976 1 IMU_ACCEL -6.643555 0.757812 7.095703
23.073 1 ATTITUDE -0.106689 0.179932 0.200684
23.079 1 DESIRED 0.03 0.04 5.2 -54. 40. 755. -0.1
23.085 1 GPS 3 50457260 356667072 2968 756266 73 -50 1736 603436000 12 25
23.088 1 IMU_MAG 0.291016 -0.688477 -0.891602
23.091 1 GPS_SOL 1582 264 364 6
23.108 1 NAVIGATION 0 1 24.6 -6.2 8379.1 643.9 0 0
23.173 1 ATTITUDE -0.107178 0.180176 0.200439
23.175 1 ESTIMATOR 756.160889 -0.184233
23.273 1 ATTITUDE -0.107422 0.180176 0.199951
23.279 1 DESIRED 0.04 0.04 5.2 -54. 40. 755. -0.1
23.282 1 WP_MOVED 0 504590. 3566719. 755. 12
23.285 1 IMU_GYRO -0.019043 0.015869 0.018066
23.290 1 NAVIGATION 0 1 24.6 -6.2 8379.1 643.9 0 0
23.292 1 CALIBRATION 36.6 0
23.326 1 SETTING 1 8 1.
23.326 1 GPS 3 50457260 356667072 2968 756266 73 -50 1736 603436000 12 26
23.331 1 DL_VALUE 8 1.
23.358 1 NAVIGATION 0 1 24.6 -6.2 8379.1 643.9 0 0
23.373 1 ATTITUDE -0.107422 0.179932 0.200195
23.375 1 STATE_FILTER_STATUS 3 0
23.455 1 COMMANDS 2682,1000,-860
23.473 1 ATTITUDE -0.107422 0.185303 0.199707
23.479 1 DESIRED 0.04 0.04 5.2 -54. 40. 755. -0.1
23.555 1 ACTUATORS 1279,1559,1488
23.573 1 ATTITUDE -0.106689 0.185303 0.199463
23.579 1 GPS 3 50457260 356667072 2945 756423 37 -30 1736 603436500 12 27
23.608 1 NAVIGATION 0 1 24.6 -6.2 8379.1 643.9 0 0
23.673 1 ATTITUDE -0.105713 0.178711 0.199951
23.679 1 DESIRED 0.06 0.04 5.2 -54. 40. 755. -0.1
23.681 1 ESTIMATOR 756.206543 -0.107355
23.685 1 BAT 2668 0 0 0 0 45 45 0
23.773 1 ATTITUDE -0.108154 0.182373 0.193604
23.776 1 WP_MOVED 1 504548. 3566677. 754. 12
23.780 1 IMU_ACCEL -4.861328 1.487305 7.024414
23.826 1 GPS 3 50457260 356667072 2956 756385 42 -40 1736 603436750 12 28
23.858 1 NAVIGATION 0 1 24.6 -6.2 8379.1 643.9 0 0
23.873 1 ATTITUDE -0.106201 0.179688 0.197021
23.879 1 DESIRED 0.05 0.04 5.2 -54. 40. 755. -0.1
23.882 1 IMU_GYRO -0.04248 -0.044678 0.040283
23.897 1 DOWNLINK_STATUS 17 14251 647 0 864. 40. 2.77
23.973 1 ATTITUDE -0.105225 0.175049 0.193604
23.975 1 DL_VALUE 6 100.
24.073 1 ATTITUDE -0.104492 0.175781 0.193359
24.079 1 DESIRED 0.05 0.04 5.2 -54. 40. 755. -0.1
24.085 1 GPS 3 50457260 356667072 2973 756359 65 -42 1736 603437000 12 29
24.108 1 NAVIGATION 0 1 24.6 -6.2 8379.1 643.9 0 0
24.173 1 ATTITUDE -0.10376 0.167236 0.193604
24.175 1 ESTIMATOR 756.250793 -0.053877
24.273 1 ATTITUDE -0.104248 0.153564 0.193848
24.279 1 DESIRED 0.03 0.04 5.2 -54. 40. 755. -0.1
24.282 1 WP_MOVED 2 504493.59375 3566717. 755. 12
24.287 1 NAVIGATION 0 1 24.6 -6.2 8379.1 643.9 0 0
24.326 1 GPS 3 50457260 356667072 2973 756564 65 -42 1736 603437000 12 30
24.356 1 FBW_STATUS 2 0 1 0 0
24.360 1 NAVIGATION 0 1 24.6 -6.2 8379.1 643.9 0 0
24.373 1 ATTITUDE -0.104004 0.138916 0.193604
24.376 1 IMU_MAG 0.225098 -0.769531 -0.949219
24.473 1 ATTITUDE -0.102783 0.139404 0.193848
24.479 1 DESIRED 0.03 0.04 5.2 -54. 40. 755. -0.1
24.482 1 IMU_GYRO -0.010498 0.022217 0.007324
24.485 1 ENERGY 0. 0. 0 0.
24.573 1 ATTITUDE -0.102783 0.132568 0.194336
24.579 1 GPS 3 50457260 356667072 2938 756679 46 -37 1736 603437500 12 31
24.582 1 IMU_ACCEL -7.316406 0.637695 6.525391
24.586 1 ALIVE 20,182,19,30,209,130,135,216,36,56,36,172,141,52,115,94
24.608 1 NAVIGATION 0 1 24.6 -6.2 8379.1 643.9 0 0
24.673 1 ATTITUDE -0.102295 0.131104 0.194824
24.679 1 DESIRED 0.07 0.04 5.2 -54. 40. 755. -0.1
24.681 1 ESTIMATOR 756.412476 0.050577
24.683 1 PPRZ_MODE 2 3 3 0 0 6
24.773 1 ATTITUDE -0.101318 0.14209 0.19458
24.776 1 WP_MOVED 3 504514.8125 3566634. 755. 12
24.780 1 BAT 2606 0 0 0 0 46 46 0
24.826 1 GPS 3 50457260 356667072 2942 756557 33 -42 1736 603437750 12 32
24.858 1 NAVIGATION 0 1 24.6 -6.2 8379.1 643.9 0 0
24.873 1 ATTITUDE -0.100098 0.134277 0.195312
24.879 1 DESIRED 0.06 0.04 5.2 -54. 40. 755. -0.1
24.898 1 DOWNLINK_STATUS 18 15085 684 0 834. 37. 2.77
24.973 1 ATTITUDE -0.099365 0.128418 0.196289
24.975 1 NAVIGATION_REF 504548 3566677 12
25.073 1 ATTITUDE -0.099365 0.130859 0.19458
25.079 1 DESIRED 0.06 0.04 5.2 -54. 40. 755. -0.1
25.085 1 GPS 3 50457260 356667072 2998 756434 28 -48 1736 603438000 12 1
25.087 1 SVINFO 1 3 13 4 23 23 45
25.090 1 IMU_GYRO -0.006348 0.024414 0.00415
25.108 1 NAVIGATION 0 1 24.6 -6.2 8379.1 643.9 0 0
25.173 1 ATTITUDE -0.098389 0.131836 0.197998
25.175 1 ESTIMATOR 756.465698 0.064183
25.273 1 ATTITUDE -0.0979 0.131348 0.197754
25.279 1 DESIRED 0. 0.04 5.2 -54. 40. 755. -0.1
25.282 1 WP_MOVED 4 504603.3125 3566652.5 755. 12
25.287 1 NAVIGATION 0 1 24.6 -6.2 8379.1 643.9 0 0
25.325 1 GPS 3 50457260 356667072 2998 756434 28 -48 1736 603438000 12 2
25.328 1 SVINFO 2 6 13 4 17 7 38
25.358 1 NAVIGATION 0 1 24.6 -6.2 8379.1 643.9 0 0
25.373 1 ATTITUDE -0.097168 0.131836 0.199951
25.376 1 IMU_ACCEL -7.124023 1.041016 7.004883
25.378 1 CALIBRATION 37.1 0
25.473 1 ATTITUDE -0.097656 0.119385 0.200684
25.479 1 DESIRED 0.01 0.04 5.2 -54. 40. 755. -0.1
25.481 1 DL_VALUE 7 2.
25.573 1 ATTITUDE -0.09668 0.116211 0.200195
25.579 1 GPS 3 50457260 356667072 3017 756317 12 -38 1736 603438500 12 3
25.581 1 SVINFO 3 7 13 7 30 63 14
25.583 1 STATE_FILTER_STATUS 3 0
25.608 1 NAVIGATION 0 1 24.6 -6.2 8379.1 643.9 0 0
25.673 1 ATTITUDE -0.095459 0.119141 0.201172
25.679 1 DESIRED -0.01 0.04 5.2 -54. 40. 755. -0.1
25.681 1 ESTIMATOR 756.439087 0.030655
25.684 1 IMU_GYRO -0.031738 0.038086 0.016846
25.687 1 IMU_MAG 0.283691 -0.795898 -0.91748
25.773 1 ATTITUDE -0.095459 0.123047 0.202881
25.776 1 WP_MOVED 5 504607.1875 3566709.25 755. 12
25.778 1 DOWNLINK 7 825 1795
25.825 1 GPS 3 50457260 356667072 2987 756419 32 -24 1736 603438750 12 4
25.828 1 SVINFO 4 8 4 4 20 47 323
25.858 1 NAVIGATION 0 1 24.6 -6.2 8379.1 643.9 0 0
25.873 1 ATTITUDE -0.094238 0.130615 0.203613
25.879 1 DESIRED 0.02 0.04 5.2 -54. 40. 755. -0.1
25.882 1 BAT 2606 0 0 0 0 47 47 0
25.898 1 DOWNLINK_STATUS 19 15970 726 0 885. 42. 2.77
25.973 1 ATTITUDE -0.094482 0.133301 0.202393
26.073 1 ATTITUDE -0.093994 0.125244 0.204346
26.079 1 DESIRED 0.02 0.04 5.2 -54. 40. 755. -0.1
26.084 1 GPS 3 50457132 356667072 2973 756427 61 -28 1736 603439000 12 5
26.108 1 NAVIGATION 0 1 23.3 -6.2 8178.3 582.5 0 0
26.173 1 ATTITUDE -0.096924 0.137695 0.202637
26.175 1 ESTIMATOR 756.441284 0.023494
26.178 1 IMU_ACCEL -5.519531 -0.008789 7.793945
26.273 1 ATTITUDE -0.097656 0.144043 0.199951
26.279 1 DESIRED 0.04 0.04 5.2 -54. 40. 755. -0.1
26.282 1 WP_MOVED 0 504590. 3566719. 755. 12
26.285 1 IMU_GYRO -0.036133 0.05835 0.006348
26.290 1 NAVIGATION 0 1 23.3 -6.2 8178.3 582.5 0 0
26.325 1 GPS 3 50457132 356667072 2973 756427 61 -28 1736 603439000 12 6
26.328 1 SVINFO 6 10 4 3 8 20 245
26.355 1 FBW_STATUS 2 0 1 0 0
26.360 1 NAVIGATION 0 1 23.3 -6.2 8178.3 582.5 0 0
26.373 1 ATTITUDE -0.097168 0.142578 0.202637
26.473 1 ATTITUDE -0.098877 0.13501 0.202637
26.479 1 DESIRED 0.04 0.04 5.2 -54. 40. 755. -0.1
26.573 1 ATTITUDE -0.098145 0.135254 0.201172
26.579 1 GPS 3 50457004 356667136 2975 756077 50 -37 1736 603439500 12 7
26.581 1 SVINFO 7 11 13 7 35 18 121
26.608 1 NAVIGATION 0 1 22. -5.8 7934.8 518.4 0 0
26.673 1 ATTITUDE -0.097412 0.129395 0.202148
26.679 1 DESIRED 0.04 0.04 5.3 -54. 40. 755. -0.1
26.681 1 ESTIMATOR 756.303528 -0.059708
26.773 1 ATTITUDE -0.098145 0.133789 0.20166
26.776 1 WP_MOVED 1 504548. 3566677. 754. 12
26.825 1 GPS 3 50457004 356667136 2967 755989 28 -21 1736 603439750 12 8
26.828 1 SVINFO 8 13 13 7 40 50 155
26.858 1 NAVIGATION 0 1 22. -5.8 7934.8 518.4 0 0
26.873 1 ATTITUDE -0.097168 0.133789 0.202393
26.879 1 DESIRED 0.04 0.04 5.3 -54. 40. 755. -0.1
26.882 1 IMU_GYRO -0.00415 0.011475 0.012695
26.898 1 DOWNLINK_STATUS 20 16760 761 0 790. 35. 2.77
26.973 1 ATTITUDE -0.098145 0.128174 0.203369
26.976 1 IMU_ACCEL -6.3125 -0.527344 7.973633
26.979 1 BAT 2664 0 0 0 0 48 48 0
26.982 1 IMU_MAG 0.249512 -0.685547 -0.90918
26.984 1 DL_VALUE 8 1.
26.988 1 ENERGY 0. 0. 0 0.
27.073 1 ATTITUDE -0.0979 0.135986 0.203857
27.079 1 DESIRED 0.04 0.04 5.3 -54. 40. 755. -0.1
27.084 1 GPS 3 50457004 356667136 2953 755913 57 -34 1736 603440000 12 9
27.087 1 GPS_SOL 1567 252 323 7
27.108 1 NAVIGATION 0 1 22. -5.8 7934.8 518.4 0 0
27.173 1 ATTITUDE -0.097412 0.138916 0.205078
27.175 1 ESTIMATOR 756.115295 -0.146835
27.273 1 ATTITUDE -0.0979 0.144043 0.206055
27.279 1 DESIRED 0.06 0.04 5.3 -54. 40. 755. -0.1
27.282 1 WP_MOVED 2 504493.59375 3566717. 755. 12
27.287 1 NAVIGATION 0 1 22. -5.8 7934.8 518.4 0 0
27.325 1 GPS 3 50457004 356667136 2953 755913 57 -34 1736 603440000 12 10
27.360 1 NAVIGATION 0 1 22. -5.8 7934.8 518.4 0 0
27.373 1 ATTITUDE -0.097656 0.148193 0.206543
27.393 1 PONG 
27.473 1 ATTITUDE -0.0979 0.152344 0.20752
27.479 1 DESIRED 0.07 0.04 5.3 -54. 40. 755. -0.1
27.482 1 IMU_GYRO -0.016846 -0.007324 0.02002
27.484 1 CALIBRATION 37.4 0
27.573 1 ATTITUDE -0.097412 0.140137 0.206787
27.578 1 GPS 3 50457004 356667136 2937 755908 61 -39 1736 603440500 12 11
27.581 1 SVINFO 11 19 13 7 33 39 64
27.608 1 NAVIGATION 0 1 22. -5.8 7934.8 518.4 0 0
27.673 1 ATTITUDE -0.099854 0.138184 0.207275
27.679 1 DESIRED 0.07 0.04 5.3 -54. 40. 755. -0.1
27.681 1 ESTIMATOR 755.981262 -0.180085
27.773 1 ATTITUDE -0.101318 0.138184 0.208496
27.776 1 WP_MOVED 3 504514.8125 3566634. 755. 12
27.779 1 IMU_ACCEL -6.686523 0.532227 7.014648
27.781 1 STATE_FILTER_STATUS 3 0
27.825 1 GPS 3 50457004 356667136 2927 755785 61 -28 1736 603440750 12 12
27.828 1 SVINFO 12 23 13 7 43 24 153
27.858 1 NAVIGATION 0 1 22. -5.8 7934.8 518.4 0 0
27.873 1 ATTITUDE -0.100342 0.141357 0.208008
27.879 1 DESIRED 0.08 0.04 5.3 -54. 40. 755. -0.1
27.899 1 DOWNLINK_STATUS 21 17634 802 0 874. 41. 2.73
27.973 1 ATTITUDE -0.101074 0.138672 0.20874
28.073 1 ATTITUDE -0.101807 0.135498 0.208252
28.079 1 DESIRED 0.08 0.04 5.3 -54. 40. 755. -0.1
28.084 1 GPS 3 50456936 356667136 2916 755754 69 -33 1736 603441000 12 13
28.087 1 IMU_GYRO 0.010498 0.003174 0.02124
28.091 1 BAT 2727 0 0 0 0 49 49 0
28.108 1 NAVIGATION 0 1 21.4 -5.8 7834.9 490. 0 0
28.173 1 ATTITUDE -0.103271 0.131592 0.208496
28.175 1 ESTIMATOR 755.822754 -0.217231
28.273 1 ATTITUDE -0.103516 0.136475 0.208496
28.279 1 DESIRED 0.1 0.04 5.3 -54. 40. 755. -0.
28.282 1 WP_MOVED 4 504603.3125 3566652.5 755. 12
28.287 1 NAVIGATION 0 1 21.4 -5.8 7834.9 490. 0 0
28.290 1 IMU_MAG 0.330566 -0.703125 -0.897461
28.325 1 GPS 3 50456936 356667136 2916 755754 69 -33 1736 603441000 12 14
28.356 1 FBW_STATUS 2 0 1 0 0
28.360 1 NAVIGATION 0 1 21.4 -5.8 7834.9 490. 0 0
28.373 1 ATTITUDE -0.102783 0.135254 0.207275
28.455 1 COMMANDS 2752,1511,-905
28.473 1 ATTITUDE -0.104492 0.137939 0.207275
28.479 1 DESIRED 0.12 0.04 5.3 -54. 40. 755. -0.
28.480 1 DL_VALUE 9 0.
28.555 1 ACTUATORS 1286,1572,1499
28.573 1 ATTITUDE -0.10376 0.127686 0.206299
28.578 1 GPS 3 50456808 356667136 2903 755385 40 -40 1736 603441500 12 15
28.581 1 SVINFO 15 138 28 7 40 52 173
28.584 1 IMU_ACCEL -6.557617 1.238281 6.268555
28.607 1 NAVIGATION 0 1 20.1 -5.8 7642.4 436.8 0 0
28.673 1 ATTITUDE -0.104736 0.131348 0.207275
28.679 1 DESIRED 0.12 0.04 5.3 -54. 40. 755. -0.
28.681 1 ESTIMATOR 755.612976 -0.27548
28.684 1 IMU_GYRO -0.027588 -0.00415 0.016846
28.773 1 ATTITUDE -0.103271 0.142334 0.206543
28.776 1 WP_MOVED 5 504607.1875 3566709.25 755. 12
28.825 1 GPS 3 50456808 356667136 2903 755196 5 -31 1736 603441750 12 16
28.857 1 NAVIGATION 0 1 20.1 -5.8 7642.4 436.8 0 0
28.873 1 ATTITUDE -0.104004 0.138184 0.20874
28.879 1 DESIRED 0.12 0.04 5.3 -54. 40. 755. -0.
28.900 1 DOWNLINK_STATUS 22 18471 840 0 837. 38. 2.73
28.973 1 ATTITUDE -0.10498 0.135986 0.208252
29.073 1 ATTITUDE -0.103271 0.140625 0.208252
29.079 1 DESIRED 0.12 0.04 5.3 -54. 40. 755. -0.
29.084 1 GPS 3 50456808 356667136 2898 755131 52 -42 1736 603442000 12 17
29.087 1 GPS_SOL 1507 252 323 7
29.107 1 NAVIGATION 0 1 20.1 -5.8 7642.4 436.8 0 0
29.173 1 ATTITUDE -0.105713 0.136719 0.208008
29.175 1 ESTIMATOR 755.310425 -0.365332
29.179 1 BAT 2840 0 0 0 0 50 50 0
29.273 1 ATTITUDE -0.103516 0.14502 0.206299
29.279 1 DESIRED 0.12 0.04 5.3 -54. 40. 755. -0.
29.282 1 WP_MOVED 0 504590. 3566719. 755. 12
29.285 1 IMU_GYRO 0.001953 -0.00415 0.02002
29.290 1 NAVIGATION 0 1 20.1 -5.8 7642.4 436.8 0 0
29.325 1 GPS 3 50456808 356667136 2898 755131 52 -42 1736 603442000 12 18
29.357 1 NAVIGATION 0 1 20.1 -5.8 7642.4 436.8 0 0
29.373 1 ATTITUDE -0.10376 0.133057 0.206543
29.376 1 IMU_ACCEL -6.970703 0.623047 7.290039
29.473 1 ATTITUDE -0.103516 0.140625 0.206543
29.478 1 DESIRED 0.11 0.04 5.3 -54. 40. 755. -0.
29.482 1 ENERGY 0. 0. 0 0.
29.573 1 ATTITUDE -0.103271 0.148926 0.206055
29.578 1 GPS 3 50456808 356667200 2925 754627 23 -44 1736 603442500 12 19
29.581 1 IMU_MAG 0.359863 -0.894043 -0.912109
29.583 1 CALIBRATION 35.4 0
29.587 1 ALIVE 20,182,19,30,209,130,135,216,36,56,36,172,141,52,115,94
29.607 1 NAVIGATION 0 1 20.1 -5. 7574.3 428.8 0 0
29.673 1 ATTITUDE -0.103271 0.160156 0.205566
29.678 1 DESIRED 0.09 0.05 5.3 -54. 40. 755. 0.
29.681 1 ESTIMATOR 754.926025 -0.477422
29.683 1 PPRZ_MODE 2 3 3 0 0 6
29.773 1 ATTITUDE -0.10083 0.163574 0.203613
29.776 1 WP_MOVED 1 504548. 3566677. 754. 12
29.825 1 GPS 3 50456680 356667200 2915 754465 36 -37 1736 603442750 12 20
29.857 1 NAVIGATION 0 1 18.8 -5. 7385.1 378.9 0 0
29.873 1 ATTITUDE -0.102051 0.166992 0.207275
29.878 1 DESIRED 0.1 0.05 5.3 -54. 40. 755. 0.
29.882 1 IMU_GYRO -0.031738 0.031738 0.005127
29.901 1 DOWNLINK_STATUS 23 19326 878 0 855. 38. 2.73
29.973 1 ATTITUDE -0.101807 0.167236 0.206055
29.974 1 DL_VALUE 10 0.
29.976 1 STATE_FILTER_STATUS 3 0
30.073 1 ATTITUDE -0.104004 0.157959 0.209229
30.078 1 DESIRED 0.1 0.05 5.3 -54. 40. 755. 0.
30.084 1 GPS 3 50456680 356667200 2907 754323 60 -30 1736 603443000 12 21
30.107 1 NAVIGATION 0 1 18.8 -5. 7385.1 378.9 0 0
30.162 1 WIND_INFO 1 42 0. 0. 0.
30.173 1 ATTITUDE -0.106201 0.152344 0.211182
30.175 1 ESTIMATOR 754.518799 -0.569627
30.178 1 IMU_ACCEL -7.104492 0.787109 7.256836
30.273 1 ATTITUDE -0.104248 0.153809 0.212158
30.278 1 DESIRED 0.11 0.05 5.3 -54. 40. 755. 0.
30.282 1 WP_MOVED 2 504493.59375 3566717. 755. 12
30.286 1 NAVIGATION 0 1 18.8 -5. 7385.1 378.9 0 0
30.290 1 BAT 2991 0 0 0 0 51 51 0
30.325 1 GPS 3 50456680 356667200 2907 754323 60 -30 1736 603443000 12 22
30.355 1 FBW_STATUS 2 0 1 0 0
30.360 1 NAVIGATION 0 1 18.2 -5. 7289.4 354.6 0 0
30.372 1 ATTITUDE -0.105225 0.145508 0.212646
30.473 1 ATTITUDE -0.104004 0.143555 0.209961
30.478 1 DESIRED 0.09 0.05 5.3 -54. 40. 755. 0.
30.482 1 IMU_GYRO -0.010498 0.012695 0.014893
30.573 1 ATTITUDE -0.105225 0.143555 0.210693
30.578 1 GPS 3 50456616 356667200 2936 753843 32 -34 1736 603443500 12 23
30.607 1 NAVIGATION 0 1 18.2 -5. 7289.4 354.6 0 0
30.673 1 ATTITUDE -0.104736 0.156982 0.211426
30.678 1 DESIRED 0.08 0.05 5.3 -54. 40. 755. 0.1
30.681 1 ESTIMATOR 754.071655 -0.659544
30.773 1 ATTITUDE -0.103516 0.160645 0.209961
30.776 1 WP_MOVED 3 504514.8125 3566634. 755. 12
30.825 1 GPS 3 50456616 356667200 2942 753719 13 -18 1736 603443750 12 24
30.857 1 NAVIGATION 0 1 18.2 -5. 7289.4 354.6 0 0
30.873 1 ATTITUDE -0.103027 0.155762 0.210205
30.878 1 DESIRED 0.08 0.05 5.3 -54. 40. 755. 0.1
30.882 1 IMU_MAG 0.340332 -0.532227 -0.92627
30.883 1 DOWNLINK 7 843 1989
30.902 1 DOWNLINK_STATUS 24 20125 914 0 799. 36. 2.73
30.972 1 ATTITUDE -0.102539 0.151611 0.210938
30.976 1 IMU_ACCEL -7.018555 0.950195 7.076172
31.072 1 ATTITUDE -0.101074 0.156494 0.210205
31.078 1 DESIRED 0.08 0.05 5.3 -54. 40. 755. 0.1
31.084 1 GPS 3 50456616 356667264 2957 753549 19 -23 1736 603444000 12 25
31.087 1 IMU_GYRO -0.04248 0.043457 0.005127
31.090 1 GPS_SOL 1446 235 323 7
31.107 1 NAVIGATION 0 1 18.2 -4.2 7222.5 347.7 0 0
31.172 1 ATTITUDE -0.100586 0.171631 0.210693
31.175 1 ESTIMATOR 753.651123 -0.709106
31.272 1 ATTITUDE -0.100342 0.177002 0.210693
31.278 1 DESIRED 0.06 0.05 5.3 -54. 40. 755. 0.1
31.282 1 WP_MOVED 4 504603.3125 3566652.5 755. 12
31.286 1 NAVIGATION 0 1 18.2 -4.2 7222.5 347.7 0 0
31.325 1 GPS 3 50456616 356667264 2957 753549 19 -23 1736 603444000 12 26
31.357 1 NAVIGATION 0 1 18.2 -4.2 7222.5 347.7 0 0
31.372 1 ATTITUDE -0.100342 0.174561 0.210693
31.376 1 BAT 3170 0 0 0 0 53 53 0
31.472 1 ATTITUDE -0.100342 0.17749 0.211914
31.480 1 DESIRED 0.03 0.05 5.3 -54. 40. 755. 0.1
31.481 1 DL_VALUE 11 1.
31.572 1 ATTITUDE -0.100342 0.168945 0.211182
31.578 1 GPS 3 50456616 356667264 2968 753330 21 -30 1736 603444500 12 27
31.608 1 NAVIGATION 0 1 18.2 -4.2 7222.5 347.7 0 0
31.672 1 ATTITUDE -0.100098 0.180664 0.21167
31.678 1 DESIRED 0.05 0.05 5.3 -54. 40. 755. 0.1
31.681 1 ESTIMATOR 753.28595 -0.713459
31.684 1 IMU_GYRO 0.00415 -0.02002 0.02124
31.686 1 CALIBRATION 29.3 0
31.772 1 ATTITUDE -0.100342 0.163086 0.21167
31.776 1 WP_MOVED 5 504607.1875 3566709.25 755. 12
31.779 1 IMU_ACCEL -6.941406 0.206055 6.37793
31.825 1 GPS 3 50456616 356667264 2992 753086 34 -48 1736 603444750 12 28
31.857 1 NAVIGATION 0 1 18.2 -4.2 7222.5 347.7 0 0
31.872 1 ATTITUDE -0.099121 0.164062 0.213379
31.878 1 DESIRED 0.02 0.05 5.3 -54. 40. 755. 0.1
31.902 1 DOWNLINK_STATUS 25 20936 950 0 811. 36. 2.73
31.972 1 ATTITUDE -0.099121 0.16333 0.213623
31.976 1 ENERGY 0. 0. 0 0.
32.072 1 ATTITUDE -0.100586 0.168457 0.213867
32.078 1 DESIRED 0.02 0.05 5.3 -54. 40. 755. 0.1
32.084 1 GPS 3 50456488 356667264 2981 752890 44 -51 1736 603445000 12 29
32.107 1 NAVIGATION 0 1 16.9 -4.2 7038.2 302.8 0 0
32.172 1 ATTITUDE -0.102051 0.15918 0.213379
32.175 1 ESTIMATOR 752.914429 -0.721755
32.178 1 IMU_MAG 0.364746 -1.168945 -0.897461
32.180 1 STATE_FILTER_STATUS 3 0
32.272 1 ATTITUDE -0.103027 0.161621 0.212891
32.278 1 DESIRED 0.04 0.05 5.3 -54. 40. 755. 0.1
32.282 1 WP_MOVED 0 504590. 3566719. 755. 12
32.285 1 IMU_GYRO -0.02124 0.006348 0.015869
32.289 1 NAVIGATION 0 1 16.9 -4.2 7038.2 302.8 0 0
32.325 1 GPS 3 50456488 356667264 2981 752890 44 -51 1736 603445000 12 30
32.355 1 FBW_STATUS 2 0 1 0 0
32.360 1 NAVIGATION 0 1 15.6 -4.2 6857.2 261.2 0 0
32.372 1 ATTITUDE -0.103271 0.167236 0.211914
32.393 1 PONG 
32.472 1 ATTITUDE -0.104492 0.174072 0.21167
32.478 1 DESIRED 0.04 0.05 5.3 -54. 40. 755. 0.1
32.482 1 BAT 3280 0 0 0 0 54 54 0
32.572 1 ATTITUDE -0.105957 0.170166 0.211914
32.578 1 GPS 3 50456360 356667264 2978 752334 67 -75 1736 603445500 12 31
32.581 1 IMU_ACCEL -7.196289 0.378906 6.563477
32.607 1 NAVIGATION 0 1 15.6 -4.2 6857.2 261.2 0 0
32.672 1 ATTITUDE -0.106934 0.165527 0.212402
32.678 1 DESIRED 0.05 0.05 5.3 -54. 40. 755. 0.2
32.681 1 ESTIMATOR 752.460938 -0.772945
32.772 1 ATTITUDE -0.108643 0.181641 0.21167
32.776 1 WP_MOVED 1 504548. 3566677. 754. 12
32.825 1 GPS 3 50456360 356667264 2990 752125 32 -72 1736 603445750 12 32
32.857 1 NAVIGATION 0 1 15.6 -4.2 6857.2 261.2 0 0
32.872 1 ATTITUDE -0.108887 0.173828 0.212402
32.878 1 DESIRED 0.03 0.06 5.3 -54. 40. 755. 0.2
32.881 1 IMU_GYRO -0.006348 0.02002 0.022217
32.903 1 DOWNLINK_STATUS 26 21757 987 0 821. 37. 2.41
32.974 1 ATTITUDE -0.108154 0.176514 0.213135
32.974 1 DL_VALUE 0 0.
33.072 1 ATTITUDE -0.111328 0.173096 0.213867
33.078 1 DESIRED 0.03 0.06 5.3 -54. 40. 755. 0.2
33.084 1 GPS 3 50456360 356667264 2994 751953 57 -55 1736 603446000 12 1
33.086 1 SVINFO 1 3 13 4 26 23 45
33.089 1 GPS_SOL 1397 238 323 7
33.107 1 NAVIGATION 0 1 15.6 -4.2 6857.2 261.2 0 0
33.172 1 ATTITUDE -0.111328 0.164062 0.216309
33.175 1 ESTIMATOR 752.011963 -0.80678
33.272 1 ATTITUDE -0.112305 0.164307 0.2146
33.278 1 DESIRED 0.03 0.06 5.3 -54. 40. 755. 0.2
33.282 1 WP_MOVED 2 504493.59375 3566717. 755. 12
33.286 1 NAVIGATION 0 1 15.6 -4.2 6857.2 261.2 0 0
33.325 1 GPS 3 50456360 356667264 2994 751953 57 -55 1736 603446000 12 2
33.327 1 SVINFO 2 6 13 4 14 7 38
33.357 1 NAVIGATION 0 1 15.6 -4. 6835.1 259.2 0 0
33.372 1 ATTITUDE -0.109619 0.17627 0.218018
33.375 1 IMU_ACCEL -6.845703 -0.158203 6.017578
33.455 1 COMMANDS 3416,814,-903
33.472 1 ATTITUDE -0.106689 0.164551 0.220703
33.478 1 DESIRED 0.02 0.06 5.3 -54. 40. 755. 0.2
33.481 1 IMU_GYRO -0.033936 0.065918 -0.02002
33.484 1 IMU_MAG 0.251953 -0.538086 -0.894531
33.555 1 ACTUATORS 1355,1557,1480
33.572 1 ATTITUDE -0.104492 0.129639 0.226074
33.578 1 GPS 3 50456360 356667296 2998 751751 94 -33 1736 603446500 12 3
33.580 1 SVINFO 3 7 13 7 31 63 14
33.584 1 BAT 3416 0 0 0 0 55 55 0
33.607 1 NAVIGATION 0 1 15.6 -4. 6835.1 259.2 0 0
33.672 1 ATTITUDE -0.10791 0.147217 0.224365
33.678 1 DESIRED 0.03 0.06 5.3 -54. 40. 755. 0.2
33.681 1 ESTIMATOR 751.639832 -0.787677
33.773 1 ATTITUDE -0.107666 0.1521 0.226562
33.776 1 WP_MOVED 3 504514.8125 3566634. 755. 12
33.778 1 CALIBRATION 21.8 0
33.825 1 GPS 3 50456360 356667296 2986 751572 88 -55 1736 603446750 12 4
33.827 1 SVINFO 4 8 4 3 19 47 323
33.857 1 NAVIGATION 0 1 15.6 -4. 6835.1 259.2 0 0
33.872 1 ATTITUDE -0.109619 0.169678 0.22583
33.878 1 DESIRED 0.05 0.06 5.3 -54. 40. 755. 0.2
33.904 1 DOWNLINK_STATUS 27 22632 1028 0 875. 41. 2.41
33.972 1 ATTITUDE -0.111328 0.185303 0.226562
33.975 1 NAVIGATION_REF 504548 3566677 12
34.072 1 ATTITUDE -0.113037 0.194092 0.223389
34.078 1 DESIRED 0.05 0.06 5.3 -54. 40. 755. 0.2
34.084 1 GPS 3 50456292 356667296 2984 751272 78 -73 1736 603447000 12 5
34.087 1 IMU_GYRO 0.076416 -0.061523 0.001953
34.107 1 NAVIGATION 0 1 14.9 -4. 6739.4 238.2 0 0
34.172 1 ATTITUDE -0.114258 0.208984 0.2229
34.175 1 ESTIMATOR 751.281006 -0.769857
34.178 1 IMU_ACCEL -6.004883 1.712891 8.073242
34.272 1 ATTITUDE -0.119141 0.222168 0.216553
34.278 1 DESIRED 0.05 0.06 5.3 -54. 40. 755. 0.2
34.282 1 WP_MOVED 4 504603.3125 3566652.5 755. 12
34.286 1 NAVIGATION 0 1 14.9 -4. 6739.4 238.2 0 0
34.325 1 GPS 3 50456292 356667296 2984 751110 78 -73 1736 603447000 12 6
34.327 1 SVINFO 6 10 4 3 8 20 245
34.355 1 FBW_STATUS 2 0 1 0 0
34.359 1 NAVIGATION 0 1 14.9 -4. 6739.4 238.2 0 0
34.372 1 ATTITUDE -0.120605 0.24707 0.212891
34.374 1 STATE_FILTER_STATUS 3 0
34.472 1 ATTITUDE -0.120605 0.265137 0.209961
34.478 1 DESIRED 0.06 0.06 5.3 -54. 40. 755. 0.2
34.480 1 DL_VALUE 1 0.
34.484 1 ENERGY 0. 0. 0 0.
34.572 1 ATTITUDE -0.118896 0.260742 0.206299
34.578 1 GPS 3 50456292 356667296 2954 751220 75 -45 1736 603447500 12 7
34.580 1 SVINFO 7 11 13 7 30 18 121
34.584 1 ALIVE 20,182,19,30,209,130,135,216,36,56,36,172,141,52,115,94
34.607 1 NAVIGATION 0 1 14.9 -4. 6739.4 238.2 0 0
34.672 1 ATTITUDE -0.119141 0.2771 0.205078
34.678 1 DESIRED 0.08 0.06 5.3 -54. 40. 755. 0.2
34.681 1 ESTIMATOR 750.984009 -0.718202
34.684 1 IMU_GYRO 0.012695 0.015869 -0.013672
34.687 1 BAT 3512 0 0 0 0 56 56 0
34.689 1 PPRZ_MODE 2 3 3 0 0 6
34.772 1 ATTITUDE -0.119141 0.264648 0.205078
34.776 1 WP_MOVED 5 504607.1875 3566709.25 755. 12
34.779 1 IMU_MAG 0.425781 -0.685547 -0.946289
34.825 1 GPS 3 50456292 356667296 2964 751311 29 -34 1736 603447750 12 8
34.827 1 SVINFO 8 13 13 7 39 50 155
34.857 1 NAVIGATION 0 1 14.9 -4. 6739.4 238.2 0 0
34.872 1 ATTITUDE -0.121094 0.282715 0.202393
34.879 1 DESIRED 0.06 0.07 5.3 -54. 40. 755. 0.2
34.905 1 DOWNLINK_STATUS 28 23550 1071 0 918. 43. 2.41
34.972 1 ATTITUDE -0.118164 0.277832 0.200195
34.975 1 IMU_ACCEL -6.730469 -0.105469 6.37793
35.072 1 ATTITUDE -0.117188 0.26001 0.197266
35.078 1 DESIRED 0.06 0.06 5.3 -54. 40. 755. 0.2
35.084 1 GPS 3 50456292 356667296 2997 751350 27 -34 1736 603448000 12 9
35.087 1 GPS_SOL 1361 249 323 7
35.107 1 NAVIGATION 0 1 14.9 -4. 6739.4 238.2 0 0
35.172 1 ATTITUDE -0.115234 0.285889 0.197021
35.175 1 ESTIMATOR 750.922302 -0.553304
35.272 1 ATTITUDE -0.112793 0.300293 0.198242
35.278 1 DESIRED 0.03 0.06 5.3 -54. 40. 755. 0.2
35.282 1 WP_MOVED 0 504590. 3566719. 755. 12
35.285 1 IMU_GYRO -0.008301 0.045654 0.005127
35.289 1 NAVIGATION 0 1 14.9 -4. 6739.4 238.2 0 0
35.325 1 GPS 3 50456292 356667360 2997 751339 27 -34 1736 603448000 12 10
35.357 1 NAVIGATION 0 1 14.9 -3.5 6695.6 234.4 0 0
35.372 1 ATTITUDE -0.110352 0.290283 0.197998
35.472 1 ATTITUDE -0.109131 0.297607 0.195068
35.478 1 DESIRED -0. 0.06 5.3 -54. 40. 755. 0.2
35.572 1 ATTITUDE -0.106201 0.284912 0.196045
35.578 1 GPS 3 50456360 356667360 3047 751526 36 -66 1736 603448500 12 11
35.580 1 SVINFO 11 19 13 6 37 39 64
35.607 1 NAVIGATION 0 1 15.6 -3.5 6791.4 255.4 0 0
35.672 1 ATTITUDE -0.106201 0.280029 0.196777
35.678 1 DESIRED -0.03 0.06 5.3 -54. 40. 755. 0.2
35.680 1 ESTIMATOR 750.993591 -0.359547
35.772 1 ATTITUDE -0.106689 0.281494 0.196289
35.776 1 WP_MOVED 1 504548. 3566677. 754. 12
35.779 1 IMU_ACCEL -6.883789 0.767578 6.22168
35.782 1 BAT 3439 0 0 0 0 57 57 0
35.825 1 GPS 3 50456360 356667360 3085 751546 37 -76 1736 603448750 12 12
35.827 1 SVINFO 12 23 13 7 46 24 153
35.857 1 NAVIGATION 0 1 15.6 -3.5 6791.4 255.4 0 0
35.872 1 ATTITUDE -0.10498 0.266602 0.198486
35.878 1 DESIRED -0.07 0.06 5.3 -54. 40. 755. 0.2
35.881 1 IMU_GYRO 0.001953 0.028564 0.02002
35.883 1 CALIBRATION 14.4 0
35.906 1 DOWNLINK_STATUS 29 24378 1108 0 828. 37. 2.41
35.972 1 ATTITUDE -0.100586 0.280762 0.196045
35.974 1 DL_VALUE 2 755.
35.976 1 DOWNLINK 7 841 2186
36.072 1 ATTITUDE -0.096924 0.281006 0.199219
36.078 1 DESIRED -0.07 0.05 5.3 -54. 40. 755. 0.2
36.084 1 GPS 3 50456360 356667360 3098 751387 14 -64 1736 603449000 12 13
36.087 1 IMU_MAG 0.259277 -0.685547 -0.880371
36.107 1 NAVIGATION 0 1 15.6 -3.5 6791.4 255.4 0 0
36.172 1 ATTITUDE -0.096436 0.2854 0.20752
36.175 1 ESTIMATOR 751.101929 -0.203196
36.272 1 ATTITUDE -0.093506 0.276123 0.209961
36.278 1 DESIRED -0.08 0.05 5.3 -54. 40. 755. 0.2
36.282 1 WP_MOVED 2 504493.59375 3566717. 755. 12
36.286 1 NAVIGATION 0 1 15.6 -3.5 6791.4 255.4 0 0
36.326 1 GPS 3 50456360 356667360 3098 751379 14 -64 1736 603449000 12 14
36.355 1 FBW_STATUS 2 0 1 0 0
36.359 1 NAVIGATION 0 1 15.6 -3.5 6791.4 255.4 0 0
36.372 1 ATTITUDE -0.0896 0.274414 0.210693
36.472 1 ATTITUDE -0.088135 0.252441 0.214111
36.478 1 DESIRED -0.09 0.05 5.3 -54. 40. 755. 0.2
36.481 1 IMU_GYRO 0. -0.290527 0.277588
36.572 1 ATTITUDE -0.094727 0.219727 0.219727
36.578 1 GPS 3 50456360 356667360 3074 751397 73 -73 1736 603449500 12 15
36.580 1 SVINFO 15 138 28 7 39 52 173
36.583 1 IMU_ACCEL -6.40332 1.194336 5.323242
36.585 1 STATE_FILTER_STATUS 3 0
36.607 1 NAVIGATION 0 1 15.6 -3.5 6791.4 255.4 0 0
36.672 1 ATTITUDE -0.10791 0.216797 0.210693
36.678 1 DESIRED -0.06 0.06 5.3 -54. 40. 755. 0.2
36.680 1 ESTIMATOR 751.174133 -0.107531
36.772 1 ATTITUDE -0.109863 0.235596 0.212646
36.776 1 WP_MOVED 3 504514.8125 3566634. 755. 12
36.825 1 GPS 3 50456360 356667360 3050 751412 87 -78 1736 603449750 12 16
36.857 1 NAVIGATION 0 1 15.6 -3.5 6791.4 255.4 0 0
36.873 1 ATTITUDE -0.106689 0.239502 0.210693
36.878 1 DESIRED -0.04 0.06 5.3 -54. 40. 755. 0.2
36.881 1 BAT 3351 0 0 0 0 58 58 0
36.907 1 DOWNLINK_STATUS 30 25191 1145 0 813. 37. 2.41
36.972 1 ATTITUDE -0.110352 0.257812 0.210938
36.976 1 ENERGY 0. 0. 0 0.
37.072 1 ATTITUDE -0.106689 0.265869 0.214355
37.078 1 DESIRED -0.04 0.06 5.3 -54. 40. 755. 0.2
37.084 1 GPS 3 50456360 356667360 3002 751475 65 -56 1736 603450000 12 17
37.087 1 IMU_GYRO -0.00415 -0.064697 0.087158
37.090 1 GPS_SOL 1340 245 323 7
37.107 1 NAVIGATION 0 1 15.6 -3.5 6791.4 255.4 0 0
37.172 1 ATTITUDE -0.106689 0.261963 0.215088
37.175 1 ESTIMATOR 751.269592 -0.025073
37.272 1 ATTITUDE -0.106201 0.249756 0.219971
37.278 1 DESIRED 0.02 0.06 5.3 -54. 40. 755. 0.2
37.281 1 WP_MOVED 4 504603.3125 3566652.5 755. 12
37.286 1 NAVIGATION 0 1 15.6 -3.5 6791.4 255.4 0 0
37.325 1 GPS 3 50456360 356667360 3002 751475 65 -56 1736 603450000 12 18
37.357 1 NAVIGATION 0 1 15.6 -4. 6835.1 259.2 0 0
37.373 1 ATTITUDE -0.107422 0.247314 0.2229
37.375 1 IMU_ACCEL -6.682617 1.530273 7.34668
37.378 1 IMU_MAG 0.310547 -0.393555 -0.811035
37.394 1 PONG 
37.472 1 ATTITUDE -0.110352 0.239502 0.220459
37.478 1 DESIRED 0.05 0.06 5.3 -54. 40. 755. 0.2
37.480 1 DL_VALUE 3 0.
37.572 1 ATTITUDE -0.110352 0.246582 0.221436
37.578 1 GPS 3 50456360 356667296 2950 751792 62 -40 1736 603450500 12 19
37.607 1 NAVIGATION 0 1 15.6 -4. 6835.1 259.2 0 0
37.672 1 ATTITUDE -0.111328 0.23877 0.221191
37.678 1 DESIRED 0.07 0.06 5.3 -54. 40. 755. 0.2
37.680 1 ESTIMATOR 751.482361 0.099488
37.684 1 IMU_GYRO -0.016846 0.012695 -0.012695
37.772 1 ATTITUDE -0.112549 0.243408 0.217285
37.776 1 WP_MOVED 5 504607.1875 3566709.25 755. 12
37.825 1 GPS 3 50456360 356667296 2930 751750 83 -51 1736 603450750 12 20
37.858 1 NAVIGATION 0 1 15.6 -4. 6835.1 259.2 0 0
37.872 1 ATTITUDE -0.11377 0.243652 0.217285
37.878 1 DESIRED 0.12 0.06 5.3 -54. 40. 755. 0.2
37.908 1 DOWNLINK_STATUS 31 25997 1181 0 806. 36. 2.8
37.972 1 ATTITUDE -0.115479 0.244873 0.214844
37.976 1 BAT 3263 0 0 0 0 59 59 0
37.977 1 CALIBRATION 12.3 0
38.072 1 ATTITUDE -0.115967 0.240723 0.215576
38.078 1 DESIRED 0.12 0.06 5.3 -54. 40. 755. 0.2
38.084 1 GPS 3 50456292 356667296 2903 751619 62 -52 1736 603451000 12 21
38.107 1 NAVIGATION 0 1 14.9 -4. 6739.4 238.2 0 0
38.172 1 ATTITUDE -0.116211 0.237549 0.215576
38.174 1 ESTIMATOR 751.607666 0.138801
38.178 1 IMU_ACCEL -6.946289 0.546875 6.492188
38.272 1 ATTITUDE -0.115967 0.225098 0.215332
38.278 1 DESIRED 0.12 0.06 5.3 -54. 40. 755. 0.2
38.281 1 WP_MOVED 0 504590. 3566719. 755. 12
38.285 1 IMU_GYRO 0.008301 -0.022217 0.027588
38.289 1 NAVIGATION 0 1 14.9 -4. 6739.4 238.2 0 0
38.325 1 GPS 3 50456292 356667296 2903 751619 62 -52 1736 603451000 12 22
38.356 1 FBW_STATUS 2 0 1 0 0
38.359 1 NAVIGATION 0 1 13.6 -4.2 6585.5 203.7 0 0
38.372 1 ATTITUDE -0.115723 0.225342 0.215088
38.454 1 COMMANDS 3264,1830,-838
38.472 1 ATTITUDE -0.115967 0.217041 0.213867
38.478 1 DESIRED 0.16 0.06 5.3 -54. 40. 755. 0.2
38.554 1 ACTUATORS 1340,1577,1507
38.572 1 ATTITUDE -0.116455 0.217041 0.213623
38.578 1 GPS 3 50456164 356667264 2887 751502 74 -46 1736 603451500 12 23
38.607 1 NAVIGATION 0 1 13.6 -4.2 6585.5 203.7 0 0
38.672 1 ATTITUDE -0.11792 0.218262 0.213135
38.678 1 DESIRED 0.17 0.06 5.3 -54. 40. 755. 0.2
38.680 1 ESTIMATOR 751.595154 0.094038
38.683 1 IMU_MAG 0.286133 -0.566895 -0.854492
38.772 1 ATTITUDE -0.11792 0.233154 0.213135
38.775 1 WP_MOVED 1 504548. 3566677. 754. 12
38.777 1 STATE_FILTER_STATUS 3 0
38.825 1 GPS 3 50456164 356667264 2877 751470 67 -52 1736 603451750 12 24
38.857 1 NAVIGATION 0 1 13.6 -4.2 6585.5 203.7 0 0
38.872 1 ATTITUDE -0.119141 0.227295 0.212158
38.878 1 DESIRED 0.16 0.06 5.3 -54. 40. 755. 0.2
38.881 1 IMU_GYRO -0.023193 0.007324 0.009521
38.909 1 DOWNLINK_STATUS 32 26829 1219 0 832. 38. 2.8
38.972 1 ATTITUDE -0.119629 0.232178 0.212402
38.975 1 IMU_ACCEL -6.307617 0.124023 6.610352
38.977 1 DL_VALUE 4 0.
39.072 1 ATTITUDE -0.119629 0.23584 0.211914
39.078 1 DESIRED 0.16 0.06 5.3 -54. 40. 755. 0.2
39.084 1 GPS 3 50456164 356667264 2873 751477 34 -43 1736 603452000 12 25
39.087 1 BAT 3276 0 0 0 0 60 60 0
39.090 1 GPS_SOL 1321 244 323 7
39.107 1 NAVIGATION 0 1 13.6 -4.2 6585.5 203.7 0 0
39.172 1 ATTITUDE -0.118652 0.237305 0.211182
39.174 1 ESTIMATOR 751.567078 0.052902
39.272 1 ATTITUDE -0.117676 0.240234 0.209961
39.278 1 DESIRED 0.16 0.06 5.3 -54. 40. 755. 0.2
39.281 1 WP_MOVED 2 504493.59375 3566717. 755. 12
39.286 1 NAVIGATION 0 1 13.6 -4.2 6585.5 203.7 0 0
39.325 1 GPS 3 50456164 356667264 2873 751477 34 -43 1736 603452000 12 26
39.358 1 NAVIGATION 0 1 13.6 -4.2 6585.5 203.7 0 0
39.372 1 ATTITUDE -0.116699 0.240967 0.209717
39.472 1 ATTITUDE -0.117188 0.259277 0.208984
39.478 1 DESIRED 0.19 0.06 5.3 -54. 40. 755. 0.2
39.481 1 IMU_GYRO 0.00415 -0.010498 0.028564
39.484 1 ENERGY 0. 0. 0 0.
39.572 1 ATTITUDE -0.118896 0.255127 0.207764
39.578 1 GPS 3 50456164 356667264 2855 751262 51 -43 1736 603452500 12 27
39.582 1 ALIVE 20,182,19,30,209,130,135,216,36,56,36,172,141,52,115,94
39.607 1 NAVIGATION 0 1 13.6 -4.2 6585.5 203.7 0 0
39.627 1 SETTING 1 4 0.
39.633 1 DL_VALUE 4 0.
39.672 1 ATTITUDE -0.119385 0.247803 0.207031
39.678 1 DESIRED 0.18 0.06 5.3 -54. 40. 755. 0.2
39.680 1 ESTIMATOR 751.457458 -0.022571
39.682 1 PPRZ_MODE 2 3 3 0 0 6
39.772 1 ATTITUDE -0.116943 0.254883 0.205811
39.775 1 WP_MOVED 3 504514.8125 3566634. 755. 12
39.779 1 IMU_ACCEL -6.792969 0.273438 6.824219
39.825 1 GPS 3 50456036 356667264 2870 751144 51 -58 1736 603452750 12 28
39.857 1 NAVIGATION 0 1 12.4 -4.2 6417. 171.2 0 0
39.872 1 ATTITUDE -0.118164 0.229248 0.206787
39.878 1 DESIRED 0.17 0.06 5.3 -54. 40. 755. 0.2
39.910 1 DOWNLINK_STATUS 33 27677 1257 0 848. 38. 2.8
39.972 1 ATTITUDE -0.116211 0.232178 0.206055
39.975 1 IMU_MAG 0.244629 -0.462891 -0.871582
40.072 1 ATTITUDE -0.115479 0.223145 0.20459
40.078 1 DESIRED 0.17 0.06 5.3 -54. 40. 755. 0.2
40.084 1 GPS 3 50456036 356667264 2885 751075 28 -45 1736 603453000 12 29
40.087 1 IMU_GYRO -0.031738 0.04248 0.015869
40.089 1 CALIBRATION 11.1 0
40.107 1 NAVIGATION 0 1 12.4 -4.2 6417. 171.2 0 0
40.162 1 WIND_INFO 1 42 0. 0. 0.
40.172 1 ATTITUDE -0.115234 0.222168 0.204102
40.174 1 ESTIMATOR 751.283325 -0.1122
40.178 1 BAT 3357 0 0 0 0 61 61 0
40.272 1 ATTITUDE -0.114746 0.230957 0.20459
40.278 1 DESIRED 0.16 0.06 5.3 -54. 40. 755. 0.2
40.281 1 WP_MOVED 4 504603.3125 3566652.5 755. 12
40.286 1 NAVIGATION 0 1 12.4 -4.2 6417. 171.2 0 0
40.325 1 GPS 3 50456036 356667264 2885 751037 28 -45 1736 603453000 12 30
40.356 1 FBW_STATUS 2 0 1 0 0
40.359 1 NAVIGATION 0 1 12.4 -4.2 6417. 171.2 0 0
40.372 1 ATTITUDE -0.11377 0.229736 0.207764
40.472 1 ATTITUDE -0.111572 0.244873 0.208008
40.478 1 DESIRED 0.13 0.06 5.3 -54. 40. 755. 0.2
40.480 1 DL_VALUE 5 0.
40.572 1 ATTITUDE -0.111328 0.241211 0.208252
40.578 1 GPS 3 50456036 356667264 2909 751046 18 -56 1736 603453500 12 31
40.581 1 IMU_ACCEL -7.21582 0.757812 6.938477
40.607 1 NAVIGATION 0 1 12.4 -4.2 6417. 171.2 0 0
50.162 1 WIND_INFO 1 42 0. 0. 0.
60.162 1 WIND_INFO 1 42 0. 0. 0.
70.162 1 WIND_INFO 1 42 0. 0. 0.
76.124 1 MOVE_WP 1 2 322372560 -1109504780 75500
80.162 1 WIND_INFO 1 42 0. 0. 0.
86.814 1 MOVE_WP 1 4 322359070 -1109506320 75500
90.162 1 WIND_INFO 1 42 0. 0. 0.
91.912 1 SETTING 1 9 1.
97.981 1 SETTING 1 9 1.
100.162 1 WIND_INFO 1 42 0. 0. 0.
