13.412 1 GPS 0 1130805120 0 0 -17000 0 0 0 21250 12 4
13.444 1 NAVIGATION 0 2 10801716. -3566302. 1.29394907546e+14 1.29395570246e+14 0 0
13.459 1 ATTITUDE 2.772949 -1.474365 -0.302246
13.465 1 DESIRED -0.74 0.1 5. 16. -45. 805. 2.
13.468 1 IMU_GYRO -0.019043 -0.093506 -0.047852
13.559 1 ATTITUDE 2.772949 -1.470459 -0.302002
13.561 1 DL_VALUE 2 805.
13.659 1 ATTITUDE 2.771484 -1.468506 -0.30249
13.665 1 DESIRED -0.74 0.1 5. 16. -45. 805. 2.
13.671 1 GPS 0 1130805120 0 0 -17000 0 0 0 21250 12 5
13.694 1 NAVIGATION 0 2 10801716. -3566302. 1.29394907546e+14 1.29395570246e+14 0 0
13.759 1 ATTITUDE 2.771484 -1.471191 -0.30127
13.762 1 ESTIMATOR -16.999966 -1.1e-05
13.764 1 CALIBRATION -150. 0
13.860 1 ATTITUDE 2.774902 -1.473633 -0.29834
13.865 1 DESIRED -0.74 0.1 5. 16. -45. 805. 2.
13.869 1 WP_MOVED 4 506374.40625 3566337.75 805. 12
13.873 1 NAVIGATION 0 2 10801716. -3566302. 1.29394907546e+14 1.29395570246e+14 0 0
13.875 1 DOWNLINK 1 821 810
13.912 1 GPS 0 1130805120 0 0 -17000 0 0 0 21500 12 6
13.942 1 FBW_STATUS 2 0 1 0 0
13.949 1 NAVIGATION 0 2 10801716. -3566302. 1.29394907546e+14 1.29395570246e+14 0 0
13.959 1 ATTITUDE 2.771484 -1.468506 -0.298828
13.985 1 DOWNLINK_STATUS 3 2469 111 0 856. 39. 0.
14.059 1 ATTITUDE 2.7771 -1.468994 -0.299072
14.065 1 DESIRED -0.74 0.1 5. 16. -45. 805. 2.
14.068 1 IMU_GYRO -0.074463 -0.218018 -0.170166
14.159 1 ATTITUDE 2.766357 -1.465088 -0.300781
14.165 1 GPS 0 1130805120 0 0 -17000 0 0 0 21750 12 7
14.168 1 IMU_ACCEL 6.65332 -3.537109 -5.632812
14.172 1 BAT 0 0 0 0 1 22 22 0
14.194 1 NAVIGATION 0 2 10801716. -3566302. 1.29394907546e+14 1.29395570246e+14 0 0
14.259 1 ATTITUDE 2.768311 -1.469971 -0.30127
14.265 1 DESIRED -0.74 0.1 5. 16. -45. 805. 2.
14.268 1 ESTIMATOR -16.999985 -1.9e-05
14.359 1 ATTITUDE 2.772217 -1.475586 -0.299561
14.363 1 WP_MOVED 5 506402.3125 3566363.25 820. 12
14.412 1 GPS 0 1130805120 0 0 -17000 0 0 0 22250 12 8
14.444 1 NAVIGATION 0 2 10801716. -3566302. 1.29394907546e+14 1.29395570246e+14 0 0
14.459 1 ATTITUDE 2.762451 -1.469971 -0.312256
14.465 1 DESIRED -0.74 0.1 5. 16. -45. 805. 2.
14.559 1 ATTITUDE 2.776367 -1.47998 -0.307129
14.562 1 IMU_MAG -1.750977 -0.434082 1.858887
14.659 1 ATTITUDE 2.780762 -1.475342 -0.309082
14.665 1 DESIRED -0.74 0.1 5. 16. -45. 805. 2.
14.671 1 GPS 0 1130805120 0 0 -17000 0 0 0 22250 12 9
14.674 1 IMU_GYRO -0.016846 -0.038086 0.130859
14.677 1 GPS_SOL 795615680 100048 9999 0
14.694 1 NAVIGATION 0 2 10801716. -3566302. 1.29394907546e+14 1.29395570246e+14 0 0
14.759 1 ATTITUDE 2.779785 -1.470703 -0.302979
14.762 1 ESTIMATOR -16.999998 -2.1e-05
14.859 1 ATTITUDE 2.772217 -1.467773 -0.306396
14.865 1 DESIRED -0.74 0.1 5. 16. -45. 805. 2.
14.869 1 WP_MOVED 6 506374.40625 3566337.75 820. 12
14.873 1 NAVIGATION 0 2 10801716. -3566302. 1.29394907546e+14 1.29395570246e+14 0 0
14.912 1 GPS 0 1130805120 0 0 -17000 0 0 0 22500 12 10
14.944 1 NAVIGATION 0 2 10801716. -3566302. 1.29394907546e+14 1.29395570246e+14 0 0
14.959 1 ATTITUDE 2.765137 -1.471191 -0.303223
14.962 1 IMU_ACCEL 7.051758 -3.441406 -6.017578
14.964 1 STATE_FILTER_STATUS 3 0
14.986 1 DOWNLINK_STATUS 4 3285 147 0 816. 36. 0.
15.059 1 ATTITUDE 2.77124 -1.480469 -0.302246
15.065 1 DESIRED -0.74 0.1 5. 16. -45. 805. 2.
15.067 1 DL_VALUE 3 0.
15.160 1 ATTITUDE 2.766846 -1.47998 -0.303955
15.165 1 GPS 0 1130805120 0 0 -17000 0 0 0 22750 12 11
15.196 1 NAVIGATION 0 2 10801716. -3566302. 1.29394907546e+14 1.29395570246e+14 0 0
15.259 1 ATTITUDE 2.754639 -1.468262 -0.294922
15.265 1 DESIRED -0.74 0.1 5. 16. -45. 805. 2.
15.267 1 ESTIMATOR -17.000006 -1.9e-05
15.271 1 IMU_GYRO 0.087158 -0.124512 -0.003174
15.274 1 BAT 0 0 0 0 1 23 23 0
15.359 1 ATTITUDE 2.77832 -1.482178 -0.297363
15.363 1 WP_MOVED 7 506350.5 3566270.75 805. 12
15.416 1 GPS 0 1130805120 0 0 -17000 0 0 0 23250 12 12
15.445 1 NAVIGATION 0 2 10801716. -3566302. 1.29394907546e+14 1.29395570246e+14 0 0
15.459 1 ATTITUDE 2.813721 -1.510498 -0.289795
15.465 1 DESIRED -0.74 0.1 5. 16. -45. 805. 2.
15.559 1 ATTITUDE 2.793945 -1.491943 -0.273926
15.563 1 ENERGY 0. 0. 0 0.
15.659 1 ATTITUDE 2.766113 -1.454102 -0.254639
15.665 1 DESIRED -0.74 0.1 5. 16. -45. 805. 2.
15.671 1 GPS 0 1130805120 0 0 -17000 0 0 0 23250 12 13
15.694 1 NAVIGATION 0 2 10801716. -3566302. 1.29394907546e+14 1.29395570246e+14 0 0
15.760 1 ATTITUDE 2.771973 -1.443848 -0.24292
15.762 1 ESTIMATOR -17.000008 -1.6e-05
15.765 1 IMU_ACCEL 6.682617 -3.546875 -6.777344
15.859 1 ATTITUDE 2.752197 -1.430664 -0.242432
15.865 1 DESIRED -0.74 0.1 5. 16. -45. 805. 2.
15.868 1 WP_MOVED 8 506254.8125 3566257.5 815. 12
15.872 1 IMU_GYRO 0.008301 -0.265869 -0.17334
15.876 1 NAVIGATION 0 2 10801716. -3566302. 1.29394907546e+14 1.29395570246e+14 0 0
15.878 1 CALIBRATION -150. 0
15.914 1 GPS 0 1130805120 0 0 -17000 0 0 0 23500 12 14
15.942 1 FBW_STATUS 2 0 1 0 0
15.946 1 NAVIGATION 0 2 10801716. -3566302. 1.29394907546e+14 1.29395570246e+14 0 0
15.959 1 ATTITUDE 2.759033 -1.429443 -0.240723
15.987 1 DOWNLINK_STATUS 5 4095 183 0 810. 36. 0.
16.059 1 ATTITUDE 2.75415 -1.418701 -0.241211
16.065 1 DESIRED -0.74 0.1 5. 16. -45. 805. 2.
16.159 1 ATTITUDE 2.757568 -1.414062 -0.249512
16.165 1 GPS 0 1130805120 0 0 -17000 0 0 0 23750 12 15
16.194 1 NAVIGATION 0 2 10801716. -3566302. 1.29394907546e+14 1.29395570246e+14 0 0
16.259 1 ATTITUDE 2.751465 -1.396729 -0.248535
16.265 1 DESIRED -0.74 0.1 5. 16. -45. 805. 2.
16.267 1 ESTIMATOR -17.000008 -1.2e-05
16.359 1 ATTITUDE 2.755127 -1.391846 -0.24707
16.363 1 WP_MOVED 9 506213.8125 3566287.5 815. 12
16.366 1 BAT 0 0 0 0 1 24 24 0
16.412 1 GPS 0 1130805120 0 0 -17000 0 0 0 24250 12 16
16.444 1 NAVIGATION 0 2 10801716. -3566302. 1.29394907546e+14 1.29395570246e+14 0 0
16.459 1 ATTITUDE 2.754639 -1.392334 -0.25
16.465 1 DESIRED -0.74 0.1 5. 16. -45. 805. 2.
16.468 1 IMU_GYRO -0.008301 -0.036133 -0.052002
16.487 1 PONG 
16.559 1 ATTITUDE 2.758789 -1.39502 -0.249512
16.562 1 IMU_ACCEL 6.730469 -3.369141 -6.316406
16.564 1 DL_VALUE 4 0.
16.659 1 ATTITUDE 2.769043 -1.404053 -0.249756
16.665 1 DESIRED -0.74 0.1 5. 16. -45. 805. 2.
16.671 1 GPS 0 1130805120 0 0 -17000 0 0 0 24250 12 1
16.674 1 GPS_SOL 795616320 100054 9999 0
16.694 1 NAVIGATION 0 2 10801716. -3566302. 1.29394907546e+14 1.29395570246e+14 0 0
16.759 1 ATTITUDE 2.772705 -1.407227 -0.251953
16.761 1 ESTIMATOR -17.000008 -9e-06
16.859 1 ATTITUDE 2.773438 -1.410156 -0.251953
16.865 1 DESIRED -0.74 0.1 5. 16. -45. 805. 2.
16.868 1 WP_MOVED 0 506377. 3566344. 757. 12
16.873 1 NAVIGATION 0 2 10801716. -3566302. 1.29394907546e+14 1.29395570246e+14 0 0
16.913 1 GPS 0 1130805120 0 0 -17000 0 0 0 24500 12 2
16.944 1 NAVIGATION 0 2 10801716. -3566302. 1.29394907546e+14 1.29395570246e+14 0 0
16.959 1 ATTITUDE 2.782471 -1.410156 -0.250732
16.987 1 DOWNLINK_STATUS 6 4865 217 0 770. 34. 2.76
17.042 1 COMMANDS 0,9600,-1896,0
17.059 1 ATTITUDE 2.782227 -1.408936 -0.244873
17.065 1 DESIRED -0.74 0.1 5. 16. -45. 805. 2.
17.068 1 IMU_GYRO 0.029785 0.005127 -0.045654
17.142 1 ACTUATORS 1000,1804,1645,1500
17.159 1 ATTITUDE 2.780762 -1.411133 -0.245117
17.184 1 GPS 0 1130805120 0 0 -17000 0 0 0 24750 12 3
17.185 1 IMU_MAG -1.716797 -0.439941 1.884766
17.185 1 STATE_FILTER_STATUS 3 0
17.194 1 NAVIGATION 0 2 10801716. -3566302. 1.29394907546e+14 1.29395570246e+14 0 0
17.259 1 ATTITUDE 2.787598 -1.413086 -0.243652
17.265 1 DESIRED -0.74 0.1 5. 16. -45. 805. 2.
17.267 1 ESTIMATOR -17.000008 -6e-06
17.359 1 ATTITUDE 2.78418 -1.405273 -0.244141
17.362 1 WP_MOVED 1 506335. 3566302. 765. 12
17.366 1 IMU_ACCEL 6.643555 -3.138672 -6.81543
17.419 1 GPS 0 1130805120 0 0 -17000 0 0 0 25250 12 4
17.444 1 NAVIGATION 0 2 10801716. -3566302. 1.29394907546e+14 1.29395570246e+14 0 0
17.459 1 ATTITUDE 2.782715 -1.400146 -0.244385
17.465 1 DESIRED -0.74 0.1 5. 16. -45. 805. 2.
17.468 1 BAT 0 0 0 0 1 25 25 0
17.559 1 ATTITUDE 2.784424 -1.401855 -0.243164
17.661 1 ATTITUDE 2.784912 -1.401123 -0.241455
17.665 1 DESIRED -0.74 0.1 5. 16. -45. 805. 2.
17.671 1 GPS 0 1130805120 0 0 -17000 0 0 0 25250 12 5
17.674 1 IMU_GYRO 0.010498 0.063721 0.025391
17.694 1 NAVIGATION 0 2 10801716. -3566302. 1.29394907546e+14 1.29395570246e+14 0 0
17.759 1 ATTITUDE 2.784912 -1.398682 -0.244141
17.761 1 ESTIMATOR -17.000008 -3e-06
17.859 1 ATTITUDE 2.786377 -1.396973 -0.242188
17.865 1 DESIRED -0.74 0.1 5. 16. -45. 805. 2.
17.871 1 WP_MOVED 2 506254.8125 3566257.5 815. 12
17.873 1 NAVIGATION 0 2 10801716. -3566302. 1.29394907546e+14 1.29395570246e+14 0 0
17.913 1 GPS 0 1130805120 0 0 -17000 0 0 0 25500 12 6
17.942 1 FBW_STATUS 2 0 1 0 0
17.947 1 NAVIGATION 0 2 10801716. -3566302. 1.29394907546e+14 1.29395570246e+14 0 0
17.959 1 ATTITUDE 2.787109 -1.393799 -0.241943
17.961 1 CALIBRATION -150. 0
17.988 1 DOWNLINK_STATUS 7 5701 255 0 836. 38. 2.76
18.059 1 ATTITUDE 2.787842 -1.394043 -0.241699
18.065 1 DESIRED -0.74 0.1 5. 16. -45. 805. 2.
18.067 1 DL_VALUE 5 0.
18.070 1 ENERGY 0. 0. 0 0.
18.159 1 ATTITUDE 2.789062 -1.393066 -0.240479
18.165 1 GPS 0 1130805120 0 0 -17000 0 0 0 25750 12 7
18.168 1 IMU_ACCEL 6.745117 -3.21582 -6.923828
18.172 1 ALIVE 174,222,138,243,180,132,213,161,20,137,147,153,212,68,69,225
18.194 1 NAVIGATION 0 2 10801716. -3566302. 1.29394907546e+14 1.29395570246e+14 0 0
18.259 1 ATTITUDE 2.788818 -1.392334 -0.241211
18.266 1 DESIRED -0.74 0.1 5. 16. -45. 805. 2.
18.267 1 ESTIMATOR -17.000004 -1e-06
18.270 1 IMU_GYRO -0.033936 -0.049805 -0.047852
18.272 1 PPRZ_MODE 2 3 3 0 0 6
18.359 1 ATTITUDE 2.785889 -1.389893 -0.241943
18.362 1 WP_MOVED 3 506350.5 3566257. 805. 12
18.412 1 GPS 0 1130805120 0 0 -17000 0 0 0 26250 12 8
18.444 1 NAVIGATION 0 2 10801716. -3566302. 1.29394907546e+14 1.29395570246e+14 0 0
18.459 1 ATTITUDE 2.788086 -1.391846 -0.240234
18.465 1 DESIRED -0.74 0.1 5. 16. -45. 805. 2.
18.471 1 IMU_MAG -1.708984 -0.434082 1.901855
18.559 1 ATTITUDE 2.787598 -1.393311 -0.240967
18.562 1 BAT 0 0 0 0 1 26 26 0
18.661 1 ATTITUDE 2.786865 -1.391113 -0.240723
18.665 1 DESIRED -0.74 0.1 5. 16. -45. 805. 2.
18.671 1 GPS 0 1130805120 0 0 -17000 0 0 0 26250 12 9
18.675 1 GPS_SOL 795617152 100059 9999 0
18.694 1 NAVIGATION 0 2 10801716. -3566302. 1.29394907546e+14 1.29395570246e+14 0 0
18.759 1 ATTITUDE 2.787598 -1.391113 -0.242188
18.761 1 ESTIMATOR -17.000002 -0.
18.859 1 ATTITUDE 2.787842 -1.390137 -0.240723
18.865 1 DESIRED -0.74 0.1 5. 16. -45. 805. 2.
18.868 1 WP_MOVED 4 506374.40625 3566337.75 805. 12
18.871 1 IMU_GYRO 0.008301 0.033936 0.022217
18.876 1 NAVIGATION 0 2 10801716. -3566302. 1.29394907546e+14 1.29395570246e+14 0 0
18.911 1 GPS 0 1130805120 0 0 -17000 0 0 0 26500 12 10
18.944 1 NAVIGATION 0 2 10801716. -3566302. 1.29394907546e+14 1.29395570246e+14 0 0
18.959 1 ATTITUDE 2.787598 -1.390625 -0.241699
18.962 1 IMU_ACCEL 6.533203 -3.081055 -6.749023
18.964 1 DOWNLINK 2 824 998
18.989 1 DOWNLINK_STATUS 8 6585 295 0 884. 40. 2.76
19.059 1 ATTITUDE 2.789307 -1.391113 -0.242676
19.067 1 DESIRED -0.74 0.1 5. 16. -45. 805. 2.
19.159 1 ATTITUDE 2.78833 -1.388428 -0.244141
19.165 1 GPS 0 1130805120 0 0 -17000 0 0 0 26750 12 11
19.194 1 NAVIGATION 0 2 10801716. -3566302. 1.29394907546e+14 1.29395570246e+14 0 0
19.259 1 ATTITUDE 2.789307 -1.38916 -0.243896
19.265 1 DESIRED -0.74 0.1 5. 16. -45. 805. 2.
19.267 1 ESTIMATOR -17.000002 0.
19.359 1 ATTITUDE 2.789795 -1.394043 -0.246094
19.362 1 WP_MOVED 5 506402.3125 3566363.25 820. 12
19.365 1 STATE_FILTER_STATUS 3 0
19.412 1 GPS 0 1130805120 0 0 -17000 0 0 0 27250 12 12
19.445 1 NAVIGATION 0 2 10801716. -3566302. 1.29394907546e+14 1.29395570246e+14 0 0
19.459 1 ATTITUDE 2.794189 -1.394043 -0.245117
19.465 1 DESIRED -0.74 0.1 5. 16. -45. 805. 2.
19.468 1 IMU_GYRO -0.04248 -0.038086 0.014893
19.559 1 ATTITUDE 2.789551 -1.388916 -0.24585
19.561 1 DL_VALUE 6 100.
19.659 1 ATTITUDE 2.788574 -1.391357 -0.24585
19.665 1 DESIRED -0.74 0.1 5. 16. -45. 805. 2.
19.671 1 GPS 0 1130805120 0 0 -17000 0 0 0 27250 12 13
19.674 1 BAT 0 0 0 0 1 27 27 0
19.694 1 NAVIGATION 0 2 10801716. -3566302. 1.29394907546e+14 1.29395570246e+14 0 0
19.759 1 ATTITUDE 2.791748 -1.394043 -0.243164
19.761 1 ESTIMATOR -17.000002 1e-06
19.764 1 IMU_ACCEL 6.71582 -3.166992 -6.795898
19.768 1 IMU_MAG -1.708984 -0.445312 1.910645
19.859 1 ATTITUDE 2.789307 -1.394287 -0.243896
19.866 1 DESIRED -0.74 0.1 5. 16. -45. 805. 2.
19.868 1 WP_MOVED 6 506374.40625 3566337.75 820. 12
19.873 1 NAVIGATION 0 2 10801716. -3566302. 1.29394907546e+14 1.29395570246e+14 0 0
19.911 1 GPS 0 1130805120 0 0 -17000 0 0 0 27500 12 14
19.941 1 FBW_STATUS 2 0 1 0 0
19.946 1 NAVIGATION 0 2 10801716. -3566302. 1.29394907546e+14 1.29395570246e+14 0 0
19.959 1 ATTITUDE 2.787842 -1.393799 -0.244873
19.989 1 DOWNLINK_STATUS 9 7373 330 0 788. 35. 2.76
20.059 1 ATTITUDE 2.791016 -1.395752 -0.242188
20.065 1 DESIRED -0.74 0.1 5. 16. -45. 805. 2.
20.068 1 IMU_GYRO 0.016846 0.024414 0.027588
20.070 1 CALIBRATION -150. 0
20.159 1 ATTITUDE 2.789307 -1.394287 -0.245117
20.165 1 GPS 0 1130805120 0 0 -17000 0 0 0 27750 12 15
20.194 1 NAVIGATION 0 2 10801716. -3566302. 1.29394907546e+14 1.29395570246e+14 0 0
20.259 1 ATTITUDE 2.788574 -1.392578 -0.244141
20.265 1 DESIRED -0.74 0.1 5. 16. -45. 805. 2.
20.267 1 ESTIMATOR -17.000002 1e-06
20.359 1 ATTITUDE 2.791016 -1.39624 -0.244629
20.362 1 WP_MOVED 7 506350.5 3566270.75 805. 12
20.412 1 GPS 0 1130805120 0 0 -17000 0 0 0 28250 12 16
20.444 1 NAVIGATION 0 2 10801716. -3566302. 1.29394907546e+14 1.29395570246e+14 0 0
20.459 1 ATTITUDE 2.791504 -1.395508 -0.243164
20.465 1 DESIRED -0.74 0.1 5. 16. -45. 805. 2.
20.559 1 ATTITUDE 2.790771 -1.394287 -0.24292
20.562 1 IMU_ACCEL 6.691406 -3.282227 -6.563477
20.565 1 ENERGY 0. 0. 0 0.
20.568 1 NAVIGATION_REF 506335 3566302 12
20.659 1 ATTITUDE 2.79248 -1.396973 -0.242188
20.665 1 DESIRED -0.74 0.1 5. 16. -45. 805. 2.
20.670 1 GPS 0 1130805120 0 0 -17000 0 0 0 28250 12 1
20.674 1 IMU_GYRO 0. 0.001953 -0.045654
20.676 1 GPS_SOL 795617984 100065 9999 0
20.694 1 NAVIGATION 0 2 10801716. -3566302. 1.29394907546e+14 1.29395570246e+14 0 0
20.759 1 ATTITUDE 2.791504 -1.396729 -0.243896
20.761 1 ESTIMATOR -17.000002 2e-06
20.765 1 BAT 0 0 0 0 1 28 28 0
20.858 1 ATTITUDE 2.791992 -1.398926 -0.244385
20.865 1 DESIRED -0.74 0.1 5. 16. -45. 805. 2.
20.868 1 WP_MOVED 8 506254.8125 3566257.5 815. 12
20.873 1 NAVIGATION 0 2 10801716. -3566302. 1.29394907546e+14 1.29395570246e+14 0 0
20.911 1 GPS 0 1130805120 0 0 -17000 0 0 0 28500 12 2
20.944 1 NAVIGATION 0 2 10801716. -3566302. 1.29394907546e+14 1.29395570246e+14 0 0
20.959 1 ATTITUDE 2.791748 -1.401123 -0.241943
20.991 1 DOWNLINK_STATUS 10 8190 366 0 817. 36. 2.76
21.059 1 ATTITUDE 2.792725 -1.401123 -0.242676
21.065 1 DESIRED -0.74 0.1 5. 16. -45. 805. 2.
21.068 1 IMU_MAG -1.704102 -0.448242 1.913574
21.070 1 DL_VALUE 7 2.
21.159 1 ATTITUDE 2.791504 -1.400391 -0.243652
21.165 1 GPS 0 1130805120 0 0 -17000 0 0 0 28750 12 3
21.194 1 NAVIGATION 0 2 10801716. -3566302. 1.29394907546e+14 1.29395570246e+14 0 0
21.259 1 ATTITUDE 2.794434 -1.401367 -0.244141
21.265 1 DESIRED -0.74 0.1 5. 16. -45. 805. 2.
21.267 1 ESTIMATOR -17.000002 3e-06
21.270 1 IMU_GYRO 0.006348 0.027588 0.012695
21.359 1 ATTITUDE 2.793457 -1.398926 -0.248291
21.362 1 WP_MOVED 9 506213.8125 3566287.5 815. 12
21.365 1 IMU_ACCEL 6.663086 -3.114258 -6.548828
21.414 1 GPS 0 1130805120 0 0 -17000 0 0 0 29250 12 4
21.444 1 NAVIGATION 0 2 10801716. -3566302. 1.29394907546e+14 1.29395570246e+14 0 0
21.459 1 ATTITUDE 2.79541 -1.399414 -0.246582
21.465 1 DESIRED -0.74 0.1 5. 16. -45. 805. 2.
21.487 1 PONG 
21.559 1 ATTITUDE 2.792236 -1.400635 -0.247559
21.560 1 STATE_FILTER_STATUS 3 0
21.659 1 ATTITUDE 2.794922 -1.407959 -0.244873
21.665 1 DESIRED -0.74 0.1 5. 16. -45. 805. 2.
21.670 1 GPS 0 1130805120 0 0 -17000 0 0 0 29250 12 5
21.694 1 NAVIGATION 0 2 10801716. -3566302. 1.29394907546e+14 1.29395570246e+14 0 0
21.759 1 ATTITUDE 2.796631 -1.40918 -0.244629
21.761 1 ESTIMATOR -17.000002 3e-06
21.859 1 ATTITUDE 2.794922 -1.409912 -0.246094
21.865 1 DESIRED -0.74 0.1 5. 16. -45. 805. 2.
21.868 1 WP_MOVED 0 506377. 3566344. 757. 12
21.871 1 IMU_GYRO 0.010498 -0.05835 -0.145752
21.876 1 NAVIGATION 0 2 10801716. -3566302. 1.29394907546e+14 1.29395570246e+14 0 0
21.915 1 GPS 0 1130805120 0 0 -17000 0 0 0 29500 12 6
21.941 1 FBW_STATUS 2 0 1 0 0
21.946 1 NAVIGATION 0 2 10801716. -3566302. 1.29394907546e+14 1.29395570246e+14 0 0
21.959 1 ATTITUDE 2.800781 -1.413574 -0.249512
21.991 1 DOWNLINK_STATUS 11 8982 402 0 792. 36. 2.53
22.005 1 SETTING 1 7 2.
22.011 1 DL_VALUE 7 2.
22.042 1 COMMANDS 0,9600,-1910,0
22.061 1 ATTITUDE 2.797852 -1.406982 -0.247314
22.065 1 DESIRED -0.74 0.1 5. 16. -45. 805. 2.
22.142 1 ACTUATORS 1000,1805,1645,1500
22.160 1 ATTITUDE 2.79541 -1.409912 -0.249756
22.164 1 GPS 0 1130805120 0 0 -17000 0 0 0 29750 12 7
22.168 1 IMU_ACCEL 6.442383 -2.990234 -6.411133
22.168 1 CALIBRATION -150. 0
22.194 1 NAVIGATION 0 2 10801716. -3566302. 1.29394907546e+14 1.29395570246e+14 0 0
22.259 1 ATTITUDE 2.798828 -1.413818 -0.24585
22.265 1 DESIRED -0.74 0.1 5. 16. -45. 805. 2.
22.267 1 ESTIMATOR -17.000002 4e-06
22.359 1 ATTITUDE 2.797607 -1.414307 -0.243652
22.362 1 WP_MOVED 1 506335. 3566302. 765. 12
22.365 1 IMU_MAG -1.714355 -0.451172 1.904785
22.411 1 GPS 0 1130805120 0 0 -17000 0 0 0 30250 12 8
22.444 1 NAVIGATION 0 2 10801716. -3566302. 1.29394907546e+14 1.29395570246e+14 0 0
22.458 1 ATTITUDE 2.799316 -1.415527 -0.244385
22.465 1 DESIRED -0.74 0.1 5. 16. -45. 805. 2.
22.467 1 IMU_GYRO 0. -0.032959 0.016846
22.558 1 ATTITUDE 2.797363 -1.411865 -0.244873
22.560 1 DL_VALUE 8 0.
22.659 1 ATTITUDE 2.796875 -1.40918 -0.245117
22.665 1 DESIRED -0.74 0.1 5. 16. -45. 805. 2.
22.670 1 GPS 0 1130805120 0 0 -17000 0 0 0 30250 12 9
22.673 1 GPS_SOL 795618880 100070 9999 0
22.694 1 NAVIGATION 0 2 10801716. -3566302. 1.29394907546e+14 1.29395570246e+14 0 0
22.759 1 ATTITUDE 2.798828 -1.4104 -0.244385
22.761 1 ESTIMATOR -17. 4e-06
22.859 1 ATTITUDE 2.799072 -1.408203 -0.243896
22.865 1 DESIRED -0.74 0.1 5. 16. -45. 805. 2.
22.868 1 WP_MOVED 2 506254.8125 3566257.5 815. 12
22.873 1 NAVIGATION 0 2 10801716. -3566302. 1.29394907546e+14 1.29395570246e+14 0 0
22.911 1 GPS 0 1130805120 0 0 -17000 0 0 0 30500 12 10
22.944 1 NAVIGATION 0 2 10801716. -3566302. 1.29394907546e+14 1.29395570246e+14 0 0
22.959 1 ATTITUDE 2.799072 -1.408203 -0.244141
22.962 1 IMU_ACCEL 6.432617 -2.951172 -6.510742
22.965 1 BAT 0 0 0 0 1 31 31 0
22.992 1 DOWNLINK_STATUS 12 9834 441 0 852. 39. 2.53
23.059 1 ATTITUDE 2.799072 -1.404541 -0.244873
23.065 1 DESIRED -0.74 0.1 5. 16. -45. 805. 2.
23.068 1 IMU_GYRO -0.016846 -0.007324 -0.011475
23.071 1 ENERGY 0. 0. 0 0.
23.159 1 ATTITUDE 2.799316 -1.402832 -0.244629
23.164 1 GPS 0 1130805120 0 0 -17000 0 0 0 30750 12 11
23.168 1 ALIVE 174,222,138,243,180,132,213,161,20,137,147,153,212,68,69,225
23.193 1 NAVIGATION 0 2 10801716. -3566302. 1.29394907546e+14 1.29395570246e+14 0 0
23.259 1 ATTITUDE 2.800293 -1.401611 -0.243164
23.265 1 DESIRED -0.74 0.1 5. 16. -45. 805. 2.
23.267 1 ESTIMATOR -16.999998 3e-06
23.269 1 PPRZ_MODE 2 3 3 0 0 6
23.359 1 ATTITUDE 2.799561 -1.399658 -0.244385
23.362 1 WP_MOVED 3 506350.5 3566257. 805. 12
23.411 1 GPS 0 1130805120 0 0 -17000 0 0 0 31250 12 12
23.443 1 NAVIGATION 0 2 10801716. -3566302. 1.29394907546e+14 1.29395570246e+14 0 0
23.459 1 ATTITUDE 2.798584 -1.397461 -0.244629
23.465 1 DESIRED -0.74 0.1 5. 16. -45. 805. 2.
23.559 1 ATTITUDE 2.798096 -1.398193 -0.245361
23.659 1 ATTITUDE 2.79834 -1.403076 -0.243652
23.665 1 DESIRED -0.74 0.1 5. 16. -45. 805. 2.
23.670 1 GPS 0 1130805120 0 0 -17000 0 0 0 31250 12 13
23.673 1 IMU_GYRO 0.019043 0.00415 -0.086182
23.677 1 IMU_MAG -1.716797 -0.448242 1.895996
23.693 1 NAVIGATION 0 2 10801716. -3566302. 1.29394907546e+14 1.29395570246e+14 0 0
23.759 1 ATTITUDE 2.802979 -1.404297 -0.246582
23.761 1 ESTIMATOR -16.999998 3e-06
23.763 1 WIND_INFO 1 42 0. 0. 0.
23.764 1 IMU_ACCEL 6.77832 -2.990234 -6.729492
23.766 1 STATE_FILTER_STATUS 3 0
23.859 1 ATTITUDE 2.803467 -1.398193 -0.246826
23.865 1 DESIRED -0.74 0.1 5. 16. -45. 805. 2.
23.868 1 WP_MOVED 4 506374.40625 3566337.75 805. 12
23.873 1 NAVIGATION 0 2 10801716. -3566302. 1.29394907546e+14 1.29395570246e+14 0 0
23.911 1 GPS 0 1130805120 0 0 -17000 0 0 0 31500 12 14
23.940 1 FBW_STATUS 2 0 1 0 0
23.946 1 NAVIGATION 0 2 10801716. -3566302. 1.29394907546e+14 1.29395570246e+14 0 0
23.959 1 ATTITUDE 2.801514 -1.39502 -0.249023
23.992 1 DOWNLINK_STATUS 13 10664 478 0 830. 37. 2.53
24.059 1 ATTITUDE 2.806396 -1.396484 -0.244873
24.065 1 DESIRED -0.74 0.1 5. 16. -45. 805. 2.
24.068 1 BAT 0 0 0 0 1 32 32 0
24.069 1 DL_VALUE 9 1.
24.071 1 DOWNLINK 3 818 1186
24.159 1 ATTITUDE 2.803223 -1.398682 -0.243896
24.164 1 GPS 0 1130805120 0 0 -17000 0 0 0 31750 12 15
24.194 1 NAVIGATION 0 2 10801716. -3566302. 1.29394907546e+14 1.29395570246e+14 0 0
24.259 1 ATTITUDE 2.807861 -1.407715 -0.239258
24.264 1 DESIRED -0.74 0.1 5. 16. -45. 805. 2.
24.267 1 ESTIMATOR -16.999998 2e-06
24.270 1 IMU_GYRO 0.067871 0.046631 -0.030762
24.272 1 CALIBRATION -150. 0
24.359 1 ATTITUDE 2.806152 -1.411865 -0.239014
24.362 1 WP_MOVED 5 506402.3125 3566363.25 820. 12
24.411 1 GPS 0 1130805120 0 0 -17000 0 0 0 32250 12 16
24.443 1 NAVIGATION 0 2 10801716. -3566302. 1.29394907546e+14 1.29395570246e+14 0 0
24.458 1 ATTITUDE 2.810059 -1.41626 -0.235596
24.464 1 DESIRED -0.74 0.1 5. 16. -45. 805. 2.
24.560 1 ATTITUDE 2.80835 -1.414062 -0.236084
24.563 1 IMU_ACCEL 6.552734 -2.946289 -6.663086
24.659 1 ATTITUDE 2.80835 -1.412842 -0.236816
24.665 1 DESIRED -0.74 0.1 5. 16. -45. 805. 2.
24.678 1 GPS 0 1130805120 0 0 -17000 0 0 0 32250 12 1
24.678 1 GPS_SOL 795619840 100076 9999 0
24.693 1 NAVIGATION 0 2 10801716. -3566302. 1.29394907546e+14 1.29395570246e+14 0 0
24.759 1 ATTITUDE 2.808838 -1.412109 -0.235596
24.761 1 ESTIMATOR -16.999998 2e-06
24.859 1 ATTITUDE 2.809326 -1.411133 -0.23584
24.864 1 DESIRED -0.74 0.1 5. 16. -45. 805. 2.
24.868 1 WP_MOVED 6 506374.40625 3566337.75 820. 12
24.871 1 IMU_GYRO -0.012695 -0.024414 -0.041504
24.876 1 NAVIGATION 0 2 10801716. -3566302. 1.29394907546e+14 1.29395570246e+14 0 0
24.911 1 GPS 0 1130805120 0 0 -17000 0 0 0 32500 12 2
24.943 1 NAVIGATION 0 2 10801716. -3566302. 1.29394907546e+14 1.29395570246e+14 0 0
24.959 1 ATTITUDE 2.80835 -1.407471 -0.237793
24.963 1 IMU_MAG -1.714355 -0.451172 1.933594
24.993 1 DOWNLINK_STATUS 14 11486 515 0 822. 37. 2.53
25.059 1 ATTITUDE 2.808594 -1.403809 -0.237549
25.065 1 DESIRED -0.74 0.1 5. 16. -45. 805. 2.
25.159 1 ATTITUDE 2.807617 -1.402832 -0.238281
25.164 1 GPS 0 1130805120 0 0 -17000 0 0 0 32750 12 3
25.168 1 BAT 0 0 0 0 1 33 33 0
25.193 1 NAVIGATION 0 2 10801716. -3566302. 1.29394907546e+14 1.29395570246e+14 0 0
25.259 1 ATTITUDE 2.809814 -1.403809 -0.237305
25.264 1 DESIRED -0.74 0.1 5. 16. -45. 805. 2.
25.267 1 ESTIMATOR -16.999998 1e-06
25.359 1 ATTITUDE 2.807617 -1.401367 -0.239014
25.362 1 WP_MOVED 7 506350.5 3566270.75 805. 12
25.365 1 IMU_ACCEL 6.5 -2.975586 -6.786133
25.411 1 GPS 0 1130805120 0 0 -17000 0 0 0 33250 12 4
25.443 1 NAVIGATION 0 2 10801716. -3566302. 1.29394907546e+14 1.29395570246e+14 0 0
25.459 1 ATTITUDE 2.80835 -1.400879 -0.238281
25.464 1 DESIRED -0.74 0.1 5. 16. -45. 805. 2.
25.468 1 IMU_GYRO -0.036133 -0.056396 -0.026367
25.559 1 ATTITUDE 2.80957 -1.398682 -0.237793
25.560 1 DL_VALUE 10 0.
25.564 1 ENERGY 0. 0. 0 0.
25.659 1 ATTITUDE 2.810059 -1.39624 -0.237061
25.664 1 DESIRED -0.74 0.1 5. 16. -45. 805. 2.
25.670 1 GPS 0 1130805120 0 0 -17000 0 0 0 33250 12 5
25.693 1 NAVIGATION 0 2 10801716. -3566302. 1.29394907546e+14 1.29395570246e+14 0 0
25.758 1 ATTITUDE 2.807129 -1.394531 -0.238281
25.761 1 ESTIMATOR -16.999998 0.
25.859 1 ATTITUDE 2.811279 -1.401611 -0.237793
25.864 1 DESIRED -0.74 0.1 5. 16. -45. 805. 2.
25.868 1 WP_MOVED 8 506254.8125 3566257.5 815. 12
25.872 1 NAVIGATION 0 2 10801716. -3566302. 1.29394907546e+14 1.29395570246e+14 0 0
25.911 1 GPS 0 1130805120 0 0 -17000 0 0 0 33500 12 6
25.941 1 FBW_STATUS 2 0 1 0 0
25.946 1 NAVIGATION 0 2 10801716. -3566302. 1.29394907546e+14 1.29395570246e+14 0 0
25.959 1 ATTITUDE 2.810791 -1.397949 -0.236328
25.960 1 STATE_FILTER_STATUS 3 0
25.994 1 DOWNLINK_STATUS 15 12276 550 0 790. 35. 2.53
26.058 1 ATTITUDE 2.808105 -1.397217 -0.236328
26.063 1 DESIRED -0.74 0.1 5. 16. -45. 805. 2.
26.068 1 IMU_GYRO 0.033936 0.013672 -0.012695
26.158 1 ATTITUDE 2.811768 -1.401855 -0.235596
26.164 1 GPS 0 1130805120 0 0 -17000 0 0 0 33750 12 7
26.167 1 IMU_ACCEL 6.667969 -2.875 -6.749023
26.194 1 NAVIGATION 0 2 10801716. -3566302. 1.29394907546e+14 1.29395570246e+14 0 0
26.258 1 ATTITUDE 2.811279 -1.398682 -0.235352
26.264 1 DESIRED -0.74 0.1 5. 16. -45. 805. 2.
26.267 1 ESTIMATOR -16.999998 -0.
26.270 1 BAT 0 0 0 0 1 34 34 0
26.273 1 IMU_MAG -1.711914 -0.448242 1.953613
26.358 1 ATTITUDE 2.810547 -1.398193 -0.237793
26.362 1 WP_MOVED 9 506213.8125 3566287.5 815. 12
26.364 1 CALIBRATION -150. 0
26.411 1 GPS 0 1130805120 0 0 -17000 0 0 0 34250 12 8
26.443 1 NAVIGATION 0 2 10801716. -3566302. 1.29394907546e+14 1.29395570246e+14 0 0
26.458 1 ATTITUDE 2.811279 -1.400146 -0.237793
26.464 1 DESIRED -0.74 0.1 5. 16. -45. 805. 2.
26.488 1 PONG 
26.515 1 SETTING 1 7 2.
26.521 1 DL_VALUE 7 2.
26.558 1 ATTITUDE 2.812256 -1.400635 -0.236816
26.658 1 ATTITUDE 2.810547 -1.400635 -0.236572
26.664 1 DESIRED -0.74 0.1 5. 16. -45. 805. 2.
26.670 1 GPS 0 1130805120 0 0 -17000 0 0 0 34250 12 9
26.673 1 IMU_GYRO 0.001953 -0.001953 -0.027588
26.675 1 GPS_SOL 795620928 100082 9999 0
26.693 1 NAVIGATION 0 2 10801716. -3566302. 1.29394907546e+14 1.29395570246e+14 0 0
26.758 1 ATTITUDE 2.809814 -1.401123 -0.236816
26.761 1 ESTIMATOR -16.999998 -1e-06
26.859 1 ATTITUDE 2.813232 -1.405029 -0.235596
26.864 1 DESIRED -0.74 0.1 5. 16. -45. 805. 2.
26.868 1 WP_MOVED 0 506377. 3566344. 757. 12
26.872 1 NAVIGATION 0 2 10801716. -3566302. 1.29394907546e+14 1.29395570246e+14 0 0
26.911 1 GPS 0 1130805120 0 0 -17000 0 0 0 34500 12 10
26.943 1 NAVIGATION 0 2 10801716. -3566302. 1.29394907546e+14 1.29395570246e+14 0 0
26.958 1 ATTITUDE 2.812256 -1.401855 -0.234619
26.962 1 IMU_ACCEL 6.677734 -3.081055 -6.772461
26.994 1 DOWNLINK_STATUS 16 13111 588 0 835. 38. 2.56
27.041 1 COMMANDS 0,9600,-1844,0
27.058 1 ATTITUDE 2.811523 -1.403076 -0.234863
27.064 1 DESIRED -0.74 0.1 5. 16. -45. 805. 2.
27.066 1 DL_VALUE 11 1.
27.141 1 ACTUATORS 1000,1801,1648,1500
27.158 1 ATTITUDE 2.808838 -1.403076 -0.233154
27.164 1 GPS 0 1130805120 0 0 -17000 0 0 0 34750 12 11
27.193 1 NAVIGATION 0 2 10801716. -3566302. 1.29394907546e+14 1.29395570246e+14 0 0
27.258 1 ATTITUDE 2.813965 -1.406494 -0.231445
27.264 1 DESIRED -0.74 0.1 5. 16. -45. 805. 2.
27.267 1 ESTIMATOR -16.999998 -1e-06
27.270 1 IMU_GYRO -0.016846 -0.057373 0.030762
27.358 1 ATTITUDE 2.810547 -1.402344 -0.231934
27.362 1 WP_MOVED 1 506335. 3566302. 765. 12
27.365 1 BAT 0 0 0 0 1 35 35 0
27.411 1 GPS 0 1130805120 0 0 -17000 0 0 0 35250 12 12
27.443 1 NAVIGATION 0 2 10801716. -3566302. 1.29394907546e+14 1.29395570246e+14 0 0
27.458 1 ATTITUDE 2.808838 -1.403076 -0.233643
27.464 1 DESIRED -0.74 0.1 5. 16. -45. 805. 2.
27.558 1 ATTITUDE 2.811279 -1.404541 -0.231689
27.561 1 IMU_MAG -1.706543 -0.457031 1.924805
27.658 1 ATTITUDE 2.810059 -1.400879 -0.233154
27.664 1 DESIRED -0.74 0.1 5. 16. -45. 805. 2.
27.670 1 GPS 0 1130805120 0 0 -17000 0 0 0 35250 12 13
27.693 1 NAVIGATION 0 2 10801716. -3566302. 1.29394907546e+14 1.29395570246e+14 0 0
27.758 1 ATTITUDE 2.811768 -1.401123 -0.232178
27.761 1 ESTIMATOR -16.999998 -2e-06
27.764 1 IMU_ACCEL 6.523438 -2.975586 -6.881836
27.858 1 ATTITUDE 2.811523 -1.400391 -0.232178
27.864 1 DESIRED -0.74 0.1 5. 16. -45. 805. 2.
27.868 1 WP_MOVED 2 506254.8125 3566257.5 815. 12
27.871 1 IMU_GYRO -0.00415 -0.018066 -0.024414
27.875 1 NAVIGATION 0 2 10801716. -3566302. 1.29394907546e+14 1.29395570246e+14 0 0
27.911 1 GPS 0 1130805120 0 0 -17000 0 0 0 35500 12 14
27.941 1 FBW_STATUS 2 0 1 0 0
27.946 1 NAVIGATION 0 2 10801716. -3566302. 1.29394907546e+14 1.29395570246e+14 0 0
27.958 1 ATTITUDE 2.810303 -1.398438 -0.233154
27.994 1 DOWNLINK_STATUS 17 13938 625 0 827. 37. 2.56
28.058 1 ATTITUDE 2.810547 -1.39917 -0.234375
28.064 1 DESIRED -0.74 0.1 5. 16. -45. 805. 2.
28.068 1 ENERGY 0. 0. 0 0.
28.158 1 ATTITUDE 2.810791 -1.39917 -0.232178
28.164 1 GPS 0 1130805120 0 0 -17000 0 0 0 36000 12 15
28.166 1 STATE_FILTER_STATUS 3 0
28.170 1 ALIVE 174,222,138,243,180,132,213,161,20,137,147,153,212,68,69,225
28.193 1 NAVIGATION 0 2 10801716. -3566302. 1.29394907546e+14 1.29395570246e+14 0 0
28.258 1 ATTITUDE 2.811523 -1.400879 -0.232178
28.264 1 DESIRED -0.74 0.1 5. 16. -45. 805. 2.
28.267 1 ESTIMATOR -16.999998 -2e-06
28.269 1 PPRZ_MODE 2 3 3 0 0 6
28.358 1 ATTITUDE 2.810791 -1.401367 -0.231689
28.362 1 WP_MOVED 3 506350.5 3566257. 805. 12
28.411 1 GPS 0 1130805120 0 0 -17000 0 0 0 36250 12 16
28.443 1 NAVIGATION 0 2 10801716. -3566302. 1.29394907546e+14 1.29395570246e+14 0 0
28.458 1 ATTITUDE 2.812256 -1.400879 -0.231934
28.464 1 DESIRED -0.74 0.1 5. 16. -45. 805. 2.
28.467 1 IMU_GYRO -0.038086 -0.052002 -0.024414
28.471 1 BAT 0 0 0 0 1 36 36 0
28.473 1 CALIBRATION -150. 0
28.558 1 ATTITUDE 2.811279 -1.398193 -0.233154
28.561 1 IMU_ACCEL 6.442383 -3.085938 -6.719727
28.563 1 DL_VALUE 0 0.
28.658 1 ATTITUDE 2.814209 -1.399902 -0.23291
28.664 1 DESIRED -0.74 0.1 5. 16. -45. 805. 2.
28.670 1 GPS 0 1130805120 0 0 -17000 0 0 0 36250 12 1
28.673 1 GPS_SOL 795622080 100087 9999 0
28.693 1 NAVIGATION 0 2 10801716. -3566302. 1.29394907546e+14 1.29395570246e+14 0 0
28.758 1 ATTITUDE 2.811279 -1.395264 -0.235352
28.761 1 ESTIMATOR -16.999998 -3e-06
28.858 1 ATTITUDE 2.812256 -1.396484 -0.235596
28.864 1 DESIRED -0.74 0.1 5. 16. -45. 805. 2.
28.868 1 WP_MOVED 4 506374.40625 3566337.75 805. 12
28.872 1 NAVIGATION 0 2 10801716. -3566302. 1.29394907546e+14 1.29395570246e+14 0 0
28.875 1 IMU_MAG -1.711914 -0.46582 1.921875
28.911 1 GPS 0 1130805120 0 0 -17000 0 0 0 36500 12 2
28.943 1 NAVIGATION 0 2 10801716. -3566302. 1.29394907546e+14 1.29395570246e+14 0 0
28.958 1 ATTITUDE 2.812744 -1.395752 -0.234863
28.995 1 DOWNLINK_STATUS 18 14795 664 0 857. 39. 2.56
29.058 1 ATTITUDE 2.811523 -1.394531 -0.234863
29.064 1 DESIRED -0.74 0.1 5. 16. -45. 805. 2.
29.067 1 IMU_GYRO -0.008301 0.001953 -0.018066
29.158 1 ATTITUDE 2.812988 -1.397461 -0.233154
29.164 1 GPS 0 1130805120 0 0 -17000 0 0 0 36750 12 3
29.166 1 DOWNLINK 3 817 1373
29.193 1 NAVIGATION 0 2 10801716. -3566302. 1.29394907546e+14 1.29395570246e+14 0 0
29.258 1 ATTITUDE 2.8125 -1.399902 -0.233154
29.264 1 DESIRED -0.74 0.1 5. 16. -45. 805. 2.
29.267 1 ESTIMATOR -16.999998 -4e-06
29.360 1 ATTITUDE 2.811279 -1.399658 -0.232178
29.362 1 WP_MOVED 5 506402.3125 3566363.25 820. 12
29.365 1 IMU_ACCEL 6.638672 -2.985352 -6.923828
29.411 1 GPS 0 1130805120 0 0 -17000 0 0 0 37250 12 4
29.443 1 NAVIGATION 0 2 10801716. -3566302. 1.29394907546e+14 1.29395570246e+14 0 0
29.458 1 ATTITUDE 2.812256 -1.399658 -0.231445
29.464 1 DESIRED -0.74 0.1 5. 16. -45. 805. 2.
29.558 1 ATTITUDE 2.812988 -1.399902 -0.230225
29.562 1 BAT 0 0 0 0 1 37 37 0
29.564 1 NAVIGATION_REF 506335 3566302 12
29.658 1 ATTITUDE 2.8125 -1.400146 -0.230469
29.664 1 DESIRED -0.74 0.1 5. 16. -45. 805. 2.
29.670 1 GPS 0 1130805120 0 0 -17000 0 0 0 37250 12 5
29.673 1 IMU_GYRO -0.010498 -0.016846 -0.015869
29.693 1 NAVIGATION 0 2 10801716. -3566302. 1.29394907546e+14 1.29395570246e+14 0 0
29.758 1 ATTITUDE 2.814453 -1.39917 -0.229248
29.761 1 ESTIMATOR -17. -4e-06
29.858 1 ATTITUDE 2.812012 -1.397705 -0.229736
29.864 1 DESIRED -0.74 0.1 5. 16. -45. 805. 2.
29.868 1 WP_MOVED 6 506374.40625 3566337.75 820. 12
29.872 1 NAVIGATION 0 2 10801716. -3566302. 1.29394907546e+14 1.29395570246e+14 0 0
29.911 1 GPS 0 1130805120 0 0 -17000 0 0 0 37500 12 6
29.941 1 FBW_STATUS 2 0 1 0 0
29.945 1 NAVIGATION 0 2 10801716. -3566302. 1.29394907546e+14 1.29395570246e+14 0 0
29.958 1 ATTITUDE 2.814697 -1.397705 -0.229492
29.995 1 DOWNLINK_STATUS 19 15589 699 0 794. 35. 2.56
30.058 1 ATTITUDE 2.813232 -1.39502 -0.229736
30.064 1 DESIRED -0.74 0.1 5. 16. -45. 805. 2.
30.066 1 DL_VALUE 1 0.
30.158 1 ATTITUDE 2.813721 -1.39624 -0.229248
30.164 1 GPS 0 1130805120 0 0 -17000 0 0 0 38000 12 7
30.167 1 IMU_ACCEL 6.508789 -2.980469 -6.749023
30.170 1 IMU_MAG -1.708984 -0.459961 1.933594
30.193 1 NAVIGATION 0 2 10801716. -3566302. 1.29394907546e+14 1.29395570246e+14 0 0
30.258 1 ATTITUDE 2.811768 -1.395996 -0.230225
30.264 1 DESIRED -0.74 0.1 5. 16. -45. 805. 2.
30.267 1 ESTIMATOR -17.000002 -3e-06
30.270 1 IMU_GYRO -0.029785 -0.046631 -0.063721
30.358 1 ATTITUDE 2.812256 -1.395996 -0.229736
30.364 1 WP_MOVED 7 506350.5 3566270.75 805. 12
30.364 1 STATE_FILTER_STATUS 3 0
30.411 1 GPS 0 1130805120 0 0 -17000 0 0 0 38000 12 8
30.443 1 NAVIGATION 0 2 10801716. -3566302. 1.29394907546e+14 1.29395570246e+14 0 0
30.457 1 ATTITUDE 2.814697 -1.396973 -0.22876
30.464 1 DESIRED -0.74 0.1 5. 16. -45. 805. 2.
30.558 1 ATTITUDE 2.813232 -1.394775 -0.229248
30.560 1 CALIBRATION -150. 0
30.564 1 ENERGY 0. 0. 0 0.
30.658 1 ATTITUDE 2.813477 -1.393799 -0.229736
30.664 1 DESIRED -0.74 0.1 5. 16. -45. 805. 2.
30.670 1 GPS 0 1130805120 0 0 -17000 0 0 0 38250 12 9
30.672 1 BAT 0 0 0 0 1 38 38 0
30.675 1 GPS_SOL 795623232 100093 9999 0
30.693 1 NAVIGATION 0 2 10801716. -3566302. 1.29394907546e+14 1.29395570246e+14 0 0
30.758 1 ATTITUDE 2.813721 -1.395264 -0.229736
30.761 1 ESTIMATOR -17.000002 -3e-06
30.858 1 ATTITUDE 2.815186 -1.396484 -0.230225
30.864 1 DESIRED -0.74 0.1 5. 16. -45. 805. 2.
30.868 1 WP_MOVED 8 506254.8125 3566257.5 815. 12
30.871 1 IMU_GYRO -0.025391 0.003174 0.026367
30.875 1 NAVIGATION 0 2 10801716. -3566302. 1.29394907546e+14 1.29395570246e+14 0 0
30.911 1 GPS 0 1130805120 0 0 -17000 0 0 0 38500 12 10
30.943 1 NAVIGATION 0 2 10801716. -3566302. 1.29394907546e+14 1.29395570246e+14 0 0
30.958 1 ATTITUDE 2.815918 -1.393066 -0.22998
30.962 1 IMU_ACCEL 6.638672 -2.96582 -6.886719
30.996 1 DOWNLINK_STATUS 20 16447 738 0 858. 39. 2.56
31.058 1 ATTITUDE 2.814209 -1.391846 -0.231445
31.064 1 DESIRED -0.74 0.1 5. 16. -45. 805. 2.
31.158 1 ATTITUDE 2.816406 -1.393799 -0.232666
31.164 1 GPS 0 1130805120 0 0 -17000 0 0 0 38750 12 11
31.193 1 NAVIGATION 0 2 10801716. -3566302. 1.29394907546e+14 1.29395570246e+14 0 0
31.258 1 ATTITUDE 2.816406 -1.392334 -0.231934
31.264 1 DESIRED -0.74 0.1 5. 16. -45. 805. 2.
31.267 1 ESTIMATOR -17.000002 -2e-06
31.358 1 ATTITUDE 2.814697 -1.390869 -0.234863
31.362 1 WP_MOVED 9 506213.8125 3566287.5 815. 12
31.411 1 GPS 0 1130805120 0 0 -17000 0 0 0 39250 12 12
31.443 1 NAVIGATION 0 2 10801716. -3566302. 1.29394907546e+14 1.29395570246e+14 0 0
31.457 1 ATTITUDE 2.818848 -1.396973 -0.228271
31.464 1 DESIRED -0.74 0.1 5. 16. -45. 805. 2.
31.467 1 IMU_GYRO 0.010498 -0.02124 -0.073242
31.470 1 IMU_MAG -1.706543 -0.47168 1.942383
31.489 1 PONG 
31.558 1 ATTITUDE 2.819824 -1.400391 -0.230469
31.560 1 DL_VALUE 2 805.
31.658 1 ATTITUDE 2.808838 -1.395508 -0.230469
31.664 1 DESIRED -0.74 0.1 5. 16. -45. 805. 2.
31.670 1 GPS 0 1130805120 0 0 -17000 0 0 0 39250 12 13
31.693 1 NAVIGATION 0 2 10801716. -3566302. 1.29394907546e+14 1.29395570246e+14 0 0
31.758 1 ATTITUDE 2.822998 -1.4021 -0.229248
31.761 1 ESTIMATOR -17.000002 -2e-06
31.764 1 IMU_ACCEL 6.710938 -2.941406 -6.667969
31.767 1 BAT 0 0 0 0 1 39 39 0
31.858 1 ATTITUDE 2.82959 -1.4104 -0.217041
31.864 1 DESIRED -0.74 0.1 5. 16. -45. 805. 2.
31.868 1 WP_MOVED 0 506377. 3566344. 757. 12
31.872 1 NAVIGATION 0 2 10801716. -3566302. 1.29394907546e+14 1.29395570246e+14 0 0
31.911 1 GPS 0 1130805120 0 0 -17000 0 0 0 39500 12 14
31.941 1 FBW_STATUS 2 0 1 0 0
31.945 1 NAVIGATION 0 2 10801716. -3566302. 1.29394907546e+14 1.29395570246e+14 0 0
31.958 1 ATTITUDE 2.826172 -1.399902 -0.223877
31.997 1 DOWNLINK_STATUS 21 17232 773 0 785. 35. 2.63
32.041 1 COMMANDS 0,9600,-1767,0
32.058 1 ATTITUDE 2.811035 -1.394043 -0.220215
32.064 1 DESIRED -0.74 0.1 5. 16. -45. 805. 2.
32.067 1 IMU_GYRO -0.051025 -0.384033 -0.040283
32.141 1 ACTUATORS 1000,1798,1651,1500
32.158 1 ATTITUDE 2.819336 -1.397949 -0.224365
32.164 1 GPS 0 1130805120 0 0 -17000 0 0 0 40000 12 15
32.193 1 NAVIGATION 0 2 10801716. -3566302. 1.29394907546e+14 1.29395570246e+14 0 0
32.258 1 ATTITUDE 2.826904 -1.416016 -0.242676
32.264 1 DESIRED -0.74 0.1 5. 16. -45. 805. 2.
32.266 1 ESTIMATOR -17.000002 -1e-06
32.358 1 ATTITUDE 2.894775 -1.477539 -0.169434
32.362 1 WP_MOVED 1 506335. 3566302. 765. 12
32.411 1 GPS 0 1130805120 0 0 -17000 0 0 0 40250 12 16
32.443 1 NAVIGATION 0 2 10801716. -3566302. 1.29394907546e+14 1.29395570246e+14 0 0
32.458 1 ATTITUDE 2.985596 -1.520264 -0.125977
32.464 1 DESIRED -0.74 0.1 5. 16. -45. 805. 2.
32.558 1 ATTITUDE 2.891846 -1.44873 -0.19751
32.561 1 IMU_ACCEL 5.985352 -2.005859 -8.358398
32.563 1 STATE_FILTER_STATUS 3 0
32.658 1 ATTITUDE 2.906982 -1.434326 -0.176514
32.664 1 DESIRED -0.74 0.1 5. 16. -45. 805. 2.
32.670 1 GPS 0 1130805120 0 0 -17000 0 0 0 40250 12 1
32.673 1 IMU_GYRO 0.108398 -0.033936 0.280762
32.677 1 GPS_SOL 795624576 100099 9999 0
32.693 1 NAVIGATION 0 2 10801716. -3566302. 1.29394907546e+14 1.29395570246e+14 0 0
32.759 1 ATTITUDE 2.906006 -1.429443 -0.174316
32.761 1 ESTIMATOR -17.000002 -0.
32.764 1 IMU_MAG -1.729004 -0.593262 1.991211
32.858 1 ATTITUDE 2.904785 -1.424072 -0.206055
32.865 1 DESIRED -0.74 0.1 5. 16. -45. 805. 2.
32.867 1 WP_MOVED 2 506254.8125 3566257.5 815. 12
32.872 1 NAVIGATION 0 2 10801716. -3566302. 1.29394907546e+14 1.29395570246e+14 0 0
32.875 1 BAT 0 0 0 0 1 40 40 0
32.911 1 GPS 0 1130805120 0 0 -17000 0 0 0 40500 12 2
32.943 1 NAVIGATION 0 2 10801716. -3566302. 1.29394907546e+14 1.29395570246e+14 0 0
32.958 1 ATTITUDE 2.924072 -1.422607 -0.224365
32.998 1 DOWNLINK_STATUS 22 18060 810 0 828. 37. 2.63
33.058 1 ATTITUDE 2.92334 -1.405273 -0.240234
33.064 1 DESIRED -0.74 0.1 5. 16. -45. 805. 2.
33.066 1 DL_VALUE 3 0.
33.071 1 ENERGY 0. 0. 0 0.
33.158 1 ATTITUDE 2.92749 -1.391846 -0.252441
33.164 1 GPS 0 1130805120 0 0 -17000 0 0 0 40750 12 3
33.168 1 ALIVE 174,222,138,243,180,132,213,161,20,137,147,153,212,68,69,225
33.193 1 NAVIGATION 0 2 10801716. -3566302. 1.29394907546e+14 1.29395570246e+14 0 0
33.258 1 ATTITUDE 2.926025 -1.37915 -0.253174
33.264 1 DESIRED -0.74 0.1 5. 16. -45. 805. 2.
33.266 1 ESTIMATOR -17.000002 0.
33.269 1 IMU_GYRO -0.087158 0.049805 0.069092
33.272 1 PPRZ_MODE 2 3 3 0 0 6
33.358 1 ATTITUDE 2.930664 -1.385254 -0.262451
33.362 1 WP_MOVED 3 506350.5 3566257. 805. 12
33.365 1 IMU_ACCEL 7.081055 -1.933594 -6.714844
33.411 1 GPS 0 1130805120 0 0 -17000 0 0 0 41250 12 4
33.443 1 NAVIGATION 0 2 10801716. -3566302. 1.29394907546e+14 1.29395570246e+14 0 0
33.458 1 ATTITUDE 2.936523 -1.402832 -0.263428
33.464 1 DESIRED -0.74 0.1 5. 16. -45. 805. 2.
33.558 1 ATTITUDE 2.943115 -1.417725 -0.264893
33.658 1 ATTITUDE 2.957275 -1.440674 -0.266113
33.664 1 DESIRED -0.74 0.1 5. 16. -45. 805. 2.
33.670 1 GPS 0 1130805120 0 0 -17000 0 0 0 41250 12 5
33.682 1 SETTING 1 7 2.
33.688 1 DL_VALUE 7 2.
33.696 1 NAVIGATION 0 2 10801716. -3566302. 1.29394907546e+14 1.29395570246e+14 0 0
33.759 1 ATTITUDE 2.959961 -1.441162 -0.246826
33.760 1 ESTIMATOR -17.000002 1e-06
33.763 1 WIND_INFO 1 42 0. 0. 0.
33.858 1 ATTITUDE 2.920654 -1.385986 -0.250488
33.864 1 DESIRED -0.74 0.1 5. 16. -45. 805. 2.
33.867 1 WP_MOVED 4 506374.40625 3566337.75 805. 12
33.870 1 IMU_GYRO -0.070068 0.162598 0.562744
33.875 1 NAVIGATION 0 2 10801716. -3566302. 1.29394907546e+14 1.29395570246e+14 0 0
33.911 1 GPS 0 1130805120 0 0 -17000 0 0 0 41500 12 6
33.941 1 FBW_STATUS 2 0 1 0 0
33.946 1 NAVIGATION 0 2 10801716. -3566302. 1.29394907546e+14 1.29395570246e+14 0 0
33.958 1 ATTITUDE 2.88208 -1.33667 -0.269043
33.960 1 BAT 0 0 0 0 1 42 42 0
33.999 1 DOWNLINK_STATUS 23 18905 848 0 845. 38. 2.63
34.058 1 ATTITUDE 2.859131 -1.321045 -0.271484
34.065 1 DESIRED -0.74 0.1 5. 16. -45. 805. 2.
34.067 1 IMU_MAG -1.729004 -0.497559 1.927734
34.158 1 ATTITUDE 2.889648 -1.352783 -0.260254
34.165 1 GPS 0 1130805120 0 0 -17000 0 0 0 42000 12 7
34.167 1 IMU_ACCEL 6.860352 -2.332031 -7.162109
34.193 1 NAVIGATION 0 2 10801716. -3566302. 1.29394907546e+14 1.29395570246e+14 0 0
34.259 1 ATTITUDE 2.906006 -1.38623 -0.258301
34.264 1 DESIRED -0.74 0.1 5. 16. -45. 805. 2.
34.266 1 ESTIMATOR -17.000002 1e-06
34.268 1 DOWNLINK 4 827 1562
34.358 1 ATTITUDE 2.889893 -1.395752 -0.259033
34.361 1 WP_MOVED 5 506402.3125 3566363.25 820. 12
34.411 1 GPS 0 1130805120 0 0 -17000 0 0 0 42250 12 8
34.443 1 NAVIGATION 0 2 10801716. -3566302. 1.29394907546e+14 1.29395570246e+14 0 0
34.458 1 ATTITUDE 2.890625 -1.40625 -0.252686
34.464 1 DESIRED -0.74 0.1 5. 16. -45. 805. 2.
34.467 1 IMU_GYRO -0.046631 0.055176 -0.031738
34.558 1 ATTITUDE 2.897217 -1.408691 -0.255127
34.560 1 DL_VALUE 4 0.
34.658 1 ATTITUDE 2.889404 -1.401123 -0.259277
34.664 1 DESIRED -0.74 0.1 5. 16. -45. 805. 2.
34.670 1 GPS 0 1130805120 0 0 -17000 0 0 0 42250 12 9
34.673 1 GPS_SOL 795625920 100104 9999 0
34.693 1 NAVIGATION 0 2 10801716. -3566302. 1.29394907546e+14 1.29395570246e+14 0 0
34.758 1 ATTITUDE 2.887939 -1.400635 -0.255371
34.760 1 ESTIMATOR -17.000002 2e-06
34.762 1 CALIBRATION -150. 0
34.764 1 STATE_FILTER_STATUS 3 0
34.858 1 ATTITUDE 2.886963 -1.401367 -0.253418
34.864 1 DESIRED -0.74 0.1 5. 16. -45. 805. 2.
34.867 1 WP_MOVED 6 506374.40625 3566337.75 820. 12
34.872 1 NAVIGATION 0 2 10801716. -3566302. 1.29394907546e+14 1.29395570246e+14 0 0
34.911 1 GPS 0 1130805120 0 0 -17000 0 0 0 42500 12 10
34.943 1 NAVIGATION 0 2 10801716. -3566302. 1.29394907546e+14 1.29395570246e+14 0 0
34.958 1 ATTITUDE 2.889893 -1.409668 -0.253418
34.961 1 IMU_ACCEL 6.758789 -2.269531 -6.810547
35.000 1 DOWNLINK_STATUS 24 19716 885 0 811. 37. 2.63
35.058 1 ATTITUDE 2.885986 -1.410889 -0.250244
35.064 1 DESIRED -0.74 0.1 5. 16. -45. 805. 2.
35.067 1 IMU_GYRO 0.010498 0.007324 0.030762
35.070 1 BAT 0 0 0 0 1 43 43 0
35.158 1 ATTITUDE 2.888184 -1.418213 -0.249023
35.164 1 GPS 0 1130805120 0 0 -17000 0 0 0 42750 12 11
35.193 1 NAVIGATION 0 2 10801716. -3566302. 1.29394907546e+14 1.29395570246e+14 0 0
35.258 1 ATTITUDE 2.886719 -1.422852 -0.249756
35.264 1 DESIRED -0.74 0.1 5. 16. -45. 805. 2.
35.266 1 ESTIMATOR -17.000002 3e-06
35.358 1 ATTITUDE 2.890625 -1.428955 -0.246094
35.361 1 WP_MOVED 7 506350.5 3566270.75 805. 12
35.364 1 IMU_MAG -1.711914 -0.532227 1.962402
35.411 1 GPS 0 1130805120 0 0 -17000 0 0 0 43250 12 12
35.443 1 NAVIGATION 0 2 10801716. -3566302. 1.29394907546e+14 1.29395570246e+14 0 0
35.458 1 ATTITUDE 2.887939 -1.431152 -0.246582
35.464 1 DESIRED -0.74 0.1 5. 16. -45. 805. 2.
35.558 1 ATTITUDE 2.885498 -1.434326 -0.245605
35.561 1 ENERGY 0. 0. 0 0.
35.658 1 ATTITUDE 2.88623 -1.439453 -0.245361
35.664 1 DESIRED -0.74 0.1 5. 16. -45. 805. 2.
35.669 1 GPS 0 1130805120 0 0 -17000 0 0 0 43250 12 13
35.673 1 IMU_GYRO 0.038086 -0.030762 -0.019043
35.693 1 NAVIGATION 0 2 10801716. -3566302. 1.29394907546e+14 1.29395570246e+14 0 0
35.758 1 ATTITUDE 2.879639 -1.443604 -0.242188
35.760 1 ESTIMATOR -17.000002 3e-06
35.763 1 IMU_ACCEL 6.71582 -1.880859 -6.435547
35.858 1 ATTITUDE 2.826416 -1.430908 -0.217041
35.864 1 DESIRED -0.74 0.1 5. 16. -45. 805. 2.
35.867 1 WP_MOVED 8 506254.8125 3566257.5 815. 12
35.872 1 NAVIGATION 0 2 10801716. -3566302. 1.29394907546e+14 1.29395570246e+14 0 0
35.910 1 GPS 0 1130805120 0 0 -17000 0 0 0 43500 12 14
35.941 1 FBW_STATUS 2 0 1 0 0
35.945 1 NAVIGATION 0 2 10801716. -3566302. 1.29394907546e+14 1.29395570246e+14 0 0
35.958 1 ATTITUDE 2.742432 -1.390137 -0.231201
36.000 1 DOWNLINK_STATUS 25 20522 920 0 806. 35. 2.63
36.058 1 ATTITUDE 2.784668 -1.400635 -0.238037
36.064 1 DESIRED -0.74 0.1 5. 16. -45. 805. 2.
36.066 1 DL_VALUE 5 0.
36.158 1 ATTITUDE 2.796875 -1.41626 -0.223633
36.165 1 GPS 0 1130805120 0 0 -17000 0 0 0 44000 12 15
36.167 1 BAT 0 0 0 0 1 44 44 0
36.193 1 NAVIGATION 0 2 10801716. -3566302. 1.29394907546e+14 1.29395570246e+14 0 0
36.258 1 ATTITUDE 2.802246 -1.422607 -0.23584
36.264 1 DESIRED -0.74 0.1 5. 16. -45. 805. 2.
36.266 1 ESTIMATOR -17.000002 4e-06
36.269 1 IMU_GYRO -0.080811 0.103027 -0.11377
36.358 1 ATTITUDE 2.800781 -1.412109 -0.218506
36.361 1 WP_MOVED 9 506213.8125 3566287.5 815. 12
36.410 1 GPS 0 1130805120 0 0 -17000 0 0 0 44250 12 16
36.443 1 NAVIGATION 0 2 10801716. -3566302. 1.29394907546e+14 1.29395570246e+14 0 0
36.458 1 ATTITUDE 2.790527 -1.394531 -0.219971
36.464 1 DESIRED -0.74 0.1 5. 16. -45. 805. 2.
36.489 1 PONG 
36.558 1 ATTITUDE 2.807129 -1.420166 -0.237061
36.561 1 IMU_ACCEL 6.451172 -2.414062 -6.510742
36.658 1 ATTITUDE 2.817627 -1.422607 -0.239746
36.664 1 DESIRED -0.74 0.1 5. 16. -45. 805. 2.
36.669 1 GPS 0 1130805120 0 0 -17000 0 0 0 44250 12 1
36.673 1 IMU_MAG -1.70166 -0.448242 1.924805
36.676 1 GPS_SOL 795627328 100110 9999 0
36.693 1 NAVIGATION 0 2 10801716. -3566302. 1.29394907546e+14 1.29395570246e+14 0 0
36.758 1 ATTITUDE 2.808594 -1.403076 -0.235596
36.760 1 ESTIMATOR -17. 4e-06
36.858 1 ATTITUDE 2.812256 -1.38916 -0.229004
36.864 1 DESIRED -0.74 0.1 5. 16. -45. 805. 2.
36.867 1 WP_MOVED 0 506377. 3566344. 757. 12
36.870 1 IMU_GYRO -0.076416 -0.083984 0.015869
36.875 1 NAVIGATION 0 2 10801716. -3566302. 1.29394907546e+14 1.29395570246e+14 0 0
36.876 1 CALIBRATION -150. 0
36.910 1 GPS 0 1130805120 0 0 -17000 0 0 0 44500 12 2
36.943 1 NAVIGATION 0 2 10801716. -3566302. 1.29394907546e+14 1.29395570246e+14 0 0
36.957 1 ATTITUDE 2.818115 -1.393555 -0.233398
36.960 1 STATE_FILTER_STATUS 3 0
37.001 1 DOWNLINK_STATUS 26 21348 958 0 826. 38. 2.55
37.041 1 COMMANDS 0,9600,-1882,0
37.058 1 ATTITUDE 2.862793 -1.412842 -0.239258
37.064 1 DESIRED -0.74 0.1 5. 16. -45. 805. 2.
37.140 1 ACTUATORS 1000,1795,1654,1500
37.158 1 ATTITUDE 2.90918 -1.422363 -0.201416
37.164 1 GPS 0 1130805120 0 0 -17000 0 0 0 44750 12 3
37.193 1 NAVIGATION 0 2 10801716. -3566302. 1.29394907546e+14 1.29395570246e+14 0 0
37.258 1 ATTITUDE 2.913086 -1.414062 -0.179932
37.280 1 DESIRED -0.74 0.1 5. 16. -45. 805. 2.
37.280 1 ESTIMATOR -16.999998 3e-06
37.280 1 BAT 0 0 0 0 1 45 45 0
37.358 1 ATTITUDE 2.875977 -1.416016 -0.186768
37.361 1 WP_MOVED 1 506335. 3566302. 765. 12
37.364 1 IMU_ACCEL 5.72168 -2.485352 -6.582031
37.410 1 GPS 0 1130805120 0 0 -17000 0 0 0 45250 12 4
37.442 1 NAVIGATION 0 2 10801716. -3566302. 1.29394907546e+14 1.29395570246e+14 0 0
37.457 1 ATTITUDE 2.86792 -1.44043 -0.177979
37.463 1 DESIRED -0.74 0.1 5. 16. -45. 805. 2.
37.466 1 IMU_GYRO 0.214844 -0.09668 0.037109
37.558 1 ATTITUDE 2.865479 -1.435059 -0.187988
37.560 1 DL_VALUE 6 100.
37.658 1 ATTITUDE 2.859375 -1.427979 -0.174561
37.664 1 DESIRED -0.74 0.1 5. 16. -45. 805. 2.
37.669 1 GPS 0 1130805120 0 0 -17000 0 0 0 45250 12 5
37.693 1 NAVIGATION 0 2 10801716. -3566302. 1.29394907546e+14 1.29395570246e+14 0 0
37.758 1 ATTITUDE 2.853516 -1.406982 -0.165771
37.760 1 ESTIMATOR -16.999998 3e-06
37.858 1 ATTITUDE 2.852051 -1.395752 -0.164307
37.864 1 DESIRED -0.74 0.1 5. 16. -45. 805. 2.
37.867 1 WP_MOVED 2 506254.8125 3566257.5 815. 12
37.872 1 NAVIGATION 0 2 10801716. -3566302. 1.29394907546e+14 1.29395570246e+14 0 0
37.910 1 GPS 0 1130805120 0 0 -17000 0 0 0 45500 12 6
37.939 1 FBW_STATUS 2 0 1 0 0
37.945 1 NAVIGATION 0 2 10801716. -3566302. 1.29394907546e+14 1.29395570246e+14 0 0
37.958 1 ATTITUDE 2.840576 -1.393311 -0.150391
37.960 1 IMU_MAG -1.660156 -0.462891 2.040039
38.002 1 DOWNLINK_STATUS 27 22157 994 0 809. 36. 2.55
38.058 1 ATTITUDE 2.81958 -1.378418 -0.166504
38.064 1 DESIRED -0.74 0.1 5. 16. -45. 805. 2.
38.067 1 IMU_GYRO 0.014893 -0.179688 -0.106201
38.070 1 ENERGY 0. 0. 0 0.
38.158 1 ATTITUDE 2.820068 -1.383545 -0.165527
38.163 1 GPS 0 1130805120 0 0 -17000 0 0 0 46000 12 7
38.167 1 IMU_ACCEL 6.029297 -2.970703 -6.729492
38.171 1 ALIVE 174,222,138,243,180,132,213,161,20,137,147,153,212,68,69,225
38.193 1 NAVIGATION 0 2 10801716. -3566302. 1.29394907546e+14 1.29395570246e+14 0 0
38.258 1 ATTITUDE 2.823975 -1.383789 -0.176025
38.264 1 DESIRED -0.74 0.1 5. 16. -45. 805. 2.
38.266 1 ESTIMATOR -16.999998 2e-06
38.268 1 PPRZ_MODE 2 3 3 0 0 6
38.358 1 ATTITUDE 2.825928 -1.381592 -0.174072
38.361 1 WP_MOVED 3 506350.5 3566257. 805. 12
38.365 1 BAT 0 0 0 0 1 46 46 0
38.410 1 GPS 0 1130805120 0 0 -17000 0 0 0 46250 12 8
38.443 1 NAVIGATION 0 2 10801716. -3566302. 1.29394907546e+14 1.29395570246e+14 0 0
38.457 1 ATTITUDE 2.825439 -1.373779 -0.183105
38.463 1 DESIRED -0.74 0.1 5. 16. -45. 805. 2.
38.558 1 ATTITUDE 2.829346 -1.362061 -0.198242
38.559 1 NAVIGATION_REF 506335 3566302 12
38.658 1 ATTITUDE 2.894531 -1.377686 -0.183594
38.664 1 DESIRED -0.74 0.1 5. 16. -45. 805. 2.
38.669 1 GPS 0 1130805120 0 0 -17000 0 0 0 46250 12 9
38.672 1 IMU_GYRO 0. -0.039307 0.05835
38.675 1 GPS_SOL 795628864 100115 9999 0
38.693 1 NAVIGATION 0 2 10801716. -3566302. 1.29394907546e+14 1.29395570246e+14 0 0
38.758 1 ATTITUDE 2.872314 -1.364258 -0.208008
38.760 1 ESTIMATOR -16.999998 2e-06
38.858 1 ATTITUDE 2.877686 -1.376465 -0.203857
38.864 1 DESIRED -0.74 0.1 5. 16. -45. 805. 2.
38.867 1 WP_MOVED 4 506374.40625 3566337.75 805. 12
38.872 1 NAVIGATION 0 2 10801716. -3566302. 1.29394907546e+14 1.29395570246e+14 0 0
38.910 1 GPS 0 1130805120 0 0 -17000 0 0 0 46500 12 10
38.942 1 NAVIGATION 0 2 10801716. -3566302. 1.29394907546e+14 1.29395570246e+14 0 0
38.957 1 ATTITUDE 2.935791 -1.404297 -0.187988
38.960 1 IMU_ACCEL 7.724609 -1.953125 -9.707031
38.962 1 CALIBRATION -150. 0
39.003 1 DOWNLINK_STATUS 28 23027 1033 0 870. 39. 2.55
39.058 1 ATTITUDE 2.907471 -1.391357 -0.202148
39.064 1 DESIRED -0.74 0.1 5. 16. -45. 805. 2.
39.064 1 DL_VALUE 7 2.
39.158 1 ATTITUDE 2.879883 -1.390381 -0.207275
39.163 1 GPS 0 1130805120 0 0 -17000 0 0 0 46750 12 11
39.164 1 STATE_FILTER_STATUS 3 0
39.192 1 NAVIGATION 0 2 10801716. -3566302. 1.29394907546e+14 1.29395570246e+14 0 0
39.258 1 ATTITUDE 2.899902 -1.402832 -0.19458
39.264 1 DESIRED -0.74 0.1 5. 16. -45. 805. 2.
39.266 1 ESTIMATOR -16.999998 1e-06
39.269 1 IMU_GYRO -0.104248 -0.210693 -0.027588
39.272 1 IMU_MAG -1.68457 -0.538086 2.002441
39.358 1 ATTITUDE 2.890137 -1.390869 -0.18457
39.361 1 WP_MOVED 5 506402.3125 3566363.25 820. 12
39.362 1 DOWNLINK 4 819 1751
39.410 1 GPS 0 1130805120 0 0 -17000 0 0 0 47250 12 12
39.443 1 NAVIGATION 0 2 10801716. -3566302. 1.29394907546e+14 1.29395570246e+14 0 0
39.457 1 ATTITUDE 2.889648 -1.38501 -0.186279
39.464 1 DESIRED -0.74 0.1 5. 16. -45. 805. 2.
39.466 1 BAT 0 0 0 0 1 47 47 0
39.558 1 ATTITUDE 2.865234 -1.361572 -0.175537
39.658 1 ATTITUDE 2.842773 -1.350098 -0.183838
39.664 1 DESIRED -0.74 0.1 5. 16. -45. 805. 2.
39.669 1 GPS 0 1130805120 0 0 -17000 0 0 0 47250 12 13
39.692 1 NAVIGATION 0 2 10801716. -3566302. 1.29394907546e+14 1.29395570246e+14 0 0
39.758 1 ATTITUDE 2.878662 -1.37915 -0.178955
39.760 1 ESTIMATOR -16.999998 0.
39.763 1 IMU_ACCEL 6.460938 -1.958008 -7.755859
39.858 1 ATTITUDE 2.896729 -1.384277 -0.186035
39.864 1 DESIRED -0.74 0.1 5. 16. -45. 805. 2.
39.867 1 WP_MOVED 6 506374.40625 3566337.75 820. 12
39.870 1 IMU_GYRO -0.027588 0.180908 -0.067871
39.875 1 NAVIGATION 0 2 10801716. -3566302. 1.29394907546e+14 1.29395570246e+14 0 0
39.910 1 GPS 0 1130805120 0 0 -17000 0 0 0 47500 12 14
39.941 1 NAVIGATION 0 2 10801716. -3566302. 1.29394907546e+14 1.29395570246e+14 0 0
39.946 1 FBW_STATUS 2 0 1 0 0
39.957 1 ATTITUDE 2.891846 -1.381348 -0.198486
40.004 1 DOWNLINK_STATUS 29 23844 1070 0 817. 37. 2.55
40.058 1 ATTITUDE 2.897461 -1.376953 -0.182129
40.064 1 DESIRED -0.74 0.1 5. 16. -45. 805. 2.
40.158 1 ATTITUDE 2.895752 -1.368896 -0.180908
40.163 1 GPS 0 1130805120 0 0 -17000 0 0 0 48000 12 15
40.192 1 NAVIGATION 0 2 10801716. -3566302. 1.29394907546e+14 1.29395570246e+14 0 0
40.258 1 ATTITUDE 2.89917 -1.37085 -0.181885
40.264 1 DESIRED -0.74 0.1 5. 16. -45. 805. 2.
40.266 1 ESTIMATOR -16.999998 -0.
40.358 1 ATTITUDE 2.901855 -1.372314 -0.183838
40.361 1 WP_MOVED 7 506350.5 3566270.75 805. 12
40.409 1 GPS 0 1130805120 0 0 -17000 0 0 0 48250 12 16
40.443 1 NAVIGATION 0 2 10801716. -3566302. 1.29394907546e+14 1.29395570246e+14 0 0
40.457 1 ATTITUDE 2.899902 -1.367188 -0.182129
40.464 1 DESIRED -0.74 0.1 5. 16. -45. 805. 2.
40.466 1 IMU_GYRO -0.016846 -0.056396 0.036133
40.558 1 ATTITUDE 2.896484 -1.368164 -0.18042
40.561 1 IMU_ACCEL 6.259766 -2.255859 -7.460938
40.564 1 BAT 0 0 0 0 1 48 48 0
40.567 1 IMU_MAG -1.669922 -0.506348 2.02002
40.568 1 DL_VALUE 8 0.
40.573 1 ENERGY 0. 0. 0 0.
40.658 1 ATTITUDE 2.897705 -1.369873 -0.179688
40.663 1 DESIRED -0.74 0.1 5. 16. -45. 805. 2.
40.669 1 GPS 0 1130805120 0 0 -17000 0 0 0 48250 12 1
40.672 1 GPS_SOL 795630464 100121 9999 0
40.692 1 NAVIGATION 0 2 10801716. -3566302. 1.29394907546e+14 1.29395570246e+14 0 0
40.758 1 ATTITUDE 2.892578 -1.367188 -0.17627
40.760 1 ESTIMATOR -16.999998 -1e-06
40.858 1 ATTITUDE 2.897461 -1.370361 -0.171875
40.863 1 DESIRED -0.74 0.1 5. 16. -45. 805. 2.
40.867 1 WP_MOVED 8 506254.8125 3566257.5 815. 12
40.871 1 NAVIGATION 0 2 10801716. -3566302. 1.29394907546e+14 1.29395570246e+14 0 0
40.910 1 GPS 0 1130805120 0 0 -17000 0 0 0 48500 12 2
40.942 1 NAVIGATION 0 2 10801716. -3566302. 1.29394907546e+14 1.29395570246e+14 0 0
40.957 1 ATTITUDE 2.898193 -1.37085 -0.173584
41.005 1 DOWNLINK_STATUS 30 24646 1105 0 802. 35. 2.55
41.058 1 ATTITUDE 2.904297 -1.376709 -0.176758
41.063 1 DESIRED -0.74 0.1 5. 16. -45. 805. 2.
41.067 1 IMU_GYRO 0.027588 -0.014893 -0.056396
41.069 1 CALIBRATION -150. 0
41.158 1 ATTITUDE 2.90332 -1.375732 -0.175293
41.163 1 GPS 0 1130805120 0 0 -17000 0 0 0 48750 12 3
41.192 1 NAVIGATION 0 2 10801716. -3566302. 1.29394907546e+14 1.29395570246e+14 0 0
41.258 1 ATTITUDE 2.902344 -1.373779 -0.177246
41.263 1 DESIRED -0.74 0.1 5. 16. -45. 805. 2.
41.266 1 ESTIMATOR -16.999998 -1e-06
41.358 1 ATTITUDE 2.899658 -1.37085 -0.176025
41.361 1 WP_MOVED 9 506213.8125 3566287.5 815. 12
41.364 1 IMU_ACCEL 6.331055 -2.361328 -7.24707
41.365 1 STATE_FILTER_STATUS 3 0
41.410 1 GPS 0 1130805120 0 0 -17000 0 0 0 49250 12 4
41.442 1 NAVIGATION 0 2 10801716. -3566302. 1.29394907546e+14 1.29395570246e+14 0 0
41.458 1 ATTITUDE 2.896484 -1.368164 -0.177002
41.463 1 DESIRED -0.74 0.1 5. 16. -45. 805. 2.
41.490 1 PONG 
41.558 1 ATTITUDE 2.898193 -1.369385 -0.175537
41.658 1 ATTITUDE 2.900391 -1.370361 -0.178711
41.663 1 DESIRED -0.74 0.1 5. 16. -45. 805. 2.
41.669 1 GPS 0 1130805120 0 0 -17000 0 0 0 49250 12 5
41.672 1 IMU_GYRO -0.006348 0.04248 -0.001953
41.676 1 BAT 0 0 0 0 1 49 49 0
41.692 1 NAVIGATION 0 2 10801716. -3566302. 1.29394907546e+14 1.29395570246e+14 0 0
41.758 1 ATTITUDE 2.9021 -1.370605 -0.184326
41.760 1 ESTIMATOR -16.999998 -2e-06
41.858 1 ATTITUDE 2.901123 -1.374023 -0.187744
41.863 1 DESIRED -0.74 0.1 5. 16. -45. 805. 2.
41.867 1 WP_MOVED 0 506377. 3566344. 757. 12
41.871 1 NAVIGATION 0 2 10801716. -3566302. 1.29394907546e+14 1.29395570246e+14 0 0
41.875 1 IMU_MAG -1.672363 -0.520508 1.996582
41.910 1 GPS 0 1130805120 0 0 -17000 0 0 0 49500 12 6
41.940 1 FBW_STATUS 2 0 1 0 0
41.944 1 NAVIGATION 0 2 10801716. -3566302. 1.29394907546e+14 1.29395570246e+14 0 0
41.957 1 ATTITUDE 2.893311 -1.360107 -0.182373
42.006 1 DOWNLINK_STATUS 31 25458 1142 0 812. 37. 2.7
42.040 1 COMMANDS 0,9600,-1430,0
42.058 1 ATTITUDE 2.868164 -1.342529 -0.147705
42.063 1 DESIRED -0.74 0.1 5. 16. -45. 805. 2.
42.064 1 DL_VALUE 9 1.
42.140 1 ACTUATORS 1000,1780,1669,1500
42.157 1 ATTITUDE 2.840088 -1.317383 -0.139648
42.163 1 GPS 0 1130805120 0 0 -17000 0 0 0 50000 12 7
42.166 1 IMU_ACCEL 6.447266 -3.018555 -7.484375
42.192 1 NAVIGATION 0 2 10801716. -3566302. 1.29394907546e+14 1.29395570246e+14 0 0
42.257 1 ATTITUDE 2.835938 -1.331299 -0.157227
42.263 1 DESIRED -0.74 0.1 5. 16. -45. 805. 2.
42.266 1 ESTIMATOR -16.999998 -2e-06
42.269 1 IMU_GYRO 0.070068 -0.11792 -0.099854
42.357 1 ATTITUDE 2.840088 -1.336182 -0.147949
42.361 1 WP_MOVED 1 506335. 3566302. 765. 12
42.410 1 GPS 0 1130805120 0 0 -17000 0 0 0 50250 12 8
42.442 1 NAVIGATION 0 2 10801716. -3566302. 1.29394907546e+14 1.29395570246e+14 0 0
42.456 1 ATTITUDE 2.841064 -1.336426 -0.151611
42.463 1 DESIRED -0.74 0.1 5. 16. -45. 805. 2.
42.557 1 ATTITUDE 2.840576 -1.340088 -0.157715
42.657 1 ATTITUDE 2.847168 -1.340088 -0.157227
42.663 1 DESIRED -0.74 0.1 5. 16. -45. 805. 2.
42.669 1 GPS 0 1130805120 0 0 -17000 0 0 0 50250 12 9
42.671 1 GPS_SOL 795632128 100127 9999 0
42.692 1 NAVIGATION 0 2 10801716. -3566302. 1.29394907546e+14 1.29395570246e+14 0 0
42.757 1 ATTITUDE 2.840576 -1.335693 -0.150635
42.760 1 ESTIMATOR -16.999998 -3e-06
42.763 1 BAT 0 0 0 0 1 50 50 0
42.857 1 ATTITUDE 2.844971 -1.349854 -0.1521
42.863 1 DESIRED -0.74 0.1 5. 16. -45. 805. 2.
42.867 1 WP_MOVED 2 506254.8125 3566257.5 815. 12
42.870 1 IMU_GYRO 0.006348 -0.0979 -0.322266
42.874 1 NAVIGATION 0 2 10801716. -3566302. 1.29394907546e+14 1.29395570246e+14 0 0
42.910 1 GPS 0 1130805120 0 0 -17000 0 0 0 50500 12 10
42.942 1 NAVIGATION 0 2 10801716. -3566302. 1.29394907546e+14 1.29395570246e+14 0 0
42.956 1 ATTITUDE 2.851318 -1.362793 -0.157227
42.960 1 IMU_ACCEL 6.095703 -2.366211 -7.475586
43.007 1 DOWNLINK_STATUS 32 26288 1179 0 830. 37. 2.7
43.056 1 ATTITUDE 2.849365 -1.351318 -0.157959
43.062 1 DESIRED -0.74 0.1 5. 16. -45. 805. 2.
43.066 1 ENERGY 0. 0. 0 0.
43.157 1 ATTITUDE 2.841064 -1.342773 -0.153076
43.164 1 GPS 0 1130805120 0 0 -17000 0 0 0 50750 12 11
43.166 1 IMU_MAG -1.633301 -0.454102 1.999512
43.168 1 CALIBRATION -150. 0
43.172 1 ALIVE 174,222,138,243,180,132,213,161,20,137,147,153,212,68,69,225
43.193 1 NAVIGATION 0 2 10801716. -3566302. 1.29394907546e+14 1.29395570246e+14 0 0
43.257 1 ATTITUDE 2.846436 -1.354004 -0.1604
43.263 1 DESIRED -0.74 0.1 5. 16. -45. 805. 2.
43.266 1 ESTIMATOR -16.999998 -4e-06
43.267 1 PPRZ_MODE 2 3 3 0 0 6
43.357 1 ATTITUDE 2.847412 -1.350098 -0.156982
43.361 1 WP_MOVED 3 506350.5 3566257. 805. 12
43.410 1 GPS 0 1130805120 0 0 -17000 0 0 0 51250 12 12
43.442 1 NAVIGATION 0 2 10801716. -3566302. 1.29394907546e+14 1.29395570246e+14 0 0
43.456 1 ATTITUDE 2.848389 -1.343506 -0.157715
43.463 1 DESIRED -0.74 0.1 5. 16. -45. 805. 2.
43.465 1 IMU_GYRO -0.006348 0.05957 0.014893
43.557 1 ATTITUDE 2.8479 -1.341797 -0.159668
43.559 1 DL_VALUE 10 0.
43.561 1 STATE_FILTER_STATUS 3 0
43.657 1 ATTITUDE 2.850098 -1.336914 -0.156982
43.663 1 DESIRED -0.74 0.1 5. 16. -45. 805. 2.
43.669 1 GPS 0 1130805120 0 0 -17000 0 0 0 51250 12 13
43.692 1 NAVIGATION 0 2 10801716. -3566302. 1.29394907546e+14 1.29395570246e+14 0 0
43.756 1 ATTITUDE 2.848145 -1.335938 -0.159912
43.759 1 ESTIMATOR -17. -4e-06
43.762 1 IMU_ACCEL 5.707031 -2.644531 -7.119141
43.764 1 WIND_INFO 1 42 0. 0. 0.
43.857 1 ATTITUDE 2.847656 -1.334473 -0.154297
43.863 1 DESIRED -0.74 0.1 5. 16. -45. 805. 2.
43.867 1 WP_MOVED 4 506374.40625 3566337.75 805. 12
43.873 1 NAVIGATION 0 2 10801716. -3566302. 1.29394907546e+14 1.29395570246e+14 0 0
43.878 1 BAT 0 0 0 0 1 51 51 0
43.910 1 GPS 0 1130805120 0 0 -17000 0 0 0 51500 12 14
43.940 1 FBW_STATUS 2 0 1 0 0
43.945 1 NAVIGATION 0 2 10801716. -3566302. 1.29394907546e+14 1.29395570246e+14 0 0
43.956 1 ATTITUDE 2.850342 -1.338135 -0.153564
44.008 1 DOWNLINK_STATUS 33 27142 1218 0 854. 39. 2.7
44.056 1 ATTITUDE 2.849609 -1.341553 -0.154053
44.062 1 DESIRED -0.74 0.1 5. 16. -45. 805. 2.
44.065 1 IMU_GYRO -0.016846 -0.033936 -0.033936
44.157 1 ATTITUDE 2.848877 -1.341553 -0.154541
44.163 1 GPS 0 1130805120 0 0 -17000 0 0 0 52000 12 15
44.193 1 NAVIGATION 0 2 10801716. -3566302. 1.29394907546e+14 1.29395570246e+14 0 0
44.257 1 ATTITUDE 2.848389 -1.343262 -0.154297
44.263 1 DESIRED -0.74 0.1 5. 16. -45. 805. 2.
44.266 1 ESTIMATOR -17.000002 -3e-06
44.357 1 ATTITUDE 2.849609 -1.344482 -0.155762
44.361 1 WP_MOVED 5 506402.3125 3566363.25 820. 12
44.410 1 GPS 0 1130805120 0 0 -17000 0 0 0 52250 12 16
44.442 1 NAVIGATION 0 2 10801716. -3566302. 1.29394907546e+14 1.29395570246e+14 0 0
44.457 1 ATTITUDE 2.850098 -1.343018 -0.155762
44.463 1 DESIRED -0.74 0.1 5. 16. -45. 805. 2.
44.465 1 IMU_MAG -1.630859 -0.459961 2.03125
44.467 1 DOWNLINK 4 824 1938
44.557 1 ATTITUDE 2.849365 -1.342529 -0.15625
44.560 1 IMU_ACCEL 5.870117 -2.807617 -7.361328
44.657 1 ATTITUDE 2.847656 -1.342041 -0.155029
44.663 1 DESIRED -0.74 0.1 5. 16. -45. 805. 2.
44.669 1 GPS 0 1130805120 0 0 -17000 0 0 0 52250 12 1
44.672 1 IMU_GYRO -0.008301 -0.044678 -0.048828
44.674 1 GPS_SOL 795633856 100132 9999 0
44.692 1 NAVIGATION 0 2 10801716. -3566302. 1.29394907546e+14 1.29395570246e+14 0 0
44.757 1 ATTITUDE 2.850098 -1.348389 -0.154541
44.760 1 ESTIMATOR -17.000002 -3e-06
44.857 1 ATTITUDE 2.850586 -1.352051 -0.155762
44.863 1 DESIRED -0.74 0.1 5. 16. -45. 805. 2.
44.867 1 WP_MOVED 6 506374.40625 3566337.75 820. 12
44.871 1 NAVIGATION 0 2 10801716. -3566302. 1.29394907546e+14 1.29395570246e+14 0 0
44.910 1 GPS 0 1130805120 0 0 -17000 0 0 0 52500 12 2
44.941 1 NAVIGATION 0 2 10801716. -3566302. 1.29394907546e+14 1.29395570246e+14 0 0
44.956 1 ATTITUDE 2.849854 -1.349609 -0.157471
44.960 1 BAT 0 0 0 0 1 53 53 0
45.009 1 DOWNLINK_STATUS 34 27942 1253 0 800. 35. 2.7
45.057 1 ATTITUDE 2.848877 -1.345459 -0.157715
45.062 1 DESIRED -0.74 0.1 5. 16. -45. 805. 2.
45.064 1 DL_VALUE 11 1.
45.157 1 ATTITUDE 2.84668 -1.342529 -0.157227
45.162 1 GPS 0 1130805120 0 0 -17000 0 0 0 52750 12 3
45.192 1 NAVIGATION 0 2 10801716. -3566302. 1.29394907546e+14 1.29395570246e+14 0 0
45.257 1 ATTITUDE 2.8479 -1.345703 -0.154541
45.263 1 DESIRED -0.74 0.1 5. 16. -45. 805. 2.
45.266 1 ESTIMATOR -17.000002 -2e-06
45.269 1 IMU_GYRO 0.010498 -0.026367 -0.041504
45.271 1 CALIBRATION -150. 0
45.357 1 ATTITUDE 2.847412 -1.347412 -0.154541
45.361 1 WP_MOVED 7 506350.5 3566270.75 805. 12
45.364 1 IMU_ACCEL 5.917969 -2.845703 -7.213867
45.410 1 GPS 0 1130805120 0 0 -17000 0 0 0 53250 12 4
45.442 1 NAVIGATION 0 2 10801716. -3566302. 1.29394907546e+14 1.29395570246e+14 0 0
45.456 1 ATTITUDE 2.848633 -1.352295 -0.155029
45.463 1 DESIRED -0.74 0.1 5. 16. -45. 805. 2.
45.557 1 ATTITUDE 2.851074 -1.354004 -0.154297
45.561 1 ENERGY 0. 0. 0 0.
45.657 1 ATTITUDE 2.85083 -1.35083 -0.155273
45.663 1 DESIRED -0.74 0.1 5. 16. -45. 805. 2.
45.669 1 GPS 0 1130805120 0 0 -17000 0 0 0 53250 12 5
45.692 1 NAVIGATION 0 2 10801716. -3566302. 1.29394907546e+14 1.29395570246e+14 0 0
45.757 1 ATTITUDE 2.852295 -1.349854 -0.155762
45.760 1 ESTIMATOR -17.000002 -2e-06
45.763 1 IMU_MAG -1.640625 -0.457031 2.01416
45.763 1 STATE_FILTER_STATUS 3 0
45.857 1 ATTITUDE 2.849365 -1.346436 -0.154541
45.863 1 DESIRED -0.74 0.1 5. 16. -45. 805. 2.
45.867 1 WP_MOVED 8 506254.8125 3566257.5 815. 12
45.870 1 IMU_GYRO -0.036133 -0.009521 -0.054199
45.874 1 NAVIGATION 0 2 10801716. -3566302. 1.29394907546e+14 1.29395570246e+14 0 0
45.910 1 GPS 0 1130805120 0 0 -17000 0 0 0 53500 12 6
45.941 1 FBW_STATUS 2 0 1 0 0
45.944 1 NAVIGATION 0 2 10801716. -3566302. 1.29394907546e+14 1.29395570246e+14 0 0
45.956 1 ATTITUDE 2.850098 -1.348633 -0.157227
46.010 1 DOWNLINK_STATUS 35 28759 1290 0 817. 37. 2.7
46.057 1 ATTITUDE 2.852295 -1.35083 -0.155762
46.063 1 DESIRED -0.74 0.1 5. 16. -45. 805. 2.
46.067 1 BAT 0 0 0 0 1 54 54 0
46.157 1 ATTITUDE 2.852539 -1.352051 -0.156738
46.163 1 GPS 0 1130805120 0 0 -17000 0 0 0 54000 12 7
46.166 1 IMU_ACCEL 5.850586 -2.745117 -7.333008
46.192 1 NAVIGATION 0 2 10801716. -3566302. 1.29394907546e+14 1.29395570246e+14 0 0
46.257 1 ATTITUDE 2.851562 -1.353271 -0.157471
46.263 1 DESIRED -0.74 0.1 5. 16. -45. 805. 2.
46.266 1 ESTIMATOR -17.000002 -1e-06
46.357 1 ATTITUDE 2.855225 -1.357178 -0.158691
46.361 1 WP_MOVED 9 506213.8125 3566287.5 815. 12
46.410 1 GPS 0 1130805120 0 0 -17000 0 0 0 54250 12 8
46.442 1 NAVIGATION 0 2 10801716. -3566302. 1.29394907546e+14 1.29395570246e+14 0 0
46.457 1 ATTITUDE 2.854736 -1.354736 -0.157227
46.462 1 DESIRED -0.74 0.1 5. 16. -45. 805. 2.
46.465 1 IMU_GYRO 0.016846 0.005127 0.045654
46.491 1 PONG 
46.557 1 ATTITUDE 2.853027 -1.35376 -0.157959
46.559 1 DL_VALUE 0 0.
46.657 1 ATTITUDE 2.85376 -1.354004 -0.156738
46.663 1 DESIRED -0.74 0.1 5. 16. -45. 805. 2.
46.669 1 GPS 0 1130805120 0 0 -17000 0 0 0 54250 12 9
46.672 1 GPS_SOL 795635648 100138 9999 0
46.692 1 NAVIGATION 0 2 10801716. -3566302. 1.29394907546e+14 1.29395570246e+14 0 0
46.757 1 ATTITUDE 2.853516 -1.356689 -0.15625
46.760 1 ESTIMATOR -17.000002 -0.
46.857 1 ATTITUDE 2.856689 -1.358887 -0.158447
46.863 1 DESIRED -0.74 0.1 5. 16. -45. 805. 2.
46.867 1 WP_MOVED 0 506377. 3566344. 757. 12
46.871 1 NAVIGATION 0 2 10801716. -3566302. 1.29394907546e+14 1.29395570246e+14 0 0
46.910 1 GPS 0 1130805120 0 0 -17000 0 0 0 54500 12 10
46.942 1 NAVIGATION 0 2 10801716. -3566302. 1.29394907546e+14 1.29395570246e+14 0 0
46.956 1 ATTITUDE 2.854248 -1.353027 -0.157227
46.959 1 IMU_ACCEL 6.110352 -2.826172 -7.379883
47.011 1 DOWNLINK_STATUS 36 29547 1325 0 788. 35. 2.83
47.041 1 COMMANDS 0,9600,-1412,0
47.057 1 ATTITUDE 2.854004 -1.352783 -0.157227
47.063 1 DESIRED -0.74 0.1 5. 16. -45. 805. 2.
47.066 1 IMU_GYRO 0.044678 0.014893 -0.032959
47.069 1 IMU_MAG -1.635742 -0.459961 2.008301
47.101 1 SETTING 1 6 -1.
47.107 1 DL_VALUE 6 -100.
47.140 1 ACTUATORS 1000,1784,1665,1500
47.157 1 ATTITUDE 2.85498 -1.358398 -0.159668
47.163 1 GPS 0 1130805120 0 0 -17000 0 0 0 54750 12 11
47.166 1 BAT 0 0 0 0 1 55 55 0
47.192 1 NAVIGATION 0 2 10801716. -3566302. 1.29394907546e+14 1.29395570246e+14 0 0
47.257 1 ATTITUDE 2.854004 -1.355713 -0.156738
47.263 1 DESIRED -0.74 0.1 5. 16. -45. 805. 2.
47.265 1 ESTIMATOR -17.000002 0.
47.357 1 ATTITUDE 2.854004 -1.355713 -0.157715
47.361 1 WP_MOVED 1 506335. 3566302. 765. 12
47.363 1 CALIBRATION -150. 0
47.410 1 GPS 0 1130805120 0 0 -17000 0 0 0 55250 12 12
47.442 1 NAVIGATION 0 2 10801716. -3566302. 1.29394907546e+14 1.29395570246e+14 0 0
47.457 1 ATTITUDE 2.855957 -1.357178 -0.156738
47.462 1 DESIRED -0.74 0.1 5. 16. -45. 805. 2.
47.557 1 ATTITUDE 2.856689 -1.356445 -0.157715
47.559 1 NAVIGATION_REF 506335 3566302 12
47.657 1 ATTITUDE 2.858154 -1.356445 -0.163818
47.663 1 DESIRED -0.74 0.1 5. 16. -45. 805. 2.
47.669 1 GPS 0 1130805120 0 0 -17000 0 0 0 55250 12 13
47.672 1 IMU_GYRO -0.001953 0.130859 -0.088135
47.692 1 NAVIGATION 0 2 10801716. -3566302. 1.29394907546e+14 1.29395570246e+14 0 0
47.757 1 ATTITUDE 2.85498 -1.36792 -0.179932
47.760 1 ESTIMATOR -17.000002 1e-06
47.763 1 IMU_ACCEL 6.177734 -2.865234 -6.867188
47.857 1 ATTITUDE 2.838379 -1.392578 -0.219727
47.863 1 DESIRED -0.74 0.1 5. 16. -45. 805. 2.
47.866 1 WP_MOVED 2 506254.8125 3566257.5 815. 12
47.871 1 NAVIGATION 0 2 10801716. -3566302. 1.29394907546e+14 1.29395570246e+14 0 0
47.910 1 GPS 0 1130805120 0 0 -17000 0 0 0 55500 12 14
47.944 1 FBW_STATUS 2 0 1 0 0
47.945 1 NAVIGATION 0 2 10801716. -3566302. 1.29394907546e+14 1.29395570246e+14 0 0
47.956 1 ATTITUDE 2.805176 -1.406738 -0.258545
47.958 1 STATE_FILTER_STATUS 3 0
48.012 1 DOWNLINK_STATUS 37 30409 1365 0 862. 40. 2.83
48.046 1 SETTING 1 6 -1.
48.052 1 DL_VALUE 6 -100.
48.057 1 ATTITUDE 2.786133 -1.427246 -0.279053
48.063 1 DESIRED -0.74 0.1 5. 16. -45. 805. 2.
48.064 1 DL_VALUE 1 0.
48.068 1 ENERGY 0. 0. 0 0.
48.157 1 ATTITUDE 2.801514 -1.435547 -0.265869
48.163 1 GPS 0 1130805120 0 0 -17000 0 0 0 56000 12 15
48.167 1 ALIVE 174,222,138,243,180,132,213,161,20,137,147,153,212,68,69,225
48.192 1 NAVIGATION 0 2 10801716. -3566302. 1.29394907546e+14 1.29395570246e+14 0 0
48.215 1 SETTING 1 6 -1.
48.221 1 DL_VALUE 6 -100.
48.257 1 ATTITUDE 2.80127 -1.423828 -0.255615
48.263 1 DESIRED -0.74 0.1 5. 16. -45. 805. 2.
48.265 1 ESTIMATOR -17.000002 1e-06
48.269 1 IMU_GYRO -0.046631 0.057373 -0.031738
48.272 1 BAT 0 0 0 0 1 56 56 0
48.274 1 PPRZ_MODE 2 3 3 0 0 6
48.357 1 ATTITUDE 2.800537 -1.422363 -0.261475
48.361 1 WP_MOVED 3 506350.5 3566257. 805. 12
48.364 1 IMU_MAG -1.689453 -0.439941 1.901855
48.368 1 SETTING 1 6 -1.
48.374 1 DL_VALUE 6 -100.
48.410 1 GPS 0 1130805120 0 0 -17000 0 0 0 56250 12 16
48.443 1 NAVIGATION 0 2 10801716. -3566302. 1.29394907546e+14 1.29395570246e+14 0 0
48.457 1 ATTITUDE 2.799316 -1.421631 -0.260742
48.463 1 DESIRED -0.74 0.1 5. 16. -45. 805. 2.
48.557 1 ATTITUDE 2.810791 -1.424072 -0.251221
48.560 1 IMU_ACCEL 6.643555 -3.033203 -6.706055
48.657 1 ATTITUDE 2.807861 -1.419189 -0.249268
48.663 1 DESIRED -0.74 0.1 5. 16. -45. 805. 2.
48.670 1 GPS 0 1130805120 0 0 -17000 0 0 0 56250 12 1
48.672 1 GPS_SOL 795637568 100144 9999 0
48.692 1 NAVIGATION 0 2 10801716. -3566302. 1.29394907546e+14 1.29395570246e+14 0 0
48.757 1 ATTITUDE 2.80835 -1.418701 -0.249023
48.760 1 ESTIMATOR -17.000002 2e-06
48.857 1 ATTITUDE 2.809326 -1.421875 -0.24707
48.863 1 DESIRED -0.74 0.1 5. 16. -45. 805. 2.
48.866 1 WP_MOVED 4 506374.40625 3566337.75 805. 12
48.870 1 IMU_GYRO -0.051025 -0.05835 -0.019043
48.874 1 NAVIGATION 0 2 10801716. -3566302. 1.29394907546e+14 1.29395570246e+14 0 0
48.910 1 GPS 0 1130805120 0 0 -17000 0 0 0 56500 12 2
48.945 1 NAVIGATION 0 2 10801716. -3566302. 1.29394907546e+14 1.29395570246e+14 0 0
48.957 1 ATTITUDE 2.811768 -1.421875 -0.242676
49.012 1 DOWNLINK_STATUS 38 31297 1406 0 888. 41. 2.83
49.057 1 ATTITUDE 2.811768 -1.421143 -0.24292
49.063 1 DESIRED -0.74 0.1 5. 16. -45. 805. 2.
49.157 1 ATTITUDE 2.813232 -1.418213 -0.242432
49.163 1 GPS 0 1130805120 0 0 -17000 0 0 0 56750 12 3
49.192 1 NAVIGATION 0 2 10801716. -3566302. 1.29394907546e+14 1.29395570246e+14 0 0
49.257 1 ATTITUDE 2.810791 -1.413574 -0.23877
49.263 1 DESIRED -0.74 0.1 5. 16. -45. 805. 2.
49.265 1 ESTIMATOR -17.000002 3e-06
49.357 1 ATTITUDE 2.813721 -1.415283 -0.238037
49.361 1 WP_MOVED 5 506402.3125 3566363.25 820. 12
49.364 1 IMU_ACCEL 6.432617 -2.870117 -6.710938
49.367 1 BAT 0 0 0 0 1 57 57 0
49.410 1 GPS 0 1130805120 0 0 -17000 0 0 0 57250 12 4
49.443 1 NAVIGATION 0 2 10801716. -3566302. 1.29394907546e+14 1.29395570246e+14 0 0
49.456 1 ATTITUDE 2.813477 -1.414551 -0.235107
49.462 1 DESIRED -0.74 0.1 5. 16. -45. 805. 2.
49.465 1 IMU_GYRO -0.027588 0.016846 0.038086
49.467 1 CALIBRATION -150. 0
49.557 1 ATTITUDE 2.8125 -1.412842 -0.234375
49.559 1 DL_VALUE 2 805.
49.560 1 DOWNLINK 4 826 2130
49.657 1 ATTITUDE 2.811035 -1.416016 -0.23584
49.663 1 DESIRED -0.74 0.1 5. 16. -45. 805. 2.
49.669 1 GPS 0 1130805120 0 0 -17000 0 0 0 57250 12 5
49.672 1 IMU_MAG -1.662598 -0.442383 1.918945
49.692 1 NAVIGATION 0 2 10801716. -3566302. 1.29394907546e+14 1.29395570246e+14 0 0
49.757 1 ATTITUDE 2.814209 -1.418945 -0.233887
49.759 1 ESTIMATOR -17.000002 3e-06
49.857 1 ATTITUDE 2.811279 -1.418945 -0.236328
49.863 1 DESIRED -0.74 0.1 5. 16. -45. 805. 2.
49.866 1 WP_MOVED 6 506374.40625 3566337.75 820. 12
49.871 1 NAVIGATION 0 2 10801716. -3566302. 1.29394907546e+14 1.29395570246e+14 0 0
49.909 1 GPS 0 1130805120 0 0 -17000 0 0 0 57500 12 6
49.944 1 FBW_STATUS 2 0 1 0 0
49.944 1 NAVIGATION 0 2 10801716. -3566302. 1.29394907546e+14 1.29395570246e+14 0 0
49.957 1 ATTITUDE 2.810791 -1.418213 -0.237305
50.013 1 DOWNLINK_STATUS 39 32098 1442 0 801. 36. 2.83
50.057 1 ATTITUDE 2.809326 -1.419922 -0.235596
50.062 1 DESIRED -0.74 0.1 5. 16. -45. 805. 2.
50.065 1 IMU_GYRO -0.016846 -0.041504 -0.110596
50.157 1 ATTITUDE 2.813232 -1.424316 -0.23584
50.164 1 GPS 0 1130805120 0 0 -17000 0 0 0 58000 12 7
50.166 1 IMU_ACCEL 6.605469 -3.056641 -6.777344
50.166 1 STATE_FILTER_STATUS 3 0
50.192 1 NAVIGATION 0 2 10801716. -3566302. 1.29394907546e+14 1.29395570246e+14 0 0
50.257 1 ATTITUDE 2.810547 -1.419678 -0.231934
50.263 1 DESIRED -0.74 0.1 5. 16. -45. 805. 2.
50.265 1 ESTIMATOR -17.000002 4e-06
50.357 1 ATTITUDE 2.807617 -1.422607 -0.236572
50.360 1 WP_MOVED 7 506350.5 3566270.75 805. 12
50.410 1 GPS 0 1130805120 0 0 -17000 0 0 0 58250 12 8
50.448 1 NAVIGATION 0 2 10801716. -3566302. 1.29394907546e+14 1.29395570246e+14 0 0
50.458 1 ATTITUDE 2.810547 -1.424316 -0.231201
50.462 1 DESIRED -0.74 0.1 5. 16. -45. 805. 2.
50.466 1 BAT 0 0 0 0 1 58 58 0
50.557 1 ATTITUDE 2.806152 -1.422119 -0.230957
50.560 1 ENERGY 0. 0. 0 0.
50.657 1 ATTITUDE 2.810547 -1.427002 -0.230957
50.663 1 DESIRED -0.74 0.1 5. 16. -45. 805. 2.
50.669 1 GPS 0 1130805120 0 0 -17000 0 0 0 58250 12 9
50.672 1 IMU_GYRO -0.025391 0.00415 -0.070068
50.675 1 GPS_SOL 795639488 100149 9999 0
50.692 1 NAVIGATION 0 2 10801716. -3566302. 1.29394907546e+14 1.29395570246e+14 0 0
50.757 1 ATTITUDE 2.814453 -1.427979 -0.231445
50.759 1 ESTIMATOR -17. 4e-06
50.857 1 ATTITUDE 2.808838 -1.421143 -0.233398
50.863 1 DESIRED -0.74 0.1 5. 16. -45. 805. 2.
50.866 1 WP_MOVED 8 506254.8125 3566257.5 815. 12
50.871 1 NAVIGATION 0 2 10801716. -3566302. 1.29394907546e+14 1.29395570246e+14 0 0
50.910 1 GPS 0 1130805120 0 0 -17000 0 0 0 58500 12 10
50.952 1 NAVIGATION 0 2 10801716. -3566302. 1.29394907546e+14 1.29395570246e+14 0 0
50.956 1 ATTITUDE 2.811035 -1.420898 -0.231689
50.959 1 IMU_ACCEL 6.379883 -3.148438 -6.701172
50.962 1 IMU_MAG -1.662598 -0.431152 1.939453
51.014 1 DOWNLINK_STATUS 40 32934 1479 0 836. 37. 2.83
51.057 1 ATTITUDE 2.809326 -1.420898 -0.230469
51.063 1 DESIRED -0.74 0.1 5. 16. -45. 805. 2.
51.064 1 DL_VALUE 3 0.
51.157 1 ATTITUDE 2.810791 -1.422607 -0.230957
51.162 1 GPS 0 1130805120 0 0 -17000 0 0 0 58750 12 11
51.192 1 NAVIGATION 0 2 10801716. -3566302. 1.29394907546e+14 1.29395570246e+14 0 0
51.257 1 ATTITUDE 2.811279 -1.422852 -0.228027
51.263 1 DESIRED -0.74 0.1 5. 16. -45. 805. 2.
51.265 1 ESTIMATOR -16.999998 3e-06
51.268 1 IMU_GYRO 0.027588 0.023193 -0.02124
51.357 1 ATTITUDE 2.811523 -1.424805 -0.231445
51.360 1 WP_MOVED 9 506213.8125 3566287.5 815. 12
51.410 1 GPS 0 1130805120 0 0 -17000 0 0 0 59000 12 12
51.447 1 NAVIGATION 0 2 10801716. -3566302. 1.29394907546e+14 1.29395570246e+14 0 0
51.457 1 ATTITUDE 2.80835 -1.418701 -0.229248
51.462 1 DESIRED -0.74 0.1 5. 16. -45. 805. 2.
51.492 1 PONG 
51.557 1 ATTITUDE 2.807861 -1.421631 -0.229004
51.560 1 BAT 0 0 0 0 1 59 59 0
51.563 1 CALIBRATION -150. 0
51.657 1 ATTITUDE 2.812256 -1.426758 -0.227783
51.663 1 DESIRED -0.74 0.1 5. 16. -45. 805. 2.
51.669 1 GPS 0 1130805120 0 0 -17000 0 0 0 59250 12 13
51.692 1 NAVIGATION 0 2 10801716. -3566302. 1.29394907546e+14 1.29395570246e+14 0 0
51.757 1 ATTITUDE 2.810791 -1.425537 -0.227783
51.759 1 ESTIMATOR -16.999998 3e-06
51.762 1 IMU_ACCEL 6.65332 -3.003906 -6.910156
51.857 1 ATTITUDE 2.811768 -1.42334 -0.228516
51.863 1 DESIRED -0.74 0.1 5. 16. -45. 805. 2.
51.866 1 WP_MOVED 0 506377. 3566344. 757. 12
51.869 1 IMU_GYRO -0.008301 -0.024414 0.056396
51.874 1 NAVIGATION 0 2 10801716. -3566302. 1.29394907546e+14 1.29395570246e+14 0 0
51.909 1 GPS 0 1130805120 0 0 -17000 0 0 0 59500 12 14
51.939 1 FBW_STATUS 2 0 1 0 0
51.951 1 NAVIGATION 0 2 10801716. -3566302. 1.29394907546e+14 1.29395570246e+14 0 0
51.956 1 ATTITUDE 2.810303 -1.418945 -0.228271
52.015 1 DOWNLINK_STATUS 41 33730 1515 0 796. 36. 2.78
52.040 1 COMMANDS 0,9600,-1805,0
52.057 1 ATTITUDE 2.810547 -1.418701 -0.228271
52.063 1 DESIRED -0.74 0.1 5. 16. -45. 805. 2.
52.140 1 ACTUATORS 1000,1799,1650,1500
52.157 1 ATTITUDE 2.809814 -1.416992 -0.227295
52.163 1 GPS 0 1130805120 0 0 -17000 0 0 0 60000 12 15
52.192 1 NAVIGATION 0 2 10801716. -3566302. 1.29394907546e+14 1.29395570246e+14 0 0
52.257 1 ATTITUDE 2.809814 -1.41748 -0.227051
52.263 1 DESIRED -0.74 0.1 5. 16. -45. 805. 2.
52.265 1 ESTIMATOR -16.999998 2e-06
52.268 1 IMU_MAG -1.657715 -0.434082 1.944824
52.357 1 ATTITUDE 2.80957 -1.419434 -0.226807
52.360 1 WP_MOVED 1 506335. 3566302. 765. 12
52.361 1 STATE_FILTER_STATUS 3 0
52.409 1 GPS 0 1130805120 0 0 -17000 0 0 0 60250 12 16
52.448 1 NAVIGATION 0 2 10801716. -3566302. 1.29394907546e+14 1.29395570246e+14 0 0
52.457 1 ATTITUDE 2.812256 -1.419189 -0.226807
52.463 1 DESIRED -0.74 0.1 5. 16. -45. 805. 2.
52.467 1 IMU_GYRO 0. -0.024414 0.013672
52.557 1 ATTITUDE 2.812012 -1.418945 -0.228027
52.560 1 IMU_ACCEL 6.557617 -2.936523 -6.714844
52.561 1 DL_VALUE 4 0.
52.657 1 ATTITUDE 2.817627 -1.41626 -0.231201
52.663 1 DESIRED -0.74 0.1 5. 16. -45. 805. 2.
52.668 1 GPS 0 1130805120 0 0 -17000 0 0 0 60250 12 1
52.672 1 BAT 0 0 0 0 1 60 60 0
52.674 1 GPS_SOL 795641472 100155 9999 0
52.692 1 NAVIGATION 0 2 10801716. -3566302. 1.29394907546e+14 1.29395570246e+14 0 0
52.757 1 ATTITUDE 2.813721 -1.403564 -0.229248
52.761 1 ESTIMATOR -16.999998 2e-06
52.857 1 ATTITUDE 2.819336 -1.414307 -0.237549
52.863 1 DESIRED -0.74 0.1 5. 16. -45. 805. 2.
52.866 1 WP_MOVED 2 506254.8125 3566257.5 815. 12
52.871 1 NAVIGATION 0 2 10801716. -3566302. 1.29394907546e+14 1.29395570246e+14 0 0
52.909 1 GPS 0 1130805120 0 0 -17000 0 0 0 60500 12 2
52.942 1 NAVIGATION 0 2 10801716. -3566302. 1.29394907546e+14 1.29395570246e+14 0 0
52.956 1 ATTITUDE 2.832764 -1.431396 -0.239502
53.016 1 DOWNLINK_STATUS 42 34551 1552 0 821. 37. 2.78
53.057 1 ATTITUDE 2.841309 -1.426514 -0.238037
53.063 1 DESIRED -0.74 0.1 5. 16. -45. 805. 2.
53.066 1 IMU_GYRO -0.00415 0.076416 0.246826
53.069 1 ENERGY 0. 0. 0 0.
53.157 1 ATTITUDE 2.807373 -1.39502 -0.252686
53.163 1 GPS 0 1130805120 0 0 -17000 0 0 0 60750 12 3
53.167 1 ALIVE 174,222,138,243,180,132,213,161,20,137,147,153,212,68,69,225
53.192 1 NAVIGATION 0 2 10801716. -3566302. 1.29394907546e+14 1.29395570246e+14 0 0
53.257 1 ATTITUDE 2.786621 -1.38623 -0.261719
53.263 1 DESIRED -0.74 0.1 5. 16. -45. 805. 2.
53.264 1 ESTIMATOR -16.999998 1e-06
53.267 1 PPRZ_MODE 2 3 3 0 0 6
53.357 1 ATTITUDE 2.813232 -1.415283 -0.256104
53.360 1 WP_MOVED 3 506350.5 3566257. 805. 12
53.363 1 IMU_ACCEL 6.581055 -2.970703 -6.81543
53.409 1 GPS 0 1130805120 0 0 -17000 0 0 0 61250 12 4
53.442 1 NAVIGATION 0 2 10801716. -3566302. 1.29394907546e+14 1.29395570246e+14 0 0
53.457 1 ATTITUDE 2.838867 -1.431885 -0.251465
53.462 1 DESIRED -0.74 0.1 5. 16. -45. 805. 2.
53.557 1 ATTITUDE 2.859863 -1.466797 -0.234863
53.560 1 IMU_MAG -1.711914 -0.503418 1.944824
53.657 1 ATTITUDE 2.87915 -1.479736 -0.194336
53.663 1 DESIRED -0.74 0.1 5. 16. -45. 805. 2.
53.668 1 GPS 0 1130805120 0 0 -17000 0 0 0 61250 12 5
53.672 1 IMU_GYRO 0.038086 -0.298828 0.066895
53.673 1 CALIBRATION -150. 0
53.692 1 NAVIGATION 0 2 10801716. -3566302. 1.29394907546e+14 1.29395570246e+14 0 0
53.757 1 ATTITUDE 2.879395 -1.471436 -0.176025
53.759 1 ESTIMATOR -16.999998 0.
53.763 1 BAT 0 0 0 0 1 61 61 0
53.765 1 WIND_INFO 1 42 0. 0. 0.
53.857 1 ATTITUDE 2.880615 -1.46167 -0.178955
53.863 1 DESIRED -0.74 0.1 5. 16. -45. 805. 2.
53.866 1 WP_MOVED 4 506374.40625 3566337.75 805. 12
53.871 1 NAVIGATION 0 2 10801716. -3566302. 1.29394907546e+14 1.29395570246e+14 0 0
53.909 1 GPS 0 1130805120 0 0 -17000 0 0 0 61500 12 6
53.939 1 FBW_STATUS 2 0 1 0 0
53.949 1 NAVIGATION 0 2 10801716. -3566302. 1.29394907546e+14 1.29395570246e+14 0 0
53.956 1 ATTITUDE 2.882812 -1.437988 -0.180908
54.017 1 DOWNLINK_STATUS 43 35403 1590 0 852. 38. 2.78
54.057 1 ATTITUDE 2.875 -1.424072 -0.179932
54.063 1 DESIRED -0.74 0.1 5. 16. -45. 805. 2.
54.064 1 DL_VALUE 5 0.
54.157 1 ATTITUDE 2.882568 -1.427002 -0.178711
54.162 1 GPS 0 1130805120 0 0 -17000 0 0 0 62000 12 7
54.166 1 IMU_ACCEL 6.302734 -1.890625 -7.484375
54.192 1 NAVIGATION 0 2 10801716. -3566302. 1.29394907546e+14 1.29395570246e+14 0 0
54.257 1 ATTITUDE 2.882568 -1.405518 -0.186523
54.263 1 DESIRED -0.74 0.1 5. 16. -45. 805. 2.
54.265 1 ESTIMATOR -16.999998 -0.
54.268 1 IMU_GYRO -0.065918 0.071289 0.158447
54.357 1 ATTITUDE 2.873291 -1.385498 -0.193604
54.360 1 WP_MOVED 5 506402.3125 3566363.25 820. 12
54.409 1 GPS 0 1130805120 0 0 -17000 0 0 0 62250 12 8
54.442 1 NAVIGATION 0 2 10801716. -3566302. 1.29394907546e+14 1.29395570246e+14 0 0
54.457 1 ATTITUDE 2.878418 -1.38916 -0.189209
54.463 1 DESIRED -0.74 0.1 5. 16. -45. 805. 2.
54.557 1 ATTITUDE 2.876953 -1.392822 -0.190674
54.558 1 STATE_FILTER_STATUS 3 0
54.657 1 ATTITUDE 2.874512 -1.379883 -0.191406
54.663 1 DESIRED -0.74 0.1 5. 16. -45. 805. 2.
54.668 1 GPS 0 1130805120 0 0 -17000 0 0 0 62250 12 9
54.670 1 GPS_SOL 795643648 100160 9999 0
54.673 1 DOWNLINK 4 820 2317
54.692 1 NAVIGATION 0 2 10801716. -3566302. 1.29394907546e+14 1.29395570246e+14 0 0
54.757 1 ATTITUDE 2.868164 -1.362061 -0.194336
54.759 1 ESTIMATOR -16.999998 -1e-06
54.857 1 ATTITUDE 2.863281 -1.357178 -0.199951
54.863 1 DESIRED -0.74 0.1 5. 16. -45. 805. 2.
54.866 1 WP_MOVED 6 506374.40625 3566337.75 820. 12
54.869 1 IMU_GYRO -0.029785 -0.11377 -0.099854
54.874 1 NAVIGATION 0 2 10801716. -3566302. 1.29394907546e+14 1.29395570246e+14 0 0
54.909 1 GPS 0 1130805120 0 0 -17000 0 0 0 62500 12 10
54.942 1 NAVIGATION 0 2 10801716. -3566302. 1.29394907546e+14 1.29395570246e+14 0 0
54.957 1 ATTITUDE 2.869385 -1.363037 -0.201172
54.960 1 IMU_ACCEL 6.345703 -2.370117 -7.271484
55.017 1 DOWNLINK_STATUS 44 36203 1626 0 800. 36. 2.78
55.057 1 ATTITUDE 2.866699 -1.359863 -0.211182
55.063 1 DESIRED -0.74 0.1 5. 16. -45. 805. 2.
55.157 1 ATTITUDE 2.866211 -1.352051 -0.215088
55.162 1 GPS 0 1130805120 0 0 -17000 0 0 0 62750 12 11
55.191 1 NAVIGATION 0 2 10801716. -3566302. 1.29394907546e+14 1.29395570246e+14 0 0
55.257 1 ATTITUDE 2.865234 -1.345947 -0.212646
55.263 1 DESIRED -0.74 0.1 5. 16. -45. 805. 2.
55.265 1 ESTIMATOR -16.999998 -1e-06
55.357 1 ATTITUDE 2.864502 -1.355469 -0.218018
55.360 1 WP_MOVED 7 506350.5 3566270.75 805. 12
55.409 1 GPS 0 1130805120 0 0 -17000 0 0 0 63000 12 12
55.442 1 NAVIGATION 0 2 10801716. -3566302. 1.29394907546e+14 1.29395570246e+14 0 0
55.457 1 ATTITUDE 2.866455 -1.368408 -0.215576
55.463 1 DESIRED -0.74 0.1 5. 16. -45. 805. 2.
55.467 1 IMU_GYRO -0.010498 -0.064697 -0.054199
55.557 1 ATTITUDE 2.864746 -1.373535 -0.213623
55.558 1 DL_VALUE 6 -100.
55.562 1 ENERGY 0. 0. 0 0.
55.657 1 ATTITUDE 2.866211 -1.380127 -0.216064
55.663 1 DESIRED -0.74 0.1 5. 16. -45. 805. 2.
55.668 1 GPS 0 1130805120 0 0 -17000 0 0 0 63250 12 13
55.691 1 NAVIGATION 0 2 10801716. -3566302. 1.29394907546e+14 1.29395570246e+14 0 0
55.757 1 ATTITUDE 2.865967 -1.383301 -0.215576
55.758 1 ESTIMATOR -16.999998 -2e-06
55.761 1 IMU_ACCEL 6.620117 -2.557617 -7.294922
55.763 1 CALIBRATION -150. 0
55.857 1 ATTITUDE 2.867188 -1.386719 -0.215332
55.863 1 DESIRED -0.74 0.1 5. 16. -45. 805. 2.
55.865 1 WP_MOVED 8 506254.8125 3566257.5 815. 12
55.871 1 NAVIGATION 0 2 10801716. -3566302. 1.29394907546e+14 1.29395570246e+14 0 0
55.909 1 GPS 0 1130805120 0 0 -17000 0 0 0 63500 12 14
55.938 1 FBW_STATUS 2 0 1 0 0
55.944 1 NAVIGATION 0 2 10801716. -3566302. 1.29394907546e+14 1.29395570246e+14 0 0
55.958 1 ATTITUDE 2.864502 -1.386475 -0.217773
55.959 1 BAT 0 0 0 0 1 64 64 0
56.018 1 DOWNLINK_STATUS 45 36995 1661 0 792. 35. 2.78
56.057 1 ATTITUDE 2.865723 -1.385986 -0.216797
56.063 1 DESIRED -0.74 0.1 5. 16. -45. 805. 2.
56.065 1 IMU_GYRO -0.033936 -0.039307 0.055176
56.156 1 ATTITUDE 2.859375 -1.383545 -0.216064
56.162 1 GPS 0 1130805120 0 0 -17000 0 0 0 64000 12 15
56.164 1 IMU_MAG -1.691895 -0.46875 1.953613
56.191 1 NAVIGATION 0 2 10801716. -3566302. 1.29394907546e+14 1.29395570246e+14 0 0
56.256 1 ATTITUDE 2.847168 -1.399902 -0.198975
56.263 1 DESIRED -0.74 0.1 5. 16. -45. 805. 2.
56.264 1 ESTIMATOR -16.999998 -2e-06
56.356 1 ATTITUDE 2.812256 -1.429199 -0.134277
56.360 1 WP_MOVED 9 506213.8125 3566287.5 815. 12
56.409 1 GPS 0 1130805120 0 0 -17000 0 0 0 64250 12 16
56.441 1 NAVIGATION 0 2 10801716. -3566302. 1.29394907546e+14 1.29395570246e+14 0 0
56.457 1 ATTITUDE 2.7771 -1.486328 -0.076904
56.462 1 DESIRED -0.74 0.1 5. 16. -45. 805. 2.
56.493 1 PONG 
56.557 1 ATTITUDE 2.724121 -1.518066 0.019287
56.559 1 IMU_ACCEL 4.410156 -4.803711 -8.220703
56.561 1 NAVIGATION_REF 506335 3566302 12
56.657 1 ATTITUDE 2.652344 -1.491455 0.064697
56.662 1 DESIRED -0.74 0.1 5. 16. -45. 805. 2.
56.667 1 GPS 0 1130805120 0 0 -17000 0 0 0 64250 12 1
56.670 1 IMU_GYRO 0.910889 -0.475586 0.010498
56.673 1 GPS_SOL 795645824 100166 9999 0
56.691 1 NAVIGATION 0 2 10801716. -3566302. 1.29394907546e+14 1.29395570246e+14 0 0
56.757 1 ATTITUDE 2.562012 -1.472168 0.07666
56.759 1 ESTIMATOR -16.999998 -3e-06
56.760 1 STATE_FILTER_STATUS 3 0
56.858 1 ATTITUDE 2.535645 -1.358154 0.007568
56.862 1 DESIRED -0.74 0.1 5. 16. -45. 805. 2.
56.866 1 WP_MOVED 0 506377. 3566344. 757. 12
56.870 1 NAVIGATION 0 2 10801716. -3566302. 1.29394907546e+14 1.29395570246e+14 0 0
56.908 1 GPS 0 1130805120 0 0 -17000 0 0 0 64500 12 2
56.940 1 NAVIGATION 0 2 10801716. -3566302. 1.29394907546e+14 1.29395570246e+14 0 0
56.957 1 ATTITUDE 2.531738 -1.297607 -0.038086
