13.150 1 GPS 3 50456616 356667296 32 747228 8 19 1736 603308250 12 18
13.182 1 NAVIGATION 0 1 18.2 -4. 7200.4 345.6 0 0
13.197 1 ATTITUDE -0.083252 1.146729 0.222656
13.203 1 DESIRED -0.64 0.06 5.3 -54. 40. 755. 0.5
13.206 1 IMU_GYRO -0.016846 0.008301 0.018066
13.209 1 IMU_MAG 0.266602 -0.743652 -0.960938
13.297 1 ATTITUDE -0.083496 1.14624 0.2229
13.300 1 IMU_ACCEL -6.638672 0.81543 7.066406
13.302 1 DL_VALUE 8 1.
13.397 1 ATTITUDE -0.08374 1.145996 0.222656
13.403 1 DESIRED -0.64 0.06 5.3 -54. 40. 755. 0.5
13.409 1 GPS 3 50456616 356667296 32 747055 8 11 1736 603308500 12 19
13.411 1 GPS_SOL 1327 263 484 6
13.432 1 NAVIGATION 0 1 18.2 -4. 7200.4 345.6 0 0
13.497 1 ATTITUDE -0.08374 1.145996 0.222412
13.499 1 ESTIMATOR 747.379028 0.227264
13.587 1 PONG 
13.598 1 ATTITUDE -0.083984 1.145996 0.221924
13.603 1 DESIRED -0.64 0.06 5.3 -54. 40. 755. 0.5
13.609 1 WP_MOVED 2 504493.59375 3566717. 755. 12
13.611 1 NAVIGATION 0 1 18.2 -4. 7200.4 345.6 0 0
13.650 1 GPS 3 50456616 356667296 32 747055 8 11 1736 603308500 12 20
13.682 1 NAVIGATION 0 1 18.2 -4. 7200.4 345.6 0 0
13.697 1 ATTITUDE -0.083984 1.14624 0.222168
13.797 1 ATTITUDE -0.084229 1.14624 0.221924
13.803 1 DESIRED -0.64 0.06 5.3 -54. 40. 755. 0.5
13.806 1 IMU_GYRO -0.016846 0.005127 0.015869
13.897 1 ATTITUDE -0.084229 1.145996 0.221924
13.903 1 GPS 3 50456616 356667296 109 746823 20 16 1736 603309000 12 21
13.904 1 STATE_FILTER_STATUS 3 0
13.932 1 NAVIGATION 0 1 18.2 -4. 7200.4 345.6 0 0
13.997 1 ATTITUDE -0.084229 1.145996 0.221924
14.003 1 DESIRED -0.72 0.06 5.3 -54. 40. 755. 0.5
14.005 1 ESTIMATOR 747.213623 0.07282
14.087 1 DOWNLINK_STATUS 6 4997 227 0 815. 37. 3.14
14.097 1 ATTITUDE -0.084473 1.145996 0.221924
14.100 1 WP_MOVED 3 504514.8125 3566634. 755. 12
14.103 1 IMU_ACCEL -6.547852 0.825195 7.042969
14.149 1 GPS 3 50456616 356667296 19 746640 13 10 1736 603309250 12 22
14.182 1 NAVIGATION 0 1 18.2 -4. 7200.4 345.6 0 0
14.197 1 ATTITUDE -0.084473 1.14624 0.221924
14.203 1 DESIRED -0.63 0.06 5.3 -54. 40. 755. 0.5
14.206 1 BAT 0 0 0 147 1 157 157 0
14.297 1 ATTITUDE -0.084473 1.145996 0.22168
14.397 1 ATTITUDE -0.084473 1.14624 0.221436
14.403 1 DESIRED -0.63 0.06 5.3 -54. 40. 755. 0.5
14.408 1 GPS 3 50456616 356667296 3550 746510 16 2 1736 603309500 12 23
14.412 1 IMU_GYRO -0.016846 0.006348 0.015869
14.432 1 NAVIGATION 0 1 18.2 -4. 7200.4 345.6 0 0
14.497 1 ATTITUDE -0.084717 1.146484 0.22168
14.499 1 ESTIMATOR 746.930115 -0.103508
14.502 1 IMU_MAG 0.269043 -0.729004 -0.946289
14.597 1 ATTITUDE -0.084717 1.14624 0.221436
14.603 1 DESIRED -0.56 0.06 5.3 -54. 40. 755. 0.5
14.606 1 WP_MOVED 4 504603.3125 3566652.5 755. 12
14.611 1 NAVIGATION 0 1 18.2 -4. 7200.4 345.6 0 0
14.649 1 GPS 3 50456616 356667296 3550 746437 4 2 1736 603309750 12 24
14.679 1 FBW_STATUS 2 0 1 0 0
14.684 1 NAVIGATION 0 1 18.2 -4. 7200.4 345.6 0 0
14.697 1 ATTITUDE -0.084961 1.146484 0.221436
14.797 1 ATTITUDE -0.084961 1.146484 0.221436
14.803 1 DESIRED -0.56 0.06 5.3 -54. 40. 755. 0.5
14.805 1 DL_VALUE 9 1.
14.897 1 ATTITUDE -0.084961 1.146484 0.221436
14.903 1 GPS 3 50456616 356667296 3475 746503 20 13 1736 603310000 12 25
14.906 1 IMU_ACCEL -6.518555 0.791016 7.128906
14.932 1 NAVIGATION 0 1 18.2 -4. 7200.4 345.6 0 0
14.997 1 ATTITUDE -0.084717 1.146484 0.221436
15.003 1 DESIRED -0.48 0.06 5.3 -54. 40. 755. 0.5
15.005 1 ESTIMATOR 746.679443 -0.210892
15.008 1 IMU_GYRO -0.014893 0.00415 0.014893
15.010 1 CALIBRATION 59.8 0
15.088 1 DOWNLINK_STATUS 7 5823 264 0 826. 37. 3.14
15.097 1 ATTITUDE -0.084717 1.145996 0.22168
15.100 1 WP_MOVED 5 504607.1875 3566709.25 755. 12
15.149 1 GPS 3 50456616 356667296 3588 746551 12 27 1736 603310250 12 26
15.182 1 NAVIGATION 0 1 18.2 -4. 7200.4 345.6 0 0
15.197 1 ATTITUDE -0.084717 1.14624 0.22168
15.203 1 DESIRED -0.6 0.06 5.3 -54. 40. 755. 0.5
15.297 1 ATTITUDE -0.084961 1.145996 0.221436
15.300 1 BAT 0 0 0 148 1 158 158 0
15.304 1 ENERGY 0. 0. 0 0.
15.397 1 ATTITUDE -0.085205 1.14624 0.221436
15.403 1 DESIRED -0.6 0.06 5.3 -54. 40. 755. 0.5
15.408 1 GPS 3 50456616 356667296 37 746640 16 25 1736 603310500 12 27
15.411 1 GPS_SOL 1359 266 328 7
15.432 1 NAVIGATION 0 1 18.2 -4. 7200.4 345.6 0 0
15.497 1 ATTITUDE -0.085205 1.14624 0.221436
15.499 1 ESTIMATOR 746.574341 -0.208957
15.597 1 ATTITUDE -0.085205 1.145996 0.221191
15.603 1 DESIRED -0.65 0.06 5.3 -54. 40. 755. 0.5
15.606 1 WP_MOVED 0 504590. 3566719. 755. 12
15.609 1 IMU_GYRO -0.02124 0.011475 0.015869
15.614 1 NAVIGATION 0 1 18.2 -4. 7200.4 345.6 0 0
15.649 1 GPS 3 50456616 356667296 37 746640 16 25 1736 603310500 12 28
15.682 1 NAVIGATION 0 1 18.2 -4. 7200.4 345.6 0 0
15.697 1 ATTITUDE -0.085205 1.145752 0.221191
15.700 1 IMU_ACCEL -6.566406 0.772461 7.142578
15.797 1 ATTITUDE -0.084961 1.145752 0.221191
15.803 1 DESIRED -0.69 0.06 5.3 -54. 40. 755. 0.5
15.806 1 IMU_MAG 0.266602 -0.726074 -0.946289
15.897 1 ATTITUDE -0.084961 1.145508 0.221191
15.902 1 GPS 3 50456616 356667296 137 746473 59 23 1736 603311000 12 29
15.932 1 NAVIGATION 0 1 18.2 -4. 7200.4 345.6 0 0
15.997 1 ATTITUDE -0.084961 1.145996 0.22168
16.003 1 DESIRED -0.75 0.06 5.3 -54. 40. 755. 0.5
16.005 1 ESTIMATOR 746.475647 -0.206009
16.089 1 DOWNLINK_STATUS 8 6614 298 0 791. 34. 3.14
16.097 1 ATTITUDE -0.085449 1.145752 0.221436
16.100 1 WP_MOVED 1 504548. 3566677. 754. 12
16.102 1 STATE_FILTER_STATUS 3 0
16.149 1 GPS 3 50456616 356667296 180 746746 56 9 1736 603311250 12 30
16.182 1 NAVIGATION 0 1 18.2 -4. 7200.4 345.6 0 0
16.197 1 ATTITUDE -0.084961 1.145996 0.221191
16.203 1 DESIRED -0.8 0.06 5.3 -54. 40. 755. 0.5
16.206 1 IMU_GYRO -0.016846 0.003174 0.019043
16.297 1 ATTITUDE -0.084717 1.145996 0.22168
16.299 1 DL_VALUE 10 0.
16.301 1 DOWNLINK 27 0 6015
16.397 1 ATTITUDE -0.084717 1.145508 0.22168
16.403 1 DESIRED -0.8 0.06 5.3 -54. 40. 755. 0.5
16.408 1 GPS 3 50456616 356667296 94 746793 26 14 1736 603311500 12 31
16.412 1 BAT 0 0 0 149 1 159 159 0
16.432 1 NAVIGATION 0 1 18.2 -4. 7200.4 345.6 0 0
16.497 1 ATTITUDE -0.084717 1.145508 0.22168
16.499 1 ESTIMATOR 746.551208 -0.107377
16.502 1 IMU_ACCEL -6.615234 0.844727 7.185547
16.597 1 ATTITUDE -0.084717 1.145508 0.22168
16.603 1 DESIRED -0.71 0.06 5.3 -54. 40. 755. 0.5
16.606 1 WP_MOVED 2 504493.59375 3566717. 755. 12
16.611 1 NAVIGATION 0 1 18.2 -4. 7200.4 345.6 0 0
16.649 1 GPS 3 50456616 356667296 94 747029 26 14 1736 603311500 12 32
16.652 1 SVINFO 0 3 13 4 26 23 46
16.679 1 FBW_STATUS 2 0 1 0 0
16.684 1 NAVIGATION 0 1 18.2 -4. 7200.4 345.6 0 0
16.697 1 ATTITUDE -0.084473 1.145264 0.221924
16.779 1 COMMANDS 0,-3600,-878
16.797 1 ATTITUDE -0.084717 1.145264 0.221436
16.803 1 DESIRED -0.63 0.06 5.3 -54. 40. 755. 0.5
16.806 1 IMU_GYRO -0.012695 -0.001953 0.018066
16.879 1 ACTUATORS 1000,1453,1380
16.897 1 ATTITUDE -0.084717 1.14502 0.221436
16.902 1 GPS 3 50456616 356667296 66 747092 29 33 1736 603312000 12 1
16.905 1 SVINFO 1 6 15 4 17 7 38
16.931 1 NAVIGATION 0 1 18.2 -4. 7200.4 345.6 0 0
16.997 1 ATTITUDE -0.084717 1.145508 0.221436
17.003 1 DESIRED -0.68 0.06 5.3 -54. 40. 755. 0.5
17.005 1 ESTIMATOR 746.760925 0.037413
17.090 1 DOWNLINK_STATUS 9 7467 338 0 853. 40. 3.14
17.097 1 ATTITUDE -0.084717 1.145508 0.22168
17.100 1 WP_MOVED 3 504514.8125 3566634. 755. 12
17.103 1 IMU_MAG 0.273926 -0.731934 -0.932129
17.105 1 CALIBRATION 54.7 0
17.150 1 GPS 3 50456616 356667296 107 747178 54 25 1736 603312250 12 2
17.152 1 SVINFO 2 7 15 7 35 62 12
17.181 1 NAVIGATION 0 1 18.2 -4. 7200.4 345.6 0 0
17.197 1 ATTITUDE -0.084473 1.145752 0.22168
17.203 1 DESIRED -0.72 0.06 5.3 -54. 40. 755. 0.5
17.297 1 ATTITUDE -0.084473 1.145996 0.22168
17.300 1 IMU_ACCEL -6.595703 0.795898 7.099609
17.397 1 ATTITUDE -0.084473 1.145752 0.221436
17.402 1 DESIRED -0.72 0.06 5.3 -54. 40. 755. 0.5
17.408 1 GPS 3 50456616 356667296 150 747264 79 14 1736 603312500 12 3
17.411 1 SVINFO 3 8 4 4 19 46 322
17.414 1 IMU_GYRO -0.016846 0.008301 0.015869
17.431 1 NAVIGATION 0 1 18.2 -4. 7200.4 345.6 0 0
17.497 1 ATTITUDE -0.084229 1.145752 0.22168
17.499 1 ESTIMATOR 746.99353 0.155008
17.503 1 BAT 0 0 0 150 1 160 160 0
17.597 1 ATTITUDE -0.084229 1.145752 0.221436
17.603 1 DESIRED -0.8 0.06 5.3 -54. 40. 755. 0.5
17.606 1 WP_MOVED 4 504603.3125 3566652.5 755. 12
17.611 1 NAVIGATION 0 1 18.2 -4. 7200.4 345.6 0 0
17.649 1 GPS 3 50456616 356667296 150 747264 79 14 1736 603312500 12 4
17.681 1 NAVIGATION 0 1 18.2 -4. 7200.4 345.6 0 0
17.697 1 ATTITUDE -0.084229 1.145264 0.221436
17.797 1 ATTITUDE -0.083984 1.145508 0.221436
17.803 1 DESIRED -0.8 0.06 5.3 -54. 40. 755. 0.5
17.804 1 DL_VALUE 11 1.
17.808 1 ENERGY 0. 0. 0 0.
17.897 1 ATTITUDE -0.084229 1.145752 0.22168
17.902 1 GPS 3 50456616 356667296 224 747336 64 27 1736 603313000 12 5
17.906 1 ALIVE 20,182,19,30,209,130,135,216,36,56,36,172,141,52,115,94
17.932 1 NAVIGATION 0 1 18.2 -4. 7200.4 345.6 0 0
17.997 1 ATTITUDE -0.084229 1.145264 0.221436
18.003 1 DESIRED -0.8 0.06 5.3 -54. 40. 755. 0.5
18.005 1 ESTIMATOR 747.187744 0.2192
18.008 1 IMU_GYRO -0.019043 0.008301 0.015869
18.010 1 PPRZ_MODE 2 3 3 0 0 6
18.090 1 DOWNLINK_STATUS 10 8344 378 0 877. 40. 3.14
18.097 1 ATTITUDE -0.084229 1.145264 0.22168
18.100 1 WP_MOVED 5 504607.1875 3566709.25 755. 12
18.103 1 IMU_ACCEL -6.566406 0.800781 7.09082
18.150 1 GPS 3 50456616 356667296 255 747349 50 24 1736 603313250 12 6
18.152 1 SVINFO 6 11 15 7 32 17 122
18.181 1 NAVIGATION 0 1 18.2 -4. 7200.4 345.6 0 0
18.197 1 ATTITUDE -0.083984 1.145508 0.221436
18.202 1 DESIRED -0.8 0.06 5.3 -54. 40. 755. 0.5
18.297 1 ATTITUDE -0.084229 1.145264 0.22168
18.298 1 STATE_FILTER_STATUS 3 0
18.397 1 ATTITUDE -0.083984 1.145508 0.22168
18.402 1 DESIRED -0.8 0.06 5.3 -54. 40. 755. 0.5
18.408 1 GPS 3 50456616 356667296 284 747361 69 24 1736 603313500 12 7
18.411 1 IMU_MAG 0.271484 -0.746582 -0.946289
18.431 1 NAVIGATION 0 1 18.2 -4. 7200.4 345.6 0 0
18.497 1 ATTITUDE -0.084229 1.145264 0.22168
18.499 1 ESTIMATOR 747.337036 0.24034
18.587 1 PONG 
18.597 1 ATTITUDE -0.083984 1.145508 0.22168
18.602 1 DESIRED -0.8 0.06 5.3 -54. 40. 755. 0.5
18.606 1 WP_MOVED 0 504590. 3566719. 755. 12
18.609 1 IMU_GYRO -0.016846 0.007324 0.016846
18.614 1 NAVIGATION 0 1 18.2 -4. 7200.4 345.6 0 0
18.649 1 GPS 3 50456616 356667296 284 747361 69 24 1736 603313500 12 8
18.679 1 FBW_STATUS 2 0 1 0 0
18.684 1 NAVIGATION 0 1 18.2 -4. 7200.4 345.6 0 0
18.697 1 ATTITUDE -0.084229 1.145264 0.22168
18.797 1 ATTITUDE -0.084229 1.14502 0.221436
18.802 1 DESIRED -0.8 0.06 5.3 -54. 40. 755. 0.5
18.897 1 ATTITUDE -0.084229 1.145264 0.221436
18.902 1 GPS 3 50456680 356667296 338 747368 29 8 1736 603314000 12 9
18.905 1 SVINFO 9 13 15 7 39 51 155
18.908 1 IMU_ACCEL -6.605469 0.795898 7.137695
18.931 1 NAVIGATION 0 1 18.8 -4. 7296.1 369.9 0 0
18.997 1 ATTITUDE -0.084229 1.14502 0.221436
19.002 1 DESIRED -0.8 0.06 5.3 -54. 40. 755. 0.5
19.005 1 ESTIMATOR 747.410095 0.214922
19.092 1 DOWNLINK_STATUS 11 9153 415 0 809. 37. 2.63
19.097 1 ATTITUDE -0.084473 1.145508 0.221436
19.100 1 WP_MOVED 1 504548. 3566677. 754. 12
19.151 1 GPS 3 50456808 356667296 375 747531 52 30 1736 603314250 12 10
19.181 1 NAVIGATION 0 1 20.1 -4. 7485.3 419.8 0 0
19.197 1 ATTITUDE -0.084473 1.145264 0.221436
19.202 1 DESIRED -0.8 0.06 5.2 -54. 40. 755. 0.5
19.206 1 IMU_GYRO -0.016846 0.006348 0.015869
19.207 1 CALIBRATION 52.3 0
19.296 1 ATTITUDE -0.084717 1.145508 0.221436
19.298 1 DL_VALUE 0 0.
19.397 1 ATTITUDE -0.084473 1.145264 0.221436
19.402 1 DESIRED -0.8 0.06 5.2 -54. 40. 755. 0.5
19.408 1 GPS 3 50456808 356667296 412 747703 26 7 1736 603314500 12 11
19.411 1 GPS_SOL 1426 263 328 7
19.431 1 NAVIGATION 0 1 20.1 -4. 7485.3 419.8 0 0
19.497 1 ATTITUDE -0.084473 1.145508 0.22168
19.499 1 ESTIMATOR 747.579895 0.250403
19.597 1 ATTITUDE -0.084717 1.145752 0.221436
19.602 1 DESIRED -0.8 0.06 5.2 -54. 40. 755. 0.4
19.606 1 WP_MOVED 2 504493.59375 3566717. 755. 12
19.610 1 NAVIGATION 0 1 20.1 -4. 7485.3 419.8 0 0
19.652 1 GPS 3 50456808 356667296 412 747703 26 7 1736 603314500 12 12
19.653 1 SVINFO 12 19 15 4 18 39 65
19.681 1 NAVIGATION 0 1 20.1 -4. 7485.3 419.8 0 0
19.696 1 ATTITUDE -0.084717 1.145508 0.22168
19.700 1 IMU_ACCEL -6.628906 0.805664 7.170898
19.703 1 BAT 0 0 0 153 1 163 163 0
19.706 1 IMU_MAG 0.26416 -0.731934 -0.943848
19.797 1 ATTITUDE -0.084717 1.145508 0.22168
19.802 1 DESIRED -0.8 0.06 5.2 -54. 40. 755. 0.4
19.806 1 IMU_GYRO -0.016846 0.007324 0.014893
19.896 1 ATTITUDE -0.084717 1.145508 0.22168
19.902 1 GPS 3 50456808 356667360 436 747817 66 -3 1736 603315000 12 13
19.905 1 SVINFO 13 23 15 7 44 25 153
19.931 1 NAVIGATION 0 1 20.1 -3.5 7441.6 416. 0 0
19.996 1 ATTITUDE -0.084717 1.145264 0.221924
20.002 1 DESIRED -0.8 0.06 5.2 -54. 40. 755. 0.4
20.005 1 ESTIMATOR 747.780029 0.29007
20.093 1 DOWNLINK_STATUS 12 9992 453 0 839. 38. 2.63
20.096 1 ATTITUDE -0.084717 1.144531 0.22168
20.100 1 WP_MOVED 3 504514.8125 3566634. 755. 12
20.150 1 GPS 3 50456808 356667360 469 747733 48 13 1736 603315250 12 14
20.181 1 NAVIGATION 0 1 20.1 -3.5 7441.6 416. 0 0
20.197 1 ATTITUDE -0.084961 1.144775 0.221436
20.202 1 DESIRED -0.8 0.06 5.2 -54. 40. 755. 0.4
20.296 1 ATTITUDE -0.085205 1.14502 0.221191
20.300 1 ENERGY 0. 0. 0 0.
20.303 1 NAVIGATION_REF 504548 3566677 12
20.396 1 ATTITUDE -0.085205 1.14502 0.221191
20.402 1 DESIRED -0.8 0.06 5.2 -54. 40. 755. 0.4
20.408 1 GPS 3 50456808 356667360 481 747714 47 1 1736 603315500 12 15
20.411 1 SVINFO 15 135 28 7 33 46 217
20.414 1 IMU_GYRO -0.001953 -0.022217 0.025391
20.431 1 NAVIGATION 0 1 20.1 -3.5 7441.6 416. 0 0
20.496 1 ATTITUDE -0.085693 1.144775 0.219482
20.499 1 ESTIMATOR 747.844604 0.245065
20.502 1 IMU_ACCEL -6.388672 0.887695 7.195312
20.504 1 STATE_FILTER_STATUS 3 0
20.596 1 ATTITUDE -0.085693 1.144531 0.220459
20.602 1 DESIRED -0.8 0.06 5.2 -54. 40. 755. 0.4
20.606 1 WP_MOVED 4 504603.3125 3566652.5 755. 12
20.610 1 NAVIGATION 0 1 20.1 -3.5 7441.6 416. 0 0
20.651 1 GPS 3 50456808 356667360 481 747714 47 1 1736 603315500 12 16
20.679 1 FBW_STATUS 2 0 1 0 0
20.684 1 NAVIGATION 0 1 20.1 -3.5 7441.6 416. 0 0
20.696 1 ATTITUDE -0.086426 1.145264 0.218506
20.796 1 ATTITUDE -0.085938 1.144775 0.219727
20.802 1 DESIRED -0.8 0.06 5.2 -54. 40. 755. 0.4
20.806 1 BAT 0 0 0 154 1 164 164 0
20.808 1 DL_VALUE 1 0.
20.896 1 ATTITUDE -0.086182 1.144775 0.219727
20.902 1 GPS 3 50456808 356667360 489 747692 13 4 1736 603316000 12 17
20.931 1 NAVIGATION 0 1 20.1 -3.5 7441.6 416. 0 0
20.996 1 ATTITUDE -0.085449 1.144775 0.220947
21.002 1 DESIRED -0.8 0.06 5.2 -54. 40. 755. 0.4
21.005 1 ESTIMATOR 747.844788 0.177794
21.008 1 IMU_GYRO -0.02124 -0.000977 0.015869
21.011 1 IMU_MAG 0.271484 -0.726074 -0.937988
21.093 1 DOWNLINK_STATUS 13 10847 492 0 855. 39. 2.63
21.096 1 ATTITUDE -0.085938 1.144775 0.220459
21.100 1 WP_MOVED 5 504607.1875 3566709.25 755. 12
21.152 1 GPS 3 50456936 356667360 552 747757 16 17 1736 603316250 12 18
21.181 1 NAVIGATION 0 1 21.4 -3.5 7634.1 469.1 0 0
21.196 1 ATTITUDE -0.085693 1.145264 0.219971
21.202 1 DESIRED -0.8 0.06 5.2 -54. 40. 755. 0.4
21.296 1 ATTITUDE -0.08667 1.145264 0.219971
21.300 1 IMU_ACCEL -6.605469 0.810547 7.009766
21.301 1 CALIBRATION 50.7 0
21.396 1 ATTITUDE -0.086914 1.145508 0.219727
21.402 1 DESIRED -0.8 0.06 5.2 -54. 40. 755. 0.4
21.408 1 GPS 3 50456936 356667360 589 747679 30 21 1736 603316500 12 19
21.411 1 GPS_SOL 1446 261 327 7
21.413 1 DOWNLINK 29 848 6212
21.431 1 NAVIGATION 0 1 21.4 -3.5 7634.1 469.1 0 0
21.496 1 ATTITUDE -0.086914 1.145264 0.220215
21.499 1 ESTIMATOR 747.839233 0.124791
21.596 1 ATTITUDE -0.086914 1.145264 0.220703
21.602 1 DESIRED -0.8 0.06 5.2 -54. 40. 755. 0.4
21.606 1 WP_MOVED 0 504590. 3566719. 755. 12
21.609 1 IMU_GYRO -0.019043 0.016846 0.008301
21.613 1 NAVIGATION 0 1 21.4 -3.5 7634.1 469.1 0 0
21.653 1 GPS 3 50456936 356667360 589 747679 30 21 1736 603316500 12 20
21.681 1 NAVIGATION 0 1 21.4 -3.5 7634.1 469.1 0 0
21.696 1 ATTITUDE -0.08667 1.145264 0.220459
21.779 1 COMMANDS 0,-4711,-891
21.796 1 ATTITUDE -0.086426 1.14502 0.221191
21.802 1 DESIRED -0.8 0.06 5.2 -54. 40. 755. 0.4
21.879 1 ACTUATORS 1000,1427,1353
21.896 1 ATTITUDE -0.086182 1.144775 0.221436
21.902 1 GPS 3 50457004 356667360 774 748020 49 17 1736 603317000 12 21
21.906 1 BAT 0 0 0 155 1 165 165 0
21.931 1 NAVIGATION 0 1 22. -3.5 7734. 497.6 0 0
21.996 1 ATTITUDE -0.086182 1.144287 0.220703
22.002 1 DESIRED -0.8 0.06 5.2 -54. 40. 755. 0.4
22.005 1 ESTIMATOR 747.915283 0.134631
22.093 1 DOWNLINK_STATUS 14 11648 528 0 801. 36. 2.63
22.096 1 ATTITUDE -0.08667 1.144531 0.220459
22.100 1 WP_MOVED 1 504548. 3566677. 754. 12
22.103 1 IMU_ACCEL -6.648438 0.772461 7.242188
22.153 1 GPS 3 50457004 356667296 861 748224 78 57 1736 603317250 12 22
22.181 1 NAVIGATION 0 1 22. -4. 7777.7 501.4 0 0
22.196 1 ATTITUDE -0.08667 1.144775 0.220459
22.202 1 DESIRED -0.8 0.06 5.2 -54. 40. 755. 0.4
22.205 1 IMU_GYRO -0.023193 0.013672 0.011475
22.296 1 ATTITUDE -0.086426 1.144775 0.220215
22.299 1 IMU_MAG 0.269043 -0.734863 -0.949219
22.301 1 DL_VALUE 2 755.
22.396 1 ATTITUDE -0.086426 1.144531 0.220459
22.402 1 DESIRED -0.8 0.06 5.2 -54. 40. 755. 0.4
22.408 1 GPS 3 50457004 356667296 938 748137 14 28 1736 603317500 12 23
22.431 1 NAVIGATION 0 1 22. -4. 7777.7 501.4 0 0
22.496 1 ATTITUDE -0.08667 1.144287 0.220703
22.499 1 ESTIMATOR 748.082581 0.187718
22.596 1 ATTITUDE -0.087402 1.144287 0.220215
22.602 1 DESIRED -0.8 0.06 5.2 -54. 40. 755. 0.4
22.606 1 WP_MOVED 2 504493.59375 3566717. 755. 12
22.610 1 NAVIGATION 0 1 22. -4. 7777.7 501.4 0 0
22.654 1 GPS 3 50457004 356667296 938 748137 14 28 1736 603317500 12 24
22.681 1 NAVIGATION 0 1 22. -4. 7777.7 501.4 0 0
22.684 1 FBW_STATUS 2 0 1 0 0
22.696 1 ATTITUDE -0.086426 1.144043 0.223145
22.698 1 STATE_FILTER_STATUS 3 0
22.796 1 ATTITUDE -0.08667 1.143555 0.224121
22.802 1 DESIRED -0.8 0.06 5.2 -54. 40. 755. 0.4
22.805 1 IMU_GYRO 0.00415 -0.070068 0.031738
22.809 1 ENERGY 0. 0. 0 0.
22.896 1 ATTITUDE -0.08667 1.143555 0.222412
22.902 1 GPS 3 50457004 356667296 912 748123 55 11 1736 603318000 12 25
22.905 1 IMU_ACCEL -6.71582 0.800781 7.119141
22.909 1 ALIVE 20,182,19,30,209,130,135,216,36,56,36,172,141,52,115,94
22.931 1 NAVIGATION 0 1 22. -4. 7777.7 501.4 0 0
22.996 1 ATTITUDE -0.086182 1.143799 0.223145
23.002 1 DESIRED -0.8 0.06 5.2 -54. 40. 755. 0.4
23.005 1 ESTIMATOR 748.170898 0.183598
23.008 1 BAT 0 0 0 156 1 166 166 0
23.010 1 PPRZ_MODE 2 3 3 0 0 6
23.093 1 DOWNLINK_STATUS 15 12527 568 0 879. 40. 2.63
23.096 1 ATTITUDE -0.086182 1.143311 0.222656
23.100 1 WP_MOVED 3 504514.8125 3566634. 755. 12
23.149 1 GPS 3 50457004 356667296 918 748470 32 32 1736 603318250 12 26
23.181 1 NAVIGATION 0 1 22. -4. 7777.7 501.4 0 0
23.196 1 ATTITUDE -0.085693 1.143555 0.223145
23.203 1 DESIRED -0.8 0.06 5.2 -54. 40. 755. 0.4
23.296 1 ATTITUDE -0.085693 1.143555 0.2229
23.396 1 ATTITUDE -0.086426 1.143555 0.22168
23.403 1 DESIRED -0.8 0.06 5.2 -54. 40. 755. 0.4
23.408 1 GPS 3 50457004 356667296 921 748706 62 43 1736 603318500 12 27
23.411 1 IMU_GYRO -0.019043 0.031738 0.011475
23.414 1 GPS_SOL 1449 259 327 7
23.431 1 NAVIGATION 0 1 22. -4. 7777.7 501.4 0 0
23.489 1 WIND_INFO 1 42 0. 0. 0.
23.496 1 ATTITUDE -0.086182 1.143555 0.221924
23.499 1 ESTIMATOR 748.432129 0.278342
23.590 1 PONG 
23.596 1 ATTITUDE -0.085693 1.143555 0.222168
23.602 1 DESIRED -0.8 0.06 5.2 -54. 40. 755. 0.4
23.607 1 WP_MOVED 4 504603.3125 3566652.5 755. 12
23.612 1 NAVIGATION 0 1 22. -4. 7777.7 501.4 0 0
23.613 1 IMU_MAG 0.271484 -0.729004 -0.940918
23.649 1 GPS 3 50457004 356667296 921 748706 62 43 1736 603318500 12 28
23.681 1 NAVIGATION 0 1 23.3 -4. 7975.2 559.5 0 0
23.696 1 ATTITUDE -0.085449 1.143555 0.222656
23.699 1 IMU_ACCEL -6.538086 0.795898 7.147461
23.796 1 ATTITUDE -0.085449 1.143311 0.222168
23.802 1 DESIRED -0.8 0.06 5.2 -54. 40. 755. 0.4
23.804 1 DL_VALUE 3 0.
23.896 1 ATTITUDE -0.085449 1.143066 0.222168
23.902 1 GPS 3 50457132 356667296 902 748936 80 27 1736 603319000 12 29
23.931 1 NAVIGATION 0 1 23.3 -4. 7975.2 559.5 0 0
23.996 1 ATTITUDE -0.085693 1.142822 0.222412
24.002 1 DESIRED -0.8 0.06 5.2 -54. 40. 755. 0.4
24.005 1 ESTIMATOR 748.74469 0.372928
24.008 1 IMU_GYRO -0.036133 0.02002 0.008301
24.094 1 DOWNLINK_STATUS 16 13313 603 0 786. 35. 3.33
24.096 1 ATTITUDE -0.085205 1.142578 0.222412
24.100 1 WP_MOVED 5 504607.1875 3566709.25 755. 12
24.103 1 BAT 0 0 0 157 1 167 167 0
24.149 1 GPS 3 50457260 356667360 891 749019 76 32 1736 603319250 12 30
24.181 1 NAVIGATION 0 1 24.6 -3.5 8132.3 617.1 0 0
24.196 1 ATTITUDE -0.085205 1.142822 0.222656
24.202 1 DESIRED -0.8 0.06 5.2 -54. 40. 755. 0.4
24.296 1 ATTITUDE -0.085449 1.142822 0.2229
24.396 1 ATTITUDE -0.085205 1.143066 0.2229
24.402 1 DESIRED -0.8 0.06 5.2 -54. 40. 755. 0.4
24.408 1 GPS 3 50457260 356667360 879 749169 79 29 1736 603319500 12 31
24.431 1 NAVIGATION 0 1 24.6 -3.5 8132.3 617.1 0 0
24.496 1 ATTITUDE -0.085449 1.142822 0.222412
24.499 1 ESTIMATOR 749.031982 0.42861
24.502 1 IMU_ACCEL -6.600586 0.834961 7.02832
24.596 1 ATTITUDE -0.085205 1.143311 0.222168
24.602 1 DESIRED -0.8 0.06 5.2 -54. 40. 755. 0.4
24.606 1 WP_MOVED 0 504590. 3566719. 755. 12
24.609 1 IMU_GYRO -0.02124 0.011475 0.013672
24.613 1 NAVIGATION 0 1 24.6 -3.5 8132.3 617.1 0 0
24.649 1 GPS 3 50457260 356667360 879 749169 79 29 1736 603319500 12 32
24.655 1 SVINFO 0 3 13 4 20 23 46
24.679 1 FBW_STATUS 2 0 1 0 0
24.683 1 NAVIGATION 0 1 24.6 -3.5 8132.3 617.1 0 0
24.696 1 ATTITUDE -0.085693 1.143311 0.222168
24.796 1 ATTITUDE -0.085205 1.142822 0.222656
24.802 1 DESIRED -0.8 0.05 5.2 -54. 40. 755. 0.3
24.896 1 ATTITUDE -0.084961 1.143066 0.2229
24.902 1 GPS 3 50457260 356667360 864 749585 59 26 1736 603320000 12 1
24.905 1 IMU_MAG 0.271484 -0.729004 -0.946289
24.907 1 STATE_FILTER_STATUS 3 0
24.931 1 NAVIGATION 0 1 24.6 -3.5 8132.3 617.1 0 0
24.996 1 ATTITUDE -0.084961 1.143066 0.2229
25.002 1 DESIRED -0.8 0.05 5.2 -54. 40. 755. 0.3
25.005 1 ESTIMATOR 749.395752 0.510826
25.094 1 DOWNLINK_STATUS 17 14104 638 0 791. 35. 3.33
25.096 1 ATTITUDE -0.084717 1.143066 0.223145
25.100 1 WP_MOVED 1 504548. 3566677. 754. 12
25.149 1 GPS 3 50457324 356667360 853 749680 77 43 1736 603320250 12 2
25.154 1 SVINFO 2 6 15 4 15 7 38
25.182 1 NAVIGATION 0 1 25.2 -3.5 8236.4 649.8 0 0
25.196 1 ATTITUDE -0.084473 1.143066 0.223145
25.202 1 DESIRED -0.8 0.05 5.2 -54. 40. 755. 0.3
25.205 1 IMU_GYRO -0.016846 0.015869 0.013672
25.209 1 BAT 0 0 0 158 1 168 168 0
25.296 1 ATTITUDE -0.084473 1.143066 0.223145
25.299 1 IMU_ACCEL -6.552734 0.853516 7.175781
25.301 1 DL_VALUE 4 0.
25.305 1 ENERGY 0. 0. 0 0.
25.396 1 ATTITUDE -0.084229 1.143311 0.223389
25.402 1 DESIRED -0.8 0.05 5.2 -54. 40. 755. 0.3
25.408 1 GPS 3 50457324 356667360 846 749675 85 39 1736 603320500 12 3
25.410 1 SVINFO 3 7 15 7 36 62 12
25.413 1 GPS_SOL 1454 266 327 7
25.431 1 NAVIGATION 0 1 25.2 -3.5 8236.4 649.8 0 0
25.496 1 ATTITUDE -0.084473 1.143311 0.223389
25.499 1 ESTIMATOR 749.691589 0.531278
25.501 1 CALIBRATION 49.3 0
25.596 1 ATTITUDE -0.084717 1.143066 0.222656
25.601 1 SETTING 1 8 1.
25.602 1 DESIRED -0.8 0.05 5.2 -54. 40. 755. 0.3
25.606 1 WP_MOVED 2 504493.59375 3566717. 755. 12
25.612 1 NAVIGATION 0 1 25.2 -3.5 8236.4 649.8 0 0
25.612 1 DL_VALUE 8 1.
25.649 1 GPS 3 50457324 356667360 846 749675 85 39 1736 603320500 12 4
25.656 1 SVINFO 4 8 4 4 24 46 322
25.681 1 NAVIGATION 0 1 26.5 -3.5 8442.1 716.2 0 0
25.696 1 ATTITUDE -0.084473 1.143311 0.222656
25.796 1 ATTITUDE -0.084717 1.143066 0.223145
25.802 1 DESIRED -0.8 0.05 5.2 -54. 40. 755. 0.3
25.805 1 IMU_GYRO -0.014893 -0.000977 0.015869
25.896 1 ATTITUDE -0.084717 1.142822 0.223145
25.902 1 GPS 3 50457452 356667360 828 749558 88 27 1736 603321000 12 5
25.931 1 NAVIGATION 0 1 26.5 -3.5 8442.1 716.2 0 0
25.996 1 ATTITUDE -0.084717 1.142578 0.2229
26.002 1 DESIRED -0.8 0.05 5.2 -54. 40. 755. 0.3
26.004 1 ESTIMATOR 749.812012 0.449555
26.094 1 DOWNLINK_STATUS 18 14970 678 0 866. 40. 3.33
26.096 1 ATTITUDE -0.084961 1.142578 0.222412
26.100 1 WP_MOVED 3 504514.8125 3566634. 755. 12
26.103 1 IMU_ACCEL -6.552734 0.791016 7.085938
26.149 1 GPS 3 50457452 356667360 829 749625 65 28 1736 603321250 12 6
26.181 1 NAVIGATION 0 1 26.5 -3.5 8442.1 716.2 0 0
26.196 1 ATTITUDE -0.084717 1.142578 0.222412
26.202 1 DESIRED -0.8 0.05 5.2 -54. 40. 755. 0.3
26.205 1 IMU_MAG 0.269043 -0.731934 -0.946289
26.296 1 ATTITUDE -0.084473 1.142822 0.2229
26.300 1 BAT 0 0 0 159 1 169 169 0
26.396 1 ATTITUDE -0.084473 1.142578 0.2229
26.402 1 DESIRED -0.8 0.05 5.2 -54. 40. 755. 0.3
26.408 1 GPS 3 50457452 356667360 831 749616 65 20 1736 603321500 12 7
26.410 1 SVINFO 7 11 15 7 34 18 122
26.413 1 IMU_GYRO -0.02124 0.008301 0.013672
26.431 1 NAVIGATION 0 1 26.5 -3.5 8442.1 716.2 0 0
26.496 1 ATTITUDE -0.084473 1.142822 0.2229
26.499 1 ESTIMATOR 749.863037 0.353276
26.500 1 DOWNLINK 30 828 6403
26.596 1 ATTITUDE -0.084473 1.142822 0.2229
26.602 1 DESIRED -0.8 0.05 5.2 -54. 40. 755. 0.3
26.605 1 WP_MOVED 4 504603.3125 3566652.5 755. 12
26.610 1 NAVIGATION 0 1 26.5 -3.5 8442.1 716.2 0 0
26.649 1 GPS 3 50457452 356667360 854 749730 30 30 1736 603321750 12 8
26.681 1 NAVIGATION 0 1 26.5 -3.5 8442.1 716.2 0 0
26.683 1 FBW_STATUS 2 0 1 0 0
26.696 1 ATTITUDE -0.084473 1.142578 0.222656
26.778 1 COMMANDS 0,-4720,-934
26.796 1 ATTITUDE -0.084717 1.142578 0.222168
26.802 1 DESIRED -0.8 0.05 5.2 -54. 40. 755. 0.3
26.804 1 DL_VALUE 5 160.
26.878 1 ACTUATORS 1000,1429,1351
26.896 1 ATTITUDE -0.084717 1.142578 0.222168
26.902 1 GPS 3 50457452 356667360 923 749676 20 32 1736 603322000 12 9
26.904 1 SVINFO 9 13 15 7 40 51 155
26.907 1 IMU_ACCEL -6.490234 0.705078 7.033203
26.931 1 NAVIGATION 0 1 26.5 -3.5 8442.1 716.2 0 0
26.996 1 ATTITUDE -0.085205 1.142822 0.221924
27.002 1 DESIRED -0.8 0.05 5.2 -54. 40. 755. 0.3
27.004 1 ESTIMATOR 749.897705 0.274082
27.008 1 IMU_GYRO -0.016846 0.010498 0.007324
27.094 1 DOWNLINK_STATUS 19 15850 719 0 880. 41. 3.33
27.096 1 ATTITUDE -0.084717 1.142822 0.221924
27.100 1 WP_MOVED 5 504607.1875 3566709.25 755. 12
27.101 1 STATE_FILTER_STATUS 3 0
27.149 1 GPS 3 50457452 356667360 968 749604 20 35 1736 603322250 12 10
27.181 1 NAVIGATION 0 1 26.5 -3.5 8442.1 716.2 0 0
27.196 1 ATTITUDE -0.084717 1.143066 0.222168
27.202 1 DESIRED -0.8 0.05 5.2 -54. 40. 755. 0.3
27.296 1 ATTITUDE -0.084961 1.142822 0.22168
27.396 1 ATTITUDE -0.084961 1.142822 0.22168
27.402 1 DESIRED -0.8 0.05 5.2 -54. 40. 755. 0.3
27.408 1 GPS 3 50457452 356667360 991 749463 73 52 1736 603322500 12 11
27.411 1 BAT 0 0 0 160 1 170 170 0
27.414 1 GPS_SOL 1453 254 327 7
27.431 1 NAVIGATION 0 1 26.5 -3.5 8442.1 716.2 0 0
27.496 1 ATTITUDE -0.085205 1.142578 0.22168
27.498 1 ESTIMATOR 749.808472 0.148042
27.502 1 IMU_MAG 0.271484 -0.729004 -0.932129
27.596 1 ATTITUDE -0.085449 1.142822 0.221436
27.602 1 DESIRED -0.8 0.05 5.2 -54. 40. 755. 0.3
27.605 1 WP_MOVED 0 504590. 3566719. 755. 12
27.608 1 IMU_GYRO -0.014893 0.003174 0.016846
27.613 1 NAVIGATION 0 1 26.5 -3.5 8442.1 716.2 0 0
27.615 1 CALIBRATION 49.5 0
27.649 1 GPS 3 50457452 356667360 1002 749294 44 53 1736 603322750 12 12
27.651 1 SVINFO 12 19 15 4 17 39 65
27.684 1 NAVIGATION 0 1 26.5 -3.5 8442.1 716.2 0 0
27.696 1 ATTITUDE -0.085449 1.143066 0.221436
27.699 1 IMU_ACCEL -6.600586 0.844727 7.147461
27.796 1 ATTITUDE -0.085449 1.143555 0.221436
27.802 1 DESIRED -0.8 0.05 5.2 -54. 40. 755. 0.3
27.805 1 ENERGY 0. 0. 0 0.
27.896 1 ATTITUDE -0.085938 1.143066 0.221191
27.902 1 GPS 3 50457452 356667360 1002 749100 39 35 1736 603323000 12 13
27.904 1 SVINFO 13 23 15 7 45 25 153
27.908 1 ALIVE 20,182,19,30,209,130,135,216,36,56,36,172,141,52,115,94
27.931 1 NAVIGATION 0 1 26.5 -3.5 8442.1 716.2 0 0
27.996 1 ATTITUDE -0.085693 1.143311 0.221436
28.002 1 DESIRED -0.8 0.05 5.2 -54. 40. 755. 0.3
28.004 1 ESTIMATOR 749.560486 -0.030425
28.006 1 PPRZ_MODE 2 3 3 0 0 6
28.094 1 DOWNLINK_STATUS 20 16724 759 0 874. 40. 3.33
28.096 1 ATTITUDE -0.085449 1.143555 0.221436
28.099 1 WP_MOVED 1 504548. 3566677. 754. 12
28.149 1 GPS 3 50457452 356667360 988 748948 49 19 1736 603323250 12 14
28.182 1 NAVIGATION 0 1 26.5 -3.5 8442.1 716.2 0 0
28.196 1 ATTITUDE -0.085693 1.143311 0.22168
28.202 1 DESIRED -0.8 0.05 5.2 -54. 40. 755. 0.3
28.205 1 IMU_GYRO -0.016846 0.012695 0.012695
28.296 1 ATTITUDE -0.085449 1.143066 0.221924
28.298 1 DL_VALUE 6 100.
28.396 1 ATTITUDE -0.085449 1.143066 0.221924
28.402 1 DESIRED -0.8 0.05 5.2 -54. 40. 755. 0.3
28.408 1 GPS 3 50457452 356667360 997 748757 36 21 1736 603323500 12 15
28.410 1 SVINFO 15 135 28 7 34 46 217
28.431 1 NAVIGATION 0 1 26.5 -3.5 8442.1 716.2 0 0
28.496 1 ATTITUDE -0.085693 1.142822 0.22168
28.498 1 ESTIMATOR 749.210083 -0.215505
28.502 1 IMU_ACCEL -6.638672 0.820312 7.19043
28.505 1 BAT 0 0 0 161 1 171 171 0
28.590 1 PONG 
28.596 1 ATTITUDE -0.085938 1.142578 0.22168
28.602 1 DESIRED -0.8 0.05 5.2 -54. 40. 755. 0.3
28.605 1 WP_MOVED 2 504493.59375 3566717. 755. 12
28.610 1 NAVIGATION 0 1 26.5 -3.5 8442.1 716.2 0 0
28.649 1 GPS 3 50457452 356667360 997 748757 36 21 1736 603323500 12 16
28.680 1 FBW_STATUS 2 0 1 0 0
28.685 1 NAVIGATION 0 1 26.5 -3.5 8442.1 716.2 0 0
28.696 1 ATTITUDE -0.085938 1.142578 0.22168
28.796 1 ATTITUDE -0.085693 1.142578 0.221924
28.802 1 DESIRED -0.8 0.06 5.2 -54. 40. 755. 0.4
28.805 1 IMU_GYRO -0.012695 0.005127 0.014893
28.808 1 IMU_MAG 0.276367 -0.731934 -0.937988
28.896 1 ATTITUDE -0.085449 1.143066 0.222168
28.902 1 GPS 3 50457452 356667360 986 748480 79 12 1736 603324000 12 17
28.931 1 NAVIGATION 0 1 26.5 -3.5 8442.1 716.2 0 0
28.996 1 ATTITUDE -0.085693 1.143066 0.222168
29.002 1 DESIRED -0.8 0.06 5.2 -54. 40. 755. 0.4
29.004 1 ESTIMATOR 748.818481 -0.371047
29.095 1 DOWNLINK_STATUS 21 17541 796 0 817. 37. 2.63
29.096 1 ATTITUDE -0.085693 1.143066 0.222412
29.099 1 WP_MOVED 3 504514.8125 3566634. 755. 12
29.149 1 GPS 3 50457452 356667360 961 748347 77 -1 1736 603324250 12 18
29.181 1 NAVIGATION 0 1 26.5 -3.5 8442.1 716.2 0 0
29.196 1 ATTITUDE -0.085693 1.143066 0.2229
29.202 1 DESIRED -0.8 0.06 5.2 -54. 40. 755. 0.4
29.296 1 ATTITUDE -0.086182 1.143311 0.221924
29.299 1 IMU_ACCEL -6.375 0.882812 7.099609
29.301 1 STATE_FILTER_STATUS 3 0
29.303 1 NAVIGATION_REF 504548 3566677 12
29.396 1 ATTITUDE -0.086426 1.143311 0.221924
29.402 1 DESIRED -0.8 0.06 5.2 -54. 40. 755. 0.4
29.407 1 GPS 3 50457452 356667360 939 748258 83 -7 1736 603324500 12 19
29.411 1 IMU_GYRO -0.02124 0.027588 0.008301
29.414 1 GPS_SOL 1448 257 327 7
29.431 1 NAVIGATION 0 1 26.5 -3.5 8442.1 716.2 0 0
29.496 1 ATTITUDE -0.085693 1.144043 0.221924
29.498 1 ESTIMATOR 748.453552 -0.46886
29.596 1 ATTITUDE -0.084961 1.144287 0.220947
29.602 1 DESIRED -0.8 0.06 5.2 -54. 40. 755. 0.4
29.605 1 WP_MOVED 4 504603.3125 3566652.5 755. 12
29.610 1 NAVIGATION 0 1 26.5 -3.5 8442.1 716.2 0 0
29.613 1 BAT 0 0 0 162 1 172 172 0
29.648 1 GPS 3 50457452 356667360 939 748258 83 -7 1736 603324500 12 20
29.681 1 NAVIGATION 0 1 26.5 -2.8 8377.4 711.5 0 0
29.696 1 ATTITUDE -0.08374 1.144287 0.220459
29.698 1 CALIBRATION 43.9 0
29.796 1 ATTITUDE -0.083496 1.144287 0.220459
29.802 1 DESIRED -0.8 0.06 5.2 -54. 40. 755. 0.4
29.804 1 DL_VALUE 7 2.
29.897 1 ATTITUDE -0.083252 1.144043 0.220703
29.902 1 GPS 3 50457452 356667424 925 748044 94 8 1736 603325000 12 21
29.931 1 NAVIGATION 0 1 26.5 -2.8 8377.4 711.5 0 0
29.996 1 ATTITUDE -0.082764 1.144043 0.221436
30.002 1 DESIRED -0.8 0.06 5.2 -54. 40. 755. 0.4
30.004 1 ESTIMATOR 748.120361 -0.521901
30.007 1 IMU_GYRO -0.001953 -0.019043 0.026367
30.098 1 ATTITUDE -0.083008 1.144287 0.221191
30.098 1 DOWNLINK_STATUS 22 18376 834 0 835. 38. 2.63
30.099 1 WP_MOVED 5 504607.1875 3566709.25 755. 12
30.102 1 IMU_ACCEL -6.638672 0.839844 7.085938
30.106 1 IMU_MAG 0.259277 -0.731934 -0.943848
30.149 1 GPS 3 50457452 356667424 916 747911 57 6 1736 603325250 12 22
30.181 1 NAVIGATION 0 1 26.5 -2.8 8377.4 711.5 0 0
30.196 1 ATTITUDE -0.083252 1.144043 0.221924
30.202 1 DESIRED -0.8 0.06 5.2 -54. 40. 755. 0.4
30.296 1 ATTITUDE -0.08374 1.144287 0.222168
30.299 1 ENERGY 0. 0. 0 0.
30.396 1 ATTITUDE -0.083984 1.144531 0.222168
30.402 1 DESIRED -0.8 0.06 5.2 -54. 40. 755. 0.4
30.407 1 GPS 3 50457452 356667424 920 747908 24 11 1736 603325500 12 23
30.431 1 NAVIGATION 0 1 26.5 -2.8 8377.4 711.5 0 0
30.496 1 ATTITUDE -0.08374 1.144531 0.222656
30.498 1 ESTIMATOR 747.854614 -0.522961
30.596 1 ATTITUDE -0.084473 1.144287 0.222168
30.602 1 DESIRED -0.8 0.06 5.2 -54. 40. 755. 0.4
30.605 1 WP_MOVED 0 504590. 3566719. 755. 12
30.608 1 IMU_GYRO -0.02124 -0.003174 0.010498
30.613 1 NAVIGATION 0 1 26.5 -2.8 8377.4 711.5 0 0
30.648 1 GPS 3 50457452 356667424 920 747908 24 11 1736 603325500 12 24
30.678 1 FBW_STATUS 2 0 1 0 0
30.683 1 NAVIGATION 0 1 26.5 -2.8 8377.4 711.5 0 0
30.696 1 ATTITUDE -0.083252 1.144775 0.221436
30.699 1 BAT 0 0 0 164 1 174 174 0
30.796 1 ATTITUDE -0.08374 1.144287 0.22168
30.802 1 DESIRED -0.8 0.06 5.2 -54. 40. 755. 0.4
30.896 1 ATTITUDE -0.083252 1.144531 0.22168
30.902 1 GPS 3 50457452 356667424 890 747788 40 14 1736 603326000 12 25
30.905 1 IMU_ACCEL -6.615234 0.87793 7.142578
30.931 1 NAVIGATION 0 1 26.5 -2.8 8377.4 711.5 0 0
30.996 1 ATTITUDE -0.083496 1.14502 0.22168
31.002 1 DESIRED -0.8 0.06 5.2 -54. 40. 755. 0.4
31.004 1 ESTIMATOR 747.664917 -0.482615
31.096 1 ATTITUDE -0.083496 1.145264 0.221191
31.098 1 DOWNLINK_STATUS 23 19182 869 0 806. 35. 2.63
31.099 1 WP_MOVED 1 504548. 3566677. 754. 12
31.149 1 GPS 3 50457452 356667424 887 747901 37 22 1736 603326250 12 26
31.181 1 NAVIGATION 0 1 26.5 -2.8 8377.4 711.5 0 0
31.196 1 ATTITUDE -0.083008 1.145752 0.221436
31.202 1 DESIRED -0.8 0.06 5.2 -54. 40. 755. 0.4
31.205 1 IMU_GYRO -0.016846 0.007324 0.014893
31.296 1 ATTITUDE -0.082764 1.14624 0.221191
31.298 1 DL_VALUE 8 1.
31.396 1 ATTITUDE -0.083008 1.145996 0.221436
31.402 1 DESIRED -0.8 0.06 5.2 -54. 40. 755. 0.4
31.407 1 GPS 3 50457452 356667424 907 747999 18 21 1736 603326500 12 27
31.411 1 IMU_MAG 0.26416 -0.729004 -0.937988
31.413 1 GPS_SOL 1454 265 483 6
31.431 1 NAVIGATION 0 1 26.5 -2.8 8377.4 711.5 0 0
31.496 1 ATTITUDE -0.082764 1.145752 0.221191
31.498 1 ESTIMATOR 747.649658 -0.356612
31.500 1 STATE_FILTER_STATUS 3 0
31.596 1 ATTITUDE -0.083008 1.145508 0.22168
31.602 1 DESIRED -0.8 0.06 5.2 -54. 40. 755. 0.4
31.605 1 WP_MOVED 2 504493.59375 3566717. 755. 12
31.610 1 NAVIGATION 0 1 26.5 -2.8 8377.4 711.5 0 0
31.612 1 DOWNLINK 30 838 6597
31.648 1 GPS 3 50457452 356667424 907 747999 18 21 1736 603326500 12 28
31.681 1 NAVIGATION 0 1 26.5 -2.8 8377.4 711.5 0 0
31.696 1 ATTITUDE -0.083008 1.145264 0.22168
31.699 1 IMU_ACCEL -6.667969 0.839844 7.185547
31.778 1 COMMANDS 0,-4733,-902
31.796 1 ATTITUDE -0.082764 1.145508 0.221924
31.802 1 DESIRED -0.8 0.06 5.2 -54. 40. 755. 0.4
31.805 1 IMU_GYRO -0.023193 0.016846 0.012695
31.808 1 BAT 0 0 0 165 1 175 175 0
31.810 1 CALIBRATION 36.8 0
31.878 1 ACTUATORS 1000,1427,1352
31.896 1 ATTITUDE -0.08252 1.145264 0.222412
31.901 1 GPS 3 50457452 356667424 961 748134 6 21 1736 603327000 12 29
31.931 1 NAVIGATION 0 1 26.5 -2.8 8377.4 711.5 0 0
31.996 1 ATTITUDE -0.083252 1.145752 0.22168
32.002 1 DESIRED -0.8 0.06 5.2 -54. 40. 755. 0.4
32.004 1 ESTIMATOR 747.758545 -0.198327
32.096 1 ATTITUDE -0.083008 1.145508 0.221191
32.098 1 DOWNLINK_STATUS 24 20039 909 0 857. 40. 2.63
32.099 1 WP_MOVED 3 504514.8125 3566634. 755. 12
32.148 1 GPS 3 50457452 356667424 1052 748063 31 13 1736 603327250 12 30
32.151 1 SVINFO 0 3 13 4 21 23 46
32.181 1 NAVIGATION 0 1 26.5 -2.8 8377.4 711.5 0 0
32.196 1 ATTITUDE -0.083496 1.145508 0.221436
32.203 1 DESIRED -0.8 0.06 5.2 -54. 40. 755. 0.4
32.296 1 ATTITUDE -0.083496 1.145264 0.221436
32.396 1 ATTITUDE -0.083496 1.14502 0.221191
32.402 1 DESIRED -0.8 0.06 5.2 -54. 40. 755. 0.4
32.407 1 GPS 3 50457452 356667424 1139 748029 39 7 1736 603327500 12 1
32.410 1 IMU_GYRO -0.016846 0.013672 0.014893
32.431 1 NAVIGATION 0 1 26.5 -2.8 8377.4 711.5 0 0
32.496 1 ATTITUDE -0.083496 1.14502 0.22168
32.498 1 ESTIMATOR 747.83197 -0.103983
32.501 1 IMU_ACCEL -6.600586 0.777344 6.853516
32.596 1 ATTITUDE -0.083496 1.143555 0.222168
32.602 1 DESIRED -0.8 0.06 5.2 -54. 40. 755. 0.4
32.605 1 WP_MOVED 4 504603.3125 3566652.5 755. 12
32.610 1 NAVIGATION 0 1 26.5 -2.8 8377.4 711.5 0 0
32.648 1 GPS 3 50457452 356667424 1139 748029 39 7 1736 603327500 12 2
32.651 1 SVINFO 2 6 12 3 8 7 38
32.678 1 FBW_STATUS 2 0 1 0 0
32.683 1 NAVIGATION 0 1 26.5 -2.8 8377.4 711.5 0 0
32.696 1 ATTITUDE -0.083496 1.13916 0.221924
32.699 1 IMU_MAG 0.269043 -0.726074 -0.940918
32.796 1 ATTITUDE -0.081543 1.129639 0.223389
32.802 1 DESIRED 0.8 0.06 5.2 -54. 40. 755. 0.4
32.804 1 DL_VALUE 9 1.
32.807 1 ENERGY 0. 0. 0 0.
32.896 1 ATTITUDE -0.081543 1.116699 0.223633
32.901 1 GPS 3 50457452 356667424 1277 748241 49 37 1736 603328000 12 3
32.904 1 SVINFO 3 7 15 7 37 62 12
32.907 1 BAT 0 0 0 166 1 176 176 0
32.911 1 ALIVE 20,182,19,30,209,130,135,216,36,56,36,172,141,52,115,94
32.931 1 NAVIGATION 0 1 26.5 -2.8 8377.4 711.5 0 0
32.996 1 ATTITUDE -0.083496 1.102539 0.223145
33.002 1 DESIRED 0.8 0.06 5.2 -54. 40. 755. 0.4
33.004 1 ESTIMATOR 747.960938 -0.00311
33.007 1 IMU_GYRO -0.0979 -0.00415 0.130859
33.009 1 PPRZ_MODE 2 3 3 0 0 6
33.096 1 ATTITUDE -0.085449 1.091553 0.222412
33.098 1 DOWNLINK_STATUS 25 20933 950 0 894. 41. 2.63
33.099 1 WP_MOVED 5 504607.1875 3566709.25 755. 12
33.148 1 GPS 3 50457452 356667424 1357 748382 65 33 1736 603328250 12 4
33.151 1 SVINFO 4 8 4 4 24 46 322
33.180 1 NAVIGATION 0 1 26.5 -2.8 8377.4 711.5 0 0
33.196 1 ATTITUDE -0.087402 1.085205 0.222168
33.202 1 DESIRED 0.8 0.06 5.2 -54. 40. 755. 0.4
33.296 1 ATTITUDE -0.087646 1.085449 0.221924
33.299 1 IMU_ACCEL -6.508789 0.777344 7.042969
33.396 1 ATTITUDE -0.087402 1.087158 0.221436
33.402 1 DESIRED 0.8 0.06 5.2 -54. 40. 755. 0.4
33.407 1 GPS 3 50457452 356667424 1379 748415 15 44 1736 603328500 12 5
33.410 1 GPS_SOL 1455 269 483 6
33.430 1 NAVIGATION 0 1 26.5 -2.8 8377.4 711.5 0 0
33.489 1 WIND_INFO 1 42 0. 0. 0.
33.496 1 ATTITUDE -0.087646 1.089355 0.221436
33.498 1 ESTIMATOR 748.168945 0.111631
33.591 1 PONG 
33.596 1 ATTITUDE -0.087646 1.090576 0.220947
33.602 1 DESIRED 0.8 0.06 5.2 -54. 40. 755. 0.4
33.607 1 WP_MOVED 0 504590. 3566719. 755. 12
33.608 1 IMU_GYRO -0.02124 0.009521 0.012695
33.613 1 NAVIGATION 0 1 26.5 -2.8 8377.4 711.5 0 0
33.648 1 GPS 3 50457452 356667424 1379 748415 15 44 1736 603328500 12 6
33.680 1 NAVIGATION 0 1 26.5 -2.8 8377.4 711.5 0 0
33.696 1 ATTITUDE -0.087158 1.092285 0.221436
33.697 1 STATE_FILTER_STATUS 3 0
33.796 1 ATTITUDE -0.087402 1.093994 0.220947
33.801 1 DESIRED 0.8 0.06 5.2 -54. 40. 755. 0.4
33.896 1 ATTITUDE -0.087402 1.094971 0.220947
33.901 1 GPS 3 50457452 356667360 1312 748630 45 32 1736 603329000 12 7
33.904 1 SVINFO 7 11 15 7 35 18 122
33.906 1 CALIBRATION 33.3 0
33.930 1 NAVIGATION 0 1 26.5 -3.5 8442.1 716.2 0 0
33.996 1 ATTITUDE -0.087402 1.096436 0.220947
34.002 1 DESIRED 0.8 0.06 5.2 -54. 40. 755. 0.4
34.004 1 ESTIMATOR 748.382202 0.199502
34.007 1 BAT 0 0 0 167 1 177 177 0
34.011 1 IMU_MAG 0.269043 -0.685547 -0.940918
34.096 1 ATTITUDE -0.087158 1.097656 0.220703
34.099 1 WP_MOVED 1 504548. 3566677. 754. 12
34.099 1 DOWNLINK_STATUS 26 21778 989 0 845. 39. 2.71
34.102 1 IMU_ACCEL -6.52832 0.839844 7.109375
34.148 1 GPS 3 50457452 356667360 1287 748732 68 43 1736 603329250 12 8
34.151 1 SVINFO 8 13 15 7 39 51 155
34.180 1 NAVIGATION 0 1 26.5 -3.5 8442.1 716.2 0 0
34.196 1 ATTITUDE -0.087158 1.098633 0.220459
34.201 1 DESIRED 0.8 0.06 5.2 -54. 40. 755. 0.4
34.205 1 IMU_GYRO -0.027588 0.009521 0.013672
34.296 1 ATTITUDE -0.086914 1.099609 0.220459
34.298 1 DL_VALUE 10 0.
34.396 1 ATTITUDE -0.086914 1.100098 0.220703
34.402 1 DESIRED 0.8 0.06 5.2 -54. 40. 755. 0.4
34.407 1 GPS 3 50457452 356667360 1264 748918 44 22 1736 603329500 12 9
34.410 1 SVINFO 9 19 15 4 20 39 65
34.430 1 NAVIGATION 0 1 26.5 -3.5 8442.1 716.2 0 0
34.496 1 ATTITUDE -0.08667 1.101074 0.220703
34.498 1 ESTIMATOR 748.659729 0.298171
34.596 1 ATTITUDE -0.086426 1.101562 0.220703
34.601 1 DESIRED 0.8 0.06 5.2 -54. 40. 755. 0.4
34.605 1 WP_MOVED 2 504493.59375 3566717. 755. 12
34.609 1 NAVIGATION 0 1 26.5 -3.5 8442.1 716.2 0 0
34.648 1 GPS 3 50457452 356667360 1264 748918 44 22 1736 603329500 12 10
34.678 1 FBW_STATUS 2 0 1 0 0
34.685 1 NAVIGATION 0 1 26.5 -3.5 8442.1 716.2 0 0
34.696 1 ATTITUDE -0.086182 1.102295 0.220703
34.796 1 ATTITUDE -0.086182 1.103271 0.220947
34.801 1 DESIRED 0.8 0.06 5.2 -54. 40. 755. 0.4
34.805 1 IMU_GYRO -0.012695 0.007324 0.014893
34.896 1 ATTITUDE -0.085938 1.103516 0.221191
34.901 1 GPS 3 50457452 356667360 1235 749328 62 54 1736 603330000 12 11
34.904 1 SVINFO 11 23 15 7 45 25 153
34.907 1 IMU_ACCEL -6.633789 0.805664 7.256836
34.930 1 NAVIGATION 0 1 26.5 -3.5 8442.1 716.2 0 0
34.996 1 ATTITUDE -0.085938 1.104736 0.221436
35.001 1 DESIRED 0.8 0.06 5.2 -54. 40. 755. 0.4
35.004 1 ESTIMATOR 749.023315 0.417003
35.096 1 ATTITUDE -0.085938 1.105225 0.221191
35.099 1 WP_MOVED 3 504514.8125 3566634. 755. 12
35.099 1 DOWNLINK_STATUS 27 22597 1026 0 819. 37. 2.71
35.102 1 BAT 0 0 0 168 1 178 178 0
35.148 1 GPS 3 50457452 356667360 1233 749406 30 45 1736 603330250 12 12
35.180 1 NAVIGATION 0 1 26.5 -3.5 8442.1 716.2 0 0
35.196 1 ATTITUDE -0.085938 1.105713 0.221191
35.201 1 DESIRED 0.8 0.05 5.2 -54. 40. 755. 0.3
35.296 1 ATTITUDE -0.085938 1.106201 0.221191
35.299 1 IMU_MAG 0.266602 -0.688477 -0.943848
35.302 1 ENERGY 0. 0. 0 0.
35.396 1 ATTITUDE -0.085693 1.106689 0.221191
35.401 1 DESIRED 0.8 0.05 5.2 -54. 40. 755. 0.3
35.407 1 GPS 3 50457452 356667360 1206 749414 70 45 1736 603330500 12 13
35.410 1 IMU_GYRO -0.010498 0.000977 0.019043
35.413 1 GPS_SOL 1447 256 327 7
35.430 1 NAVIGATION 0 1 26.5 -3.5 8442.1 716.2 0 0
35.496 1 ATTITUDE -0.085938 1.107178 0.221191
35.498 1 ESTIMATOR 749.339661 0.474675
35.596 1 ATTITUDE -0.085938 1.107178 0.220947
35.601 1 DESIRED 0.8 0.05 5.2 -54. 40. 755. 0.3
35.605 1 WP_MOVED 4 504603.3125 3566652.5 755. 12
35.609 1 NAVIGATION 0 1 26.5 -3.5 8442.1 716.2 0 0
35.648 1 GPS 3 50457452 356667360 1206 749538 70 45 1736 603330500 12 14
35.681 1 NAVIGATION 0 1 26.5 -3.5 8442.1 716.2 0 0
35.696 1 ATTITUDE -0.085938 1.10791 0.220947
35.699 1 IMU_ACCEL -6.571289 0.834961 7.109375
35.796 1 ATTITUDE -0.086182 1.108154 0.220947
35.801 1 DESIRED -0.8 0.05 5.2 -54. 40. 755. 0.3
35.803 1 DL_VALUE 11 1.
35.895 1 ATTITUDE -0.086914 1.108887 0.220947
35.901 1 GPS 3 50457452 356667360 788 749735 109 49 1736 603331000 12 15
35.904 1 SVINFO 15 135 28 7 34 46 217
35.905 1 STATE_FILTER_STATUS 3 0
35.930 1 NAVIGATION 0 1 26.5 -3.5 8442.1 716.2 0 0
35.995 1 ATTITUDE -0.087158 1.109375 0.220703
36.001 1 DESIRED -0.8 0.05 5.2 -54. 40. 755. 0.3
36.004 1 ESTIMATOR 749.635071 0.507311
36.007 1 IMU_GYRO -0.016846 0.019043 0.011475
36.009 1 CALIBRATION 33.4 0
36.095 1 ATTITUDE -0.086914 1.109863 0.221191
36.099 1 WP_MOVED 5 504607.1875 3566709.25 755. 12
36.099 1 DOWNLINK_STATUS 28 23451 1065 0 854. 39. 2.71
36.148 1 GPS 3 50457452 356667360 707 749915 103 33 1736 603331250 12 16
36.180 1 NAVIGATION 0 1 26.5 -3.5 8442.1 716.2 0 0
36.195 1 ATTITUDE -0.086914 1.109863 0.221191
36.201 1 DESIRED -0.8 0.05 5.2 -54. 40. 755. 0.3
36.205 1 BAT 0 0 0 169 1 179 179 0
36.295 1 ATTITUDE -0.087158 1.109863 0.220947
36.395 1 ATTITUDE -0.087158 1.110107 0.220947
36.401 1 DESIRED -0.8 0.05 5.2 -54. 40. 755. 0.3
36.407 1 GPS 3 50457452 356667424 686 749828 119 16 1736 603331500 12 17
36.430 1 NAVIGATION 0 1 26.5 -2.8 8377.4 711.5 0 0
36.495 1 ATTITUDE -0.087158 1.110596 0.220947
36.498 1 ESTIMATOR 749.906616 0.514509
36.501 1 IMU_ACCEL -6.615234 0.825195 7.228516
36.595 1 ATTITUDE -0.087158 1.110596 0.220703
36.601 1 DESIRED -0.8 0.05 5.2 -54. 40. 755. 0.3
36.605 1 WP_MOVED 0 504590. 3566719. 755. 12
36.608 1 IMU_GYRO -0.014893 0.005127 0.014893
36.612 1 NAVIGATION 0 1 26.5 -2.8 8377.4 711.5 0 0
36.648 1 GPS 3 50457452 356667424 686 749828 119 16 1736 603331500 12 18
36.678 1 FBW_STATUS 2 0 1 0 0
36.685 1 NAVIGATION 0 1 26.5 -2.8 8377.4 711.5 0 0
36.695 1 ATTITUDE -0.086914 1.110596 0.220703
36.697 1 DOWNLINK 31 847 6794
36.778 1 COMMANDS 0,-4706,-922
36.795 1 ATTITUDE -0.087158 1.11084 0.220459
36.801 1 DESIRED -0.8 0.05 5.2 -54. 40. 755. 0.3
36.878 1 ACTUATORS 1000,1429,1352
36.895 1 ATTITUDE -0.087158 1.111084 0.220703
36.901 1 GPS 3 50457452 356667424 680 749979 113 18 1736 603332000 12 19
36.930 1 NAVIGATION 0 1 26.5 -2.8 8377.4 711.5 0 0
36.995 1 ATTITUDE -0.087158 1.111084 0.220703
37.001 1 DESIRED -0.8 0.05 5.2 -54. 40. 755. 0.3
37.004 1 ESTIMATOR 750.082336 0.469662
37.095 1 ATTITUDE -0.087158 1.111328 0.220459
37.099 1 WP_MOVED 1 504548. 3566677. 754. 12
37.101 1 DOWNLINK_STATUS 29 24238 1100 0 787. 35. 2.71
37.148 1 GPS 3 50457452 356667424 638 750059 114 20 1736 603332250 12 20
37.180 1 NAVIGATION 0 1 26.5 -2.8 8377.4 711.5 0 0
37.196 1 ATTITUDE -0.086914 1.111572 0.220215
37.201 1 DESIRED -0.8 0.05 5.2 -54. 40. 755. 0.3
37.204 1 IMU_GYRO -0.019043 0.011475 0.014893
37.295 1 ATTITUDE -0.086914 1.112061 0.220215
37.299 1 IMU_ACCEL -6.576172 0.810547 7.271484
37.302 1 BAT 0 0 0 170 1 180 180 0
37.304 1 DL_VALUE 0 0.
37.395 1 ATTITUDE -0.08667 1.112061 0.220215
37.401 1 DESIRED -0.8 0.05 5.2 -54. 40. 755. 0.3
37.407 1 GPS 3 50457452 356667424 645 750154 44 12 1736 603332500 12 21
37.410 1 GPS_SOL 1428 255 327 7
37.430 1 NAVIGATION 0 1 26.5 -2.8 8377.4 711.5 0 0
37.495 1 ATTITUDE -0.08667 1.112793 0.220215
37.498 1 ESTIMATOR 750.244385 0.42968
37.595 1 ATTITUDE -0.086426 1.113037 0.220215
37.601 1 DESIRED -0.8 0.05 5.2 -54. 40. 755. 0.3
37.605 1 WP_MOVED 2 504493.59375 3566717. 755. 12
37.609 1 NAVIGATION 0 1 26.5 -2.8 8377.4 711.5 0 0
37.648 1 GPS 3 50457452 356667424 645 750285 44 12 1736 603332500 12 22
37.683 1 NAVIGATION 0 1 26.5 -2.8 8377.4 711.5 0 0
37.696 1 ATTITUDE -0.086426 1.113525 0.220215
37.795 1 ATTITUDE -0.086426 1.113281 0.220215
37.801 1 DESIRED -0.8 0.05 5.2 -54. 40. 755. 0.3
37.804 1 IMU_GYRO -0.023193 0.023193 0.013672
37.808 1 ENERGY 0. 0. 0 0.
37.895 1 ATTITUDE -0.086182 1.113037 0.220215
37.901 1 GPS 3 50457452 356667424 713 750418 29 27 1736 603333000 12 23
37.904 1 IMU_MAG 0.269043 -0.688477 -0.92627
37.908 1 ALIVE 20,182,19,30,209,130,135,216,36,56,36,172,141,52,115,94
37.930 1 NAVIGATION 0 1 26.5 -2.8 8377.4 711.5 0 0
37.995 1 ATTITUDE -0.085938 1.113281 0.220215
38.001 1 DESIRED -0.8 0.05 5.2 -54. 40. 755. 0.3
38.004 1 ESTIMATOR 750.434021 0.416222
38.006 1 PPRZ_MODE 2 3 3 0 0 6
38.095 1 ATTITUDE -0.085938 1.11377 0.220215
38.099 1 WP_MOVED 3 504514.8125 3566634. 755. 12
38.101 1 DOWNLINK_STATUS 30 25093 1138 0 855. 38. 2.71
38.102 1 IMU_ACCEL -6.552734 0.882812 7.132812
38.104 1 CALIBRATION 34.8 0
38.105 1 STATE_FILTER_STATUS 3 0
38.149 1 GPS 3 50457452 356667424 746 750600 38 41 1736 603333250 12 24
38.180 1 NAVIGATION 0 1 26.5 -2.8 8377.4 711.5 0 0
38.195 1 ATTITUDE -0.085938 1.11377 0.219971
38.201 1 DESIRED -0.8 0.05 5.2 -54. 40. 755. 0.3
38.295 1 ATTITUDE -0.085938 1.114014 0.219727
38.298 1 NAVIGATION_REF 504548 3566677 12
38.395 1 ATTITUDE -0.085693 1.114014 0.219971
38.401 1 DESIRED -0.8 0.05 5.2 -54. 40. 755. 0.3
38.407 1 GPS 3 50457452 356667360 746 750761 8 25 1736 603333500 12 25
38.410 1 IMU_GYRO -0.016846 0.001953 0.016846
38.414 1 BAT 0 0 0 171 1 181 181 0
38.430 1 NAVIGATION 0 1 26.5 -3.5 8442.1 716.2 0 0
38.495 1 ATTITUDE -0.085693 1.114014 0.219727
38.498 1 ESTIMATOR 750.686218 0.44098
38.592 1 PONG 
38.595 1 ATTITUDE -0.085693 1.11377 0.219727
38.601 1 DESIRED -0.8 0.05 5.2 -54. 40. 755. 0.3
38.605 1 WP_MOVED 4 504603.3125 3566652.5 755. 12
38.609 1 NAVIGATION 0 1 26.5 -3.5 8442.1 716.2 0 0
38.648 1 GPS 3 50457452 356667360 746 750761 8 25 1736 603333500 12 26
38.678 1 FBW_STATUS 2 0 1 0 0
38.682 1 NAVIGATION 0 1 26.5 -3.5 8442.1 716.2 0 0
38.696 1 ATTITUDE -0.085449 1.114014 0.219727
38.795 1 ATTITUDE -0.085693 1.114014 0.219482
38.801 1 DESIRED -0.8 0.05 5.2 -54. 40. 755. 0.3
38.803 1 DL_VALUE 1 0.
38.895 1 ATTITUDE -0.085449 1.114014 0.219482
38.901 1 GPS 3 50457452 356667424 742 750877 97 27 1736 603334000 12 27
38.904 1 IMU_ACCEL -6.65332 0.810547 7.195312
38.930 1 NAVIGATION 0 1 26.5 -2.8 8377.4 711.5 0 0
38.995 1 ATTITUDE -0.085449 1.114502 0.219482
39.001 1 DESIRED -0.8 0.05 5.2 -54. 40. 755. 0.2
39.004 1 ESTIMATOR 750.902222 0.438022
39.007 1 IMU_GYRO -0.016846 0.008301 0.013672
39.095 1 ATTITUDE -0.085449 1.11499 0.219727
39.099 1 WP_MOVED 5 504607.1875 3566709.25 755. 12
39.101 1 DOWNLINK_STATUS 31 25931 1177 0 838. 39. 2.67
39.149 1 GPS 3 50457452 356667424 740 750945 80 23 1736 603334250 12 28
39.180 1 NAVIGATION 0 1 26.5 -2.8 8377.4 711.5 0 0
39.195 1 ATTITUDE -0.085693 1.11499 0.219727
39.201 1 DESIRED -0.8 0.05 5.2 -54. 40. 755. 0.2
39.204 1 IMU_MAG 0.271484 -0.680176 -0.929199
39.295 1 ATTITUDE -0.085449 1.11499 0.219727
39.395 1 ATTITUDE -0.085449 1.11499 0.219727
39.401 1 DESIRED -0.8 0.05 5.2 -54. 40. 755. 0.2
39.407 1 GPS 3 50457452 356667424 715 751129 22 7 1736 603334500 12 29
39.410 1 GPS_SOL 1423 253 327 7
39.430 1 NAVIGATION 0 1 26.5 -2.8 8377.4 711.5 0 0
39.495 1 ATTITUDE -0.085449 1.11499 0.219971
39.498 1 ESTIMATOR 751.108643 0.432042
39.501 1 BAT 0 0 0 172 1 182 182 0
39.595 1 ATTITUDE -0.085449 1.115234 0.219971
39.601 1 DESIRED -0.8 0.05 5.2 -54. 40. 755. 0.2
39.605 1 WP_MOVED 0 504590. 3566719. 755. 12
39.608 1 IMU_GYRO -0.014893 0.003174 0.018066
39.612 1 NAVIGATION 0 1 26.5 -2.8 8377.4 711.5 0 0
39.648 1 GPS 3 50457452 356667424 715 751129 22 7 1736 603334500 12 30
39.680 1 NAVIGATION 0 1 26.5 -3.5 8442.1 716.2 0 0
39.695 1 ATTITUDE -0.085449 1.115234 0.219727
39.698 1 IMU_ACCEL -6.585938 0.844727 7.147461
39.795 1 ATTITUDE -0.085449 1.115479 0.219727
39.801 1 DESIRED -0.8 0.05 5.2 -54. 40. 755. 0.2
39.895 1 ATTITUDE -0.085693 1.115479 0.219727
39.901 1 GPS 3 50457452 356667360 799 751360 17 10 1736 603335000 12 31
39.930 1 NAVIGATION 0 1 26.5 -3.5 8442.1 716.2 0 0
39.995 1 ATTITUDE -0.085449 1.115479 0.219727
40.001 1 DESIRED -0.8 0.05 5.2 -54. 40. 755. 0.2
40.004 1 ESTIMATOR 751.343689 0.442291
40.095 1 ATTITUDE -0.085693 1.115479 0.219727
40.099 1 WP_MOVED 1 504548. 3566677. 754. 12
40.102 1 DOWNLINK_STATUS 32 26702 1210 0 771. 33. 2.67
40.151 1 GPS 3 50457452 356667360 894 751394 33 15 1736 603335250 12 32
40.151 1 SVINFO 0 3 15 4 16 23 46
40.180 1 NAVIGATION 0 1 26.5 -3.5 8442.1 716.2 0 0
40.195 1 ATTITUDE -0.085693 1.115479 0.219727
40.201 1 DESIRED -0.8 0.05 5.2 -54. 40. 755. 0.2
40.204 1 IMU_GYRO -0.016846 0.008301 0.012695
40.206 1 CALIBRATION 36.5 0
40.295 1 ATTITUDE -0.085693 1.115723 0.219727
40.297 1 DL_VALUE 2 755.
40.299 1 STATE_FILTER_STATUS 3 0
40.302 1 ENERGY 0. 0. 0 0.
40.395 1 ATTITUDE -0.085693 1.115723 0.219971
40.401 1 DESIRED -0.8 0.05 5.2 -54. 40. 755. 0.2
40.407 1 GPS 3 50457452 356667360 980 751476 13 9 1736 603335500 12 1
40.430 1 NAVIGATION 0 1 26.5 -3.5 8442.1 716.2 0 0
40.495 1 ATTITUDE -0.085693 1.115967 0.219971
40.498 1 ESTIMATOR 751.528809 0.422276
40.501 1 IMU_ACCEL -6.65332 0.724609 7.057617
40.504 1 IMU_MAG 0.269043 -0.694336 -0.935059
40.595 1 ATTITUDE -0.085938 1.11499 0.219482
40.601 1 DESIRED -0.8 0.05 5.2 -54. 40. 755. 0.2
40.605 1 WP_MOVED 2 504493.59375 3566717. 755. 12
40.609 1 NAVIGATION 0 1 26.5 -3.5 8442.1 716.2 0 0
40.613 1 BAT 0 0 0 173 1 183 183 0
40.648 1 GPS 3 50457452 356667360 980 751476 13 9 1736 603335500 12 2
40.650 1 SVINFO 2 6 15 4 15 7 38
40.680 1 FBW_STATUS 2 0 1 0 0
40.682 1 NAVIGATION 0 1 26.5 -3.5 8442.1 716.2 0 0
40.695 1 ATTITUDE -0.087646 1.111816 0.218994
40.795 1 ATTITUDE -0.08667 1.113281 0.219482
40.801 1 DESIRED -0.8 0.05 5.2 -54. 40. 755. 0.2
40.804 1 IMU_GYRO -0.014893 0.007324 0.016846
40.895 1 ATTITUDE -0.087158 1.112305 0.219238
40.901 1 GPS 3 50457452 356667360 978 751792 62 23 1736 603336000 12 3
40.903 1 SVINFO 3 7 15 7 36 62 12
40.930 1 NAVIGATION 0 1 26.5 -3.5 8442.1 716.2 0 0
40.995 1 ATTITUDE -0.087891 1.112061 0.219727
41.001 1 DESIRED -0.8 0.05 5.2 -54. 40. 755. 0.2
41.004 1 ESTIMATOR 751.753235 0.430163
41.096 1 ATTITUDE -0.087402 1.113281 0.219482
41.099 1 WP_MOVED 3 504514.8125 3566634. 755. 12
41.104 1 DOWNLINK_STATUS 33 27581 1251 0 879. 41. 2.67
41.149 1 GPS 3 50457324 356667360 973 751818 53 45 1736 603336250 12 4
41.150 1 SVINFO 4 8 4 4 23 46 323
41.181 1 NAVIGATION 0 1 25.2 -3.5 8236.4 649.8 0 0
41.195 1 ATTITUDE -0.087158 1.112549 0.219727
41.201 1 DESIRED -0.8 0.05 5.2 -54. 40. 755. 0.2
41.295 1 ATTITUDE -0.087402 1.112061 0.219971
41.298 1 IMU_ACCEL -6.518555 0.90625 7.170898
41.395 1 ATTITUDE -0.087402 1.111816 0.219971
41.401 1 DESIRED -0.8 0.05 5.2 -54. 40. 755. 0.2
41.407 1 GPS 3 50457324 356667360 933 751857 67 2 1736 603336500 12 5
41.410 1 IMU_GYRO -0.016846 0.003174 0.016846
41.413 1 GPS_SOL 1417 256 327 7
41.430 1 NAVIGATION 0 1 25.2 -3.5 8236.4 649.8 0 0
41.495 1 ATTITUDE -0.087646 1.111328 0.220459
41.498 1 ESTIMATOR 751.930298 0.408605
41.595 1 ATTITUDE -0.087646 1.11084 0.220215
41.601 1 DESIRED -0.8 0.05 5.2 -54. 40. 755. 0.2
41.605 1 WP_MOVED 4 504603.3125 3566652.5 755. 12
41.609 1 NAVIGATION 0 1 25.2 -3.5 8236.4 649.8 0 0
41.648 1 GPS 3 50457324 356667360 933 751857 67 2 1736 603336500 12 6
41.680 1 NAVIGATION 0 1 25.2 -3.5 8236.4 649.8 0 0
41.695 1 ATTITUDE -0.087891 1.109619 0.220459
41.699 1 BAT 0 0 0 175 1 185 185 0
41.778 1 COMMANDS 0,-4699,-953
41.795 1 ATTITUDE -0.088135 1.108643 0.220947
41.801 1 DESIRED -0.8 0.05 5.2 -54. 40. 755. 0.2
41.804 1 IMU_MAG 0.26416 -0.680176 -0.935059
41.806 1 DL_VALUE 3 0.
41.808 1 DOWNLINK 31 831 6986
41.878 1 ACTUATORS 1000,1430,1351
41.895 1 ATTITUDE -0.088379 1.108643 0.220703
41.901 1 GPS 3 50457324 356667360 894 752145 32 15 1736 603337000 12 7
41.903 1 SVINFO 7 11 15 7 37 18 122
41.930 1 NAVIGATION 0 1 25.2 -3.5 8236.4 649.8 0 0
41.995 1 ATTITUDE -0.087891 1.109863 0.220215
42.001 1 DESIRED -0.8 0.05 5.2 -54. 40. 755. 0.2
42.003 1 ESTIMATOR 752.134766 0.408958
42.007 1 IMU_GYRO -0.016846 -0.003174 0.010498
42.095 1 ATTITUDE -0.087402 1.109375 0.219971
42.099 1 WP_MOVED 5 504607.1875 3566709.25 755. 12
42.102 1 IMU_ACCEL -6.495117 0.94043 7.290039
42.104 1 DOWNLINK_STATUS 34 28464 1292 0 883. 41. 2.67
42.148 1 GPS 3 50457324 356667360 894 752286 32 15 1736 603337000 12 8
42.150 1 SVINFO 8 13 15 7 39 51 155
42.180 1 NAVIGATION 0 1 25.2 -3.5 8236.4 649.8 0 0
42.195 1 ATTITUDE -0.087402 1.109375 0.219727
42.201 1 DESIRED -0.8 0.05 5.2 -54. 40. 755. 0.2
42.295 1 ATTITUDE -0.087402 1.108887 0.219971
42.297 1 CALIBRATION 38.4 0
42.395 1 ATTITUDE -0.087402 1.108643 0.219727
42.401 1 DESIRED -0.8 0.05 5.2 -54. 40. 755. 0.2
42.407 1 GPS 3 50457324 356667360 869 752344 11 -10 1736 603337500 12 9
42.409 1 SVINFO 9 19 15 4 24 39 65
42.430 1 NAVIGATION 0 1 25.2 -3.5 8236.4 649.8 0 0
42.495 1 ATTITUDE -0.087402 1.108154 0.219727
42.498 1 ESTIMATOR 752.351196 0.414947
42.499 1 STATE_FILTER_STATUS 3 0
42.595 1 ATTITUDE -0.087402 1.10791 0.219727
42.601 1 DESIRED -0.8 0.05 5.2 -54. 40. 755. 0.2
42.604 1 WP_MOVED 0 504590. 3566719. 755. 12
42.608 1 IMU_GYRO -0.016846 0.001953 0.018066
42.612 1 NAVIGATION 0 1 25.2 -3.5 8236.4 649.8 0 0
42.648 1 GPS 3 50457324 356667360 869 752344 11 -10 1736 603337500 12 10
42.678 1 FBW_STATUS 2 0 1 0 0
42.685 1 NAVIGATION 0 1 25.2 -3.5 8236.4 649.8 0 0
42.695 1 ATTITUDE -0.087402 1.10791 0.219482
42.795 1 ATTITUDE -0.087402 1.10791 0.219482
42.801 1 DESIRED -0.8 0.05 5.2 -54. 40. 755. 0.2
42.804 1 BAT 0 0 0 176 1 186 186 0
42.808 1 ENERGY 0. 0. 0 0.
42.895 1 ATTITUDE -0.087402 1.10791 0.219482
42.901 1 GPS 3 50457324 356667360 839 752441 27 13 1736 603338000 12 11
42.903 1 SVINFO 11 23 15 7 44 24 153
42.906 1 IMU_ACCEL -6.523438 0.892578 7.271484
42.910 1 ALIVE 20,182,19,30,209,130,135,216,36,56,36,172,141,52,115,94
42.930 1 NAVIGATION 0 1 25.2 -3.5 8236.4 649.8 0 0
42.995 1 ATTITUDE -0.087402 1.10791 0.218994
43.001 1 DESIRED -0.8 0.05 5.2 -54. 40. 755. 0.1
43.003 1 ESTIMATOR 752.51947 0.392608
43.006 1 PPRZ_MODE 2 3 3 0 0 6
43.095 1 ATTITUDE -0.087646 1.10791 0.218994
43.099 1 WP_MOVED 1 504548. 3566677. 754. 12
43.102 1 IMU_MAG 0.261719 -0.685547 -0.937988
43.105 1 DOWNLINK_STATUS 35 29349 1333 0 885. 41. 2.67
43.152 1 GPS 3 50457324 356667360 911 752798 52 33 1736 603338250 12 12
43.180 1 NAVIGATION 0 1 25.2 -3.5 8236.4 649.8 0 0
43.195 1 ATTITUDE -0.088135 1.106934 0.219238
43.201 1 DESIRED -0.8 0.05 5.2 -54. 40. 755. 0.1
43.204 1 IMU_GYRO -0.014893 0.006348 0.013672
43.295 1 ATTITUDE -0.087891 1.107422 0.219238
43.297 1 DL_VALUE 4 0.
43.395 1 ATTITUDE -0.087891 1.106934 0.218994
43.401 1 DESIRED -0.8 0.05 5.2 -54. 40. 755. 0.1
43.407 1 GPS 3 50457324 356667296 989 753126 58 31 1736 603338500 12 13
43.410 1 GPS_SOL 1410 258 327 7
43.430 1 NAVIGATION 0 1 25.2 -4. 8280.1 653.6 0 0
43.489 1 WIND_INFO 1 42 0. 0. 0.
43.495 1 ATTITUDE -0.087158 1.105957 0.219482
43.497 1 ESTIMATOR 752.860718 0.474489
43.595 1 ATTITUDE -0.087402 1.103271 0.219238
43.601 1 DESIRED -0.8 0.04 5.2 -54. 40. 755. 0.1
43.604 1 WP_MOVED 2 504493.59375 3566717. 755. 12
43.609 1 NAVIGATION 0 1 25.2 -4. 8280.1 653.6 0 0
43.610 1 PONG 
43.649 1 GPS 3 50457324 356667296 989 753126 58 31 1736 603338500 12 14
43.680 1 NAVIGATION 0 1 25.2 -4. 8280.1 653.6 0 0
43.695 1 ATTITUDE -0.087158 1.099854 0.219238
43.698 1 IMU_ACCEL -6.59082 0.863281 7.170898
43.795 1 ATTITUDE -0.087402 1.096191 0.218994
43.801 1 DESIRED -0.8 0.04 5.2 -54. 40. 755. 0.1
43.804 1 IMU_GYRO -0.029785 0.011475 0.037109
43.895 1 ATTITUDE -0.088135 1.095703 0.219727
43.901 1 GPS 3 50457324 356667296 1117 753846 36 45 1736 603339000 12 15
43.903 1 SVINFO 15 135 28 4 32 46 217
43.907 1 BAT 0 0 0 177 1 187 187 0
43.930 1 NAVIGATION 0 1 25.2 -4. 8280.1 653.6 0 0
43.995 1 ATTITUDE -0.087891 1.096191 0.219482
44.001 1 DESIRED -0.8 0.04 5.2 -54. 40. 755. 0.1
44.003 1 ESTIMATOR 753.415344 0.649766
44.095 1 ATTITUDE -0.087891 1.096436 0.219482
44.098 1 WP_MOVED 3 504514.8125 3566634. 755. 12
44.106 1 DOWNLINK_STATUS 36 30151 1369 0 802. 36. 18.18
44.148 1 GPS 3 50457260 356667264 1124 753866 51 57 1736 603339250 12 16
44.180 1 NAVIGATION 0 1 24.6 -4.2 8198.1 622.9 0 0
44.195 1 ATTITUDE -0.087891 1.096924 0.219482
44.201 1 DESIRED -0.8 0.04 5.2 -54. 40. 755. 0.1
44.295 1 ATTITUDE -0.087646 1.097168 0.219482
44.395 1 ATTITUDE -0.087402 1.096924 0.219482
44.401 1 DESIRED -0.8 0.04 5.2 -54. 40. 755. 0.1
44.407 1 GPS 3 50457260 356667264 1113 753970 37 60 1736 603339500 12 17
44.410 1 IMU_GYRO -0.016846 0.007324 0.015869
44.413 1 IMU_MAG 0.266602 -0.680176 -0.935059
44.430 1 NAVIGATION 0 1 24.6 -4.2 8198.1 622.9 0 0
44.495 1 ATTITUDE -0.087646 1.097168 0.219482
44.497 1 ESTIMATOR 753.862427 0.715744
44.501 1 IMU_ACCEL -6.557617 0.844727 7.157227
44.595 1 ATTITUDE -0.087402 1.097412 0.219238
44.601 1 DESIRED -0.8 0.04 5.2 -54. 40. 755. 0.1
44.604 1 WP_MOVED 4 504603.3125 3566652.5 755. 12
44.609 1 NAVIGATION 0 1 24.6 -4.2 8198.1 622.9 0 0
44.648 1 GPS 3 50457260 356667264 1113 753970 37 60 1736 603339500 12 18
44.678 1 FBW_STATUS 2 0 1 0 0
44.682 1 NAVIGATION 0 1 24.6 -4.2 8198.1 622.9 0 0
44.695 1 ATTITUDE -0.087402 1.097656 0.219238
44.697 1 STATE_FILTER_STATUS 3 0
44.795 1 ATTITUDE -0.087402 1.098145 0.219238
44.801 1 DESIRED -0.8 0.04 5.2 -54. 40. 755. 0.1
44.803 1 DL_VALUE 5 178.
44.895 1 ATTITUDE -0.087402 1.098145 0.219482
44.901 1 GPS 3 50457324 356667264 1154 754559 26 39 1736 603340000 12 19
44.930 1 NAVIGATION 0 1 25.2 -4.2 8302.2 655.6 0 0
44.995 1 ATTITUDE -0.087158 1.0979 0.219482
45.002 1 DESIRED -0.8 0.04 5.2 -54. 40. 755. 0.
45.003 1 ESTIMATOR 754.347839 0.78719
45.006 1 IMU_GYRO -0.016846 0.005127 0.016846
45.010 1 BAT 0 0 0 178 1 188 188 0
45.095 1 ATTITUDE -0.087158 1.098389 0.219238
45.098 1 WP_MOVED 5 504607.1875 3566709.25 755. 12
45.108 1 DOWNLINK_STATUS 37 30957 1405 0 806. 36. 18.18
45.148 1 GPS 3 50457324 356667264 1144 754865 35 42 1736 603340250 12 20
45.182 1 NAVIGATION 0 1 25.2 -4.2 8302.2 655.6 0 0
45.195 1 ATTITUDE -0.086914 1.098877 0.219482
45.201 1 DESIRED -0.8 0.04 5.2 -54. 40. 755. 0.
45.295 1 ATTITUDE -0.086914 1.098877 0.219238
45.298 1 IMU_ACCEL -6.542969 0.767578 7.157227
45.302 1 ENERGY 0. 0. 0 0.
45.395 1 ATTITUDE -0.086914 1.098877 0.219482
45.401 1 DESIRED -0.8 0.04 5.2 -54. 40. 755. 0.
45.407 1 GPS 3 50457324 356667264 1196 755224 28 47 1736 603340500 12 21
45.410 1 GPS_SOL 1417 269 327 7
45.430 1 NAVIGATION 0 1 25.2 -4.2 8302.2 655.6 0 0
45.495 1 ATTITUDE -0.08667 1.099121 0.219727
45.497 1 ESTIMATOR 754.935669 0.895141
45.595 1 ATTITUDE -0.087891 1.100342 0.219238
45.601 1 DESIRED 0.8 0.04 5.2 -54. 40. 755. 0.
45.604 1 WP_MOVED 0 504590. 3566719. 755. 12
45.607 1 IMU_GYRO -0.008301 0.003174 0.012695
45.612 1 NAVIGATION 0 1 25.2 -4.2 8302.2 655.6 0 0
45.648 1 GPS 3 50457324 356667264 1196 755224 28 47 1736 603340500 12 22
45.681 1 NAVIGATION 0 1 25.2 -4.2 8302.2 655.6 0 0
45.695 1 ATTITUDE -0.088623 1.101074 0.221191
45.699 1 IMU_MAG 0.251953 -0.671387 -0.937988
45.795 1 ATTITUDE -0.084717 1.101562 0.225586
45.801 1 DESIRED -0.8 0.04 5.2 -54. 40. 755. -0.
45.895 1 ATTITUDE -0.084229 1.091064 0.226807
45.901 1 GPS 3 50457324 356667264 1142 755122 75 35 1736 603341000 12 23
45.930 1 NAVIGATION 0 1 25.2 -4.2 8302.2 655.6 0 0
45.995 1 ATTITUDE -0.084717 1.077637 0.224365
46.001 1 DESIRED -0.8 0.04 5.2 -54. 40. 755. -0.
46.003 1 ESTIMATOR 755.316895 0.855726
46.095 1 ATTITUDE -0.086914 1.067139 0.222168
46.098 1 WP_MOVED 1 504548. 3566677. 754. 12
46.101 1 IMU_ACCEL -6.268555 0.945312 7.693359
46.105 1 BAT 0 0 0 179 1 189 189 0
46.108 1 DOWNLINK_STATUS 38 31766 1440 0 809. 35. 18.18
46.148 1 GPS 3 50457324 356667264 1121 755365 59 36 1736 603341250 12 24
46.180 1 NAVIGATION 0 1 25.2 -4.2 8302.2 655.6 0 0
46.195 1 ATTITUDE -0.092041 1.063477 0.220215
46.201 1 DESIRED -0.8 0.04 5.2 -54. 40. 755. -0.
46.204 1 IMU_GYRO 0.00415 0.006348 -0.008301
46.295 1 ATTITUDE -0.091797 1.072754 0.219238
46.297 1 DL_VALUE 6 100.
46.395 1 ATTITUDE -0.0896 1.090332 0.21875
46.401 1 DESIRED -0.8 0.04 5.2 -54. 40. 755. -0.
46.407 1 GPS 3 50457324 356667264 1090 755419 37 35 1736 603341500 12 25
46.430 1 NAVIGATION 0 1 25.2 -4.2 8302.2 655.6 0 0
46.495 1 ATTITUDE -0.087891 1.104248 0.219482
46.497 1 ESTIMATOR 755.624695 0.788269
46.499 1 CALIBRATION 48.6 0
46.595 1 ATTITUDE -0.086426 1.11084 0.219238
46.601 1 DESIRED -0.8 0.04 5.2 -54. 40. 755. -0.
46.604 1 WP_MOVED 2 504493.59375 3566717. 755. 12
46.609 1 NAVIGATION 0 1 25.2 -4.2 8302.2 655.6 0 0
46.647 1 GPS 3 50457324 356667264 1090 755419 37 35 1736 603341500 12 26
46.681 1 NAVIGATION 0 1 25.2 -4.2 8302.2 655.6 0 0
46.682 1 FBW_STATUS 2 0 1 0 0
46.695 1 ATTITUDE -0.085938 1.111572 0.219482
46.777 1 COMMANDS 0,-4709,-1010
46.795 1 ATTITUDE -0.086182 1.111084 0.219238
46.801 1 DESIRED -0.8 0.04 5.2 -54. 40. 755. -0.
46.804 1 IMU_GYRO -0.019043 0.003174 0.019043
46.877 1 ACTUATORS 1000,1432,1348
46.895 1 ATTITUDE -0.086426 1.109619 0.219238
46.901 1 GPS 3 50457452 356667200 1106 755811 35 51 1736 603342000 12 27
46.904 1 IMU_ACCEL -6.581055 0.830078 7.213867
46.905 1 STATE_FILTER_STATUS 3 0
46.907 1 DOWNLINK 32 829 7178
46.930 1 NAVIGATION 0 1 26.5 -5. 8574.9 728.9 0 0
46.995 1 ATTITUDE -0.086182 1.109131 0.219238
47.001 1 DESIRED -0.8 0.03 5.2 -54. 40. 755. -0.1
47.003 1 ESTIMATOR 755.91571 0.732234
47.006 1 IMU_MAG 0.259277 -0.677246 -0.932129
47.095 1 ATTITUDE -0.086426 1.108643 0.219238
47.098 1 WP_MOVED 3 504514.8125 3566634. 755. 12
47.110 1 DOWNLINK_STATUS 39 32600 1479 0 834. 39. 18.18
47.149 1 GPS 3 50457452 356667200 1092 755904 56 53 1736 603342250 12 28
47.180 1 NAVIGATION 0 1 26.5 -5. 8574.9 728.9 0 0
47.195 1 ATTITUDE -0.086426 1.108398 0.218994
47.201 1 DESIRED -0.8 0.03 5.2 -54. 40. 755. -0.1
47.204 1 BAT 0 0 0 180 1 190 190 0
47.295 1 ATTITUDE -0.086426 1.108154 0.218994
47.297 1 NAVIGATION_REF 504548 3566677 12
47.395 1 ATTITUDE -0.08667 1.107422 0.21875
47.401 1 DESIRED -0.8 0.03 5.2 -54. 40. 755. -0.1
47.406 1 GPS 3 50457452 356667200 1095 756163 62 55 1736 603342500 12 29
47.410 1 IMU_GYRO -0.014893 0.005127 0.014893
47.413 1 GPS_SOL 1407 265 327 7
47.430 1 NAVIGATION 0 1 26.5 -5. 8574.9 728.9 0 0
47.495 1 ATTITUDE -0.08667 1.107178 0.218506
47.497 1 ESTIMATOR 756.208618 0.693209
47.595 1 ATTITUDE -0.08667 1.106934 0.218506
47.601 1 DESIRED -0.8 0.03 5.2 -54. 40. 755. -0.1
47.604 1 WP_MOVED 4 504603.3125 3566652.5 755. 12
47.609 1 NAVIGATION 0 1 26.5 -5. 8574.9 728.9 0 0
47.647 1 GPS 3 50457452 356667200 1095 756163 62 55 1736 603342500 12 30
47.681 1 NAVIGATION 0 1 26.5 -5. 8574.9 728.9 0 0
47.695 1 ATTITUDE -0.08667 1.106934 0.218262
47.698 1 IMU_ACCEL -6.552734 0.834961 7.180664
47.795 1 ATTITUDE -0.08667 1.106201 0.218262
47.801 1 DESIRED -0.8 0.03 5.2 -54. 40. 755. -0.1
47.803 1 DL_VALUE 7 2.
47.806 1 ENERGY 0. 0. 0 0.
47.895 1 ATTITUDE -0.08667 1.105957 0.218018
47.903 1 GPS 3 50457452 356667200 1165 756835 30 64 1736 603343000 12 31
47.905 1 ALIVE 20,182,19,30,209,130,135,216,36,56,36,172,141,52,115,94
47.930 1 NAVIGATION 0 1 26.5 -5. 8574.9 728.9 0 0
47.995 1 ATTITUDE -0.08667 1.105713 0.218018
48.001 1 DESIRED -0.8 0.03 5.2 -54. 40. 755. -0.1
48.003 1 ESTIMATOR 756.647705 0.745961
48.006 1 IMU_GYRO -0.016846 0.005127 0.014893
48.008 1 PPRZ_MODE 2 3 3 0 0 6
48.095 1 ATTITUDE -0.08667 1.105469 0.217773
48.098 1 WP_MOVED 5 504607.1875 3566709.25 755. 12
48.110 1 DOWNLINK_STATUS 40 33452 1517 0 852. 38. 18.18
48.150 1 GPS 3 50457452 356667200 1165 756766 30 64 1736 603343000 12 32
48.150 1 SVINFO 0 3 15 4 24 23 46
48.181 1 NAVIGATION 0 1 26.5 -5. 8574.9 728.9 0 0
48.195 1 ATTITUDE -0.086914 1.105469 0.217773
48.202 1 DESIRED -0.8 0.03 5.2 -54. 40. 755. -0.1
48.245 1 SETTING 1 8 1.
48.250 1 DL_VALUE 8 1.
48.295 1 ATTITUDE -0.086914 1.105469 0.217773
48.298 1 BAT 0 0 0 181 1 191 191 0
48.301 1 IMU_MAG 0.266602 -0.674316 -0.935059
48.395 1 ATTITUDE -0.086426 1.105469 0.217529
48.401 1 DESIRED -0.8 0.03 5.2 -54. 40. 755. -0.1
48.406 1 GPS 3 50457452 356667200 1135 756851 87 63 1736 603343500 12 1
48.430 1 NAVIGATION 0 1 26.5 -5. 8574.9 728.9 0 0
48.495 1 ATTITUDE -0.08667 1.105469 0.217773
48.497 1 ESTIMATOR 756.962097 0.712786
48.500 1 IMU_ACCEL -6.552734 0.787109 7.095703
48.595 1 ATTITUDE -0.08667 1.10498 0.217773
48.601 1 DESIRED -0.8 0.03 5.2 -54. 40. 755. -0.1
48.604 1 WP_MOVED 0 504590. 3566719. 755. 12
48.607 1 IMU_GYRO -0.014893 0. 0.016846
48.612 1 NAVIGATION 0 1 26.5 -5. 8574.9 728.9 0 0
48.614 1 CALIBRATION 55.1 0
48.615 1 PONG 
48.647 1 GPS 3 50457452 356667200 1135 756851 87 63 1736 603343500 12 2
48.650 1 SVINFO 2 6 15 4 17 7 38
48.682 1 FBW_STATUS 2 0 1 0 0
48.682 1 NAVIGATION 0 1 26.5 -5. 8574.9 728.9 0 0
48.695 1 ATTITUDE -0.086914 1.10498 0.217529
48.795 1 ATTITUDE -0.08667 1.10498 0.217529
48.801 1 DESIRED -0.8 0.03 5.2 -54. 40. 755. -0.1
48.895 1 ATTITUDE -0.086914 1.10498 0.217285
48.900 1 GPS 3 50457452 356667200 1107 756836 70 57 1736 603344000 12 3
48.903 1 SVINFO 3 7 15 7 35 62 12
48.930 1 NAVIGATION 0 1 26.5 -5. 8574.9 728.9 0 0
48.995 1 ATTITUDE -0.08667 1.104736 0.217285
49.001 1 DESIRED -0.8 0.03 5.2 -54. 40. 755. -0.1
49.003 1 ESTIMATOR 757.138977 0.612053
49.095 1 ATTITUDE -0.086914 1.10498 0.217529
49.098 1 WP_MOVED 1 504548. 3566677. 754. 12
49.100 1 STATE_FILTER_STATUS 3 0
49.111 1 DOWNLINK_STATUS 41 34299 1557 0 847. 40. 23.06
49.150 1 GPS 3 50457452 356667200 698 756531 162 46 1736 603344250 12 4
49.154 1 SVINFO 4 8 4 3 18 46 323
49.183 1 NAVIGATION 0 1 26.5 -5. 8574.9 728.9 0 0
49.196 1 ATTITUDE -0.086914 1.104736 0.217041
49.202 1 DESIRED -0.8 0.03 5.2 -54. 40. 755. -0.1
49.204 1 IMU_GYRO -0.016846 0.008301 0.014893
49.295 1 ATTITUDE -0.08667 1.104492 0.217285
49.298 1 IMU_ACCEL -6.566406 0.825195 7.242188
49.300 1 DL_VALUE 8 1.
49.395 1 ATTITUDE -0.086914 1.104736 0.217529
49.401 1 DESIRED -0.8 0.03 5.2 -54. 40. 755. -0.1
49.406 1 GPS 3 50457452 356667264 809 756355 150 61 1736 603344500 12 5
49.410 1 BAT 0 0 0 182 1 192 192 0
49.413 1 GPS_SOL 1382 257 326 7
49.430 1 NAVIGATION 0 1 26.5 -4.2 8507.9 722. 0 0
49.495 1 ATTITUDE -0.08667 1.105713 0.215088
49.497 1 ESTIMATOR 756.998047 0.364213
49.595 1 ATTITUDE -0.085693 1.105957 0.214844
49.601 1 DESIRED -0.8 0.03 5.2 -54. 40. 755. -0.1
49.604 1 WP_MOVED 2 504493.59375 3566717. 755. 12
49.609 1 NAVIGATION 0 1 26.5 -4.2 8507.9 722. 0 0
49.612 1 IMU_MAG 0.251953 -0.677246 -0.935059
49.647 1 GPS 3 50457452 356667264 809 756355 150 61 1736 603344500 12 6
49.683 1 NAVIGATION 0 1 26.5 -4.2 8507.9 722. 0 0
49.695 1 ATTITUDE -0.085449 1.105469 0.215088
49.795 1 ATTITUDE -0.084473 1.10498 0.208984
49.801 1 DESIRED -0.8 0.03 5.2 -54. 40. 755. -0.1
49.804 1 IMU_GYRO 0.012695 -0.055176 0.028564
49.895 1 ATTITUDE -0.088623 1.109619 0.199707
49.900 1 GPS 3 50457580 356667264 802 756594 71 35 1736 603345000 12 7
49.903 1 SVINFO 7 11 15 7 35 18 122
49.929 1 NAVIGATION 0 1 27.8 -4.2 8717. 791.6 0 0
49.995 1 ATTITUDE -0.092773 1.112305 0.199219
50.001 1 DESIRED -0.8 0.03 5.2 -54. 40. 755. -0.1
50.003 1 ESTIMATOR 756.875793 0.199585
50.095 1 ATTITUDE -0.092285 1.102295 0.199951
50.098 1 WP_MOVED 3 504514.8125 3566634. 755. 12
50.101 1 IMU_ACCEL -6.456055 1.251953 6.558594
50.112 1 DOWNLINK_STATUS 42 35145 1595 0 846. 38. 23.06
50.150 1 GPS 3 50457580 356667264 830 756675 35 35 1736 603345250 12 8
50.151 1 SVINFO 8 13 15 7 37 51 155
50.184 1 NAVIGATION 0 1 27.8 -4.2 8717. 791.6 0 0
50.195 1 ATTITUDE -0.094727 1.093506 0.201416
50.201 1 DESIRED -0.8 0.04 5.2 -54. 40. 755. -0.1
50.295 1 ATTITUDE -0.090332 1.097412 0.207031
50.298 1 ENERGY 0. 0. 0 0.
50.395 1 ATTITUDE -0.088867 1.104248 0.211182
50.401 1 DESIRED -0.8 0.03 5.2 -54. 40. 755. -0.1
50.406 1 GPS 3 50457580 356667264 856 756801 59 52 1736 603345500 12 9
50.409 1 SVINFO 9 19 15 6 31 39 65
50.412 1 IMU_GYRO 0.036133 -0.02124 0.008301
50.429 1 NAVIGATION 0 1 27.8 -4.2 8717. 791.6 0 0
50.495 1 ATTITUDE -0.089355 1.101074 0.208496
50.497 1 ESTIMATOR 756.875793 0.146051
50.501 1 BAT 0 0 0 183 1 193 193 0
50.595 1 ATTITUDE -0.088867 1.087891 0.205078
50.601 1 DESIRED -0.8 0.03 5.2 -54. 40. 755. -0.1
50.604 1 WP_MOVED 4 504603.3125 3566652.5 755. 12
50.609 1 NAVIGATION 0 1 27.8 -4.2 8717. 791.6 0 0
50.647 1 GPS 3 50457580 356667264 856 756801 59 52 1736 603345500 12 10
50.677 1 FBW_STATUS 2 0 1 0 0
50.685 1 NAVIGATION 0 1 27.8 -4.2 8717. 791.6 0 0
50.695 1 ATTITUDE -0.092041 1.078613 0.201416
50.697 1 CALIBRATION 59.2 0
50.795 1 ATTITUDE -0.094238 1.078369 0.198975
50.801 1 DESIRED -0.8 0.04 5.2 -54. 40. 755. -0.1
50.802 1 DL_VALUE 9 1.
50.895 1 ATTITUDE -0.091553 1.087402 0.204346
50.900 1 GPS 3 50457580 356667264 884 757141 52 78 1736 603346000 12 11
50.903 1 SVINFO 11 23 15 7 44 24 153
50.906 1 IMU_ACCEL -6.25 0.503906 7.541992
50.909 1 IMU_MAG 0.256836 -0.662598 -0.929199
50.929 1 NAVIGATION 0 1 27.8 -4.2 8717. 791.6 0 0
50.995 1 ATTITUDE -0.087891 1.09375 0.205566
51.001 1 DESIRED -0.8 0.03 5.2 -54. 40. 755. -0.1
51.003 1 ESTIMATOR 756.999023 0.175729
51.006 1 IMU_GYRO 0.008301 0.000977 0.027588
51.095 1 ATTITUDE -0.088867 1.09082 0.203125
51.098 1 WP_MOVED 5 504607.1875 3566709.25 755. 12
51.113 1 DOWNLINK_STATUS 43 36015 1635 0 870. 40. 23.06
51.147 1 GPS 3 50457648 356667264 907 757312 47 72 1736 603346250 12 12
51.179 1 NAVIGATION 0 1 28.5 -4.2 8825.3 828.5 0 0
51.195 1 ATTITUDE -0.089355 1.090332 0.201172
51.201 1 DESIRED -0.8 0.03 5.2 -54. 40. 755. -0.1
51.295 1 ATTITUDE -0.086914 1.095215 0.200195
51.296 1 STATE_FILTER_STATUS 3 0
51.395 1 ATTITUDE -0.08374 1.09375 0.206055
51.400 1 DESIRED -0.8 0.03 5.2 -54. 40. 755. -0.1
51.406 1 GPS 3 50457648 356667264 945 757441 55 73 1736 603346500 12 13
51.409 1 GPS_SOL 1384 246 326 7
51.429 1 NAVIGATION 0 1 28.5 -4.2 8825.3 828.5 0 0
51.495 1 ATTITUDE -0.090576 1.090576 0.207275
51.497 1 ESTIMATOR 757.236877 0.258578
51.595 1 ATTITUDE -0.094727 1.091553 0.211914
51.600 1 DESIRED -0.8 0.03 5.2 -54. 40. 755. -0.1
51.604 1 WP_MOVED 0 504590. 3566719. 755. 12
51.607 1 IMU_GYRO 0.129639 -0.17749 -0.000977
51.612 1 NAVIGATION 0 1 28.5 -4.2 8825.3 828.5 0 0
51.647 1 GPS 3 50457648 356667264 945 757441 55 73 1736 603346500 12 14
51.650 1 SVINFO 14 135 28 6 36 46 217
51.679 1 NAVIGATION 0 1 28.5 -4.2 8825.3 828.5 0 0
51.695 1 ATTITUDE -0.102295 1.107422 0.20166
51.698 1 IMU_ACCEL -5.432617 0.945312 6.648438
51.777 1 COMMANDS 0,-4637,-902
51.795 1 ATTITUDE -0.094727 1.124268 0.199707
51.802 1 DESIRED -0.8 0.03 5.2 -54. 40. 755. -0.1
51.877 1 ACTUATORS 1000,1429,1351
51.895 1 ATTITUDE -0.085205 1.121094 0.202148
51.900 1 GPS 3 50457648 356667264 933 757146 71 58 1736 603347000 12 15
51.903 1 SVINFO 15 135 28 7 37 46 217
51.929 1 NAVIGATION 0 1 28.5 -4.2 8825.3 828.5 0 0
51.995 1 ATTITUDE -0.083984 1.100586 0.211914
52.000 1 DESIRED -0.8 0.03 5.2 -54. 40. 755. -0.1
52.003 1 ESTIMATOR 757.293274 0.217024
52.005 1 DOWNLINK 33 849 7376
52.095 1 ATTITUDE -0.091309 1.085938 0.216553
52.098 1 WP_MOVED 1 504548. 3566677. 754. 12
52.114 1 DOWNLINK_STATUS 44 36822 1672 0 807. 37. 23.06
52.147 1 GPS 3 50457648 356667264 933 757488 9 59 1736 603347250 12 16
52.179 1 NAVIGATION 0 1 28.5 -4.2 8825.3 828.5 0 0
52.195 1 ATTITUDE -0.090576 1.086914 0.213623
52.200 1 DESIRED -0.8 0.03 5.2 -54. 40. 755. -0.1
52.204 1 IMU_GYRO 0.006348 0.010498 -0.04248
52.207 1 IMU_MAG 0.26416 -0.662598 -0.940918
52.294 1 ATTITUDE -0.088379 1.092041 0.213867
52.296 1 DL_VALUE 10 0.
52.394 1 ATTITUDE -0.088135 1.092529 0.214111
52.400 1 DESIRED -0.8 0.03 5.2 -54. 40. 755. -0.1
52.406 1 GPS 3 50457648 356667264 936 757710 20 52 1736 603347500 12 17
52.429 1 NAVIGATION 0 1 28.5 -4.2 8825.3 828.5 0 0
52.494 1 ATTITUDE -0.088379 1.095947 0.213623
52.497 1 ESTIMATOR 757.51178 0.279076
52.500 1 IMU_ACCEL -6.504883 1.136719 7.132812
52.594 1 ATTITUDE -0.088623 1.107666 0.213623
52.600 1 DESIRED -0.8 0.03 5.2 -54. 40. 755. -0.2
52.604 1 WP_MOVED 2 504493.59375 3566717. 755. 12
52.608 1 NAVIGATION 0 1 28.5 -4.2 8825.3 828.5 0 0
52.647 1 GPS 3 50457648 356667264 936 757710 20 52 1736 603347500 12 18
52.677 1 FBW_STATUS 2 0 1 0 0
52.688 1 NAVIGATION 0 1 28.5 -4.2 8825.3 828.5 0 0
52.694 1 ATTITUDE -0.087891 1.129395 0.213379
52.699 1 BAT 0 0 0 186 1 196 196 0
52.794 1 ATTITUDE -0.086182 1.15918 0.213379
52.800 1 DESIRED -0.8 0.03 5.2 -54. 40. 755. -0.2
52.803 1 IMU_GYRO 0.202148 -0.02002 -0.241455
52.805 1 CALIBRATION 62.3 0
52.809 1 ENERGY 0. 0. 0 0.
52.894 1 ATTITUDE -0.083496 1.191406 0.213623
52.900 1 GPS 3 50457648 356667200 972 758392 43 60 1736 603348000 12 19
52.904 1 ALIVE 20,182,19,30,209,130,135,216,36,56,36,172,141,52,115,94
52.929 1 NAVIGATION 0 1 28.5 -5. 8892.2 835.5 0 0
52.994 1 ATTITUDE -0.079834 1.220215 0.213623
53.000 1 DESIRED -0.8 0.03 5.2 -54. 40. 755. -0.2
53.003 1 ESTIMATOR 757.935181 0.437752
53.005 1 PPRZ_MODE 2 3 3 0 0 6
53.094 1 ATTITUDE -0.075928 1.236572 0.213867
53.098 1 WP_MOVED 3 504514.8125 3566634. 755. 12
53.115 1 DOWNLINK_STATUS 45 37685 1711 0 863. 39. 23.06
53.147 1 GPS 3 50457648 356667200 1018 758782 58 67 1736 603348250 12 20
53.179 1 NAVIGATION 0 1 28.5 -5. 8892.2 835.5 0 0
53.194 1 ATTITUDE -0.073486 1.235596 0.214355
53.200 1 DESIRED -0.8 0.02 5.2 -54. 40. 755. -0.2
53.294 1 ATTITUDE -0.074951 1.229492 0.2146
53.298 1 IMU_ACCEL -6.585938 0.839844 7.0625
53.394 1 ATTITUDE -0.074707 1.226074 0.2146
53.400 1 DESIRED -0.8 0.02 5.2 -54. 40. 755. -0.2
53.406 1 GPS 3 50457648 356667200 1060 759105 44 60 1736 603348500 12 21
53.409 1 IMU_GYRO -0.02124 0.003174 0.015869
53.412 1 GPS_SOL 1381 251 326 7
53.429 1 NAVIGATION 0 1 28.5 -5. 8892.2 835.5 0 0
53.489 1 WIND_INFO 1 42 0. 0. 0.
53.494 1 ATTITUDE -0.074219 1.221436 0.213379
53.497 1 ESTIMATOR 758.56012 0.661857
53.500 1 IMU_MAG 0.261719 -0.766602 -0.946289
53.502 1 STATE_FILTER_STATUS 3 0
53.594 1 ATTITUDE -0.074463 1.218506 0.213135
53.600 1 DESIRED -0.8 0.02 5.2 -54. 40. 755. -0.2
53.604 1 WP_MOVED 4 504603.3125 3566652.5 755. 12
53.608 1 NAVIGATION 0 1 28.5 -5. 8892.2 835.5 0 0
53.609 1 PONG 
53.647 1 GPS 3 50457648 356667200 1060 759105 44 60 1736 603348500 12 22
53.679 1 NAVIGATION 0 1 28.5 -5. 8892.2 835.5 0 0
53.694 1 ATTITUDE -0.074707 1.215088 0.213623
53.794 1 ATTITUDE -0.074951 1.211914 0.213379
53.800 1 DESIRED -0.8 0.02 5.2 -54. 40. 755. -0.2
53.804 1 BAT 0 0 0 187 1 197 197 0
53.806 1 DL_VALUE 11 1.
53.894 1 ATTITUDE -0.075195 1.209229 0.213379
53.900 1 GPS 3 50457648 356667200 959 759472 120 67 1736 603349000 12 23
53.929 1 NAVIGATION 0 1 28.5 -5. 8892.2 835.5 0 0
53.994 1 ATTITUDE -0.075195 1.206787 0.213623
54.000 1 DESIRED -0.8 0.02 5.2 -54. 40. 755. -0.3
54.003 1 ESTIMATOR 759.18512 0.821323
54.006 1 IMU_GYRO -0.012695 -0.003174 0.015869
54.094 1 ATTITUDE -0.074951 1.204102 0.214111
54.098 1 WP_MOVED 5 504607.1875 3566709.25 755. 12
54.101 1 IMU_ACCEL -6.542969 0.652344 7.02832
54.116 1 DOWNLINK_STATUS 46 38518 1749 0 833. 38. 15.97
54.147 1 GPS 3 50457648 356667200 962 759787 66 72 1736 603349250 12 24
54.179 1 NAVIGATION 0 1 28.5 -5. 8892.2 835.5 0 0
54.194 1 ATTITUDE -0.074951 1.201172 0.214355
54.200 1 DESIRED -0.8 0.02 5.2 -54. 40. 755. -0.3
54.294 1 ATTITUDE -0.075928 1.19873 0.216309
54.394 1 ATTITUDE -0.076416 1.197266 0.216553
54.400 1 DESIRED -0.8 0.02 5.2 -54. 40. 755. -0.3
54.406 1 GPS 3 50457776 356667200 964 760035 85 60 1736 603349500 12 25
54.429 1 NAVIGATION 0 1 29.8 -5. 9106.2 910.1 0 0
54.494 1 ATTITUDE -0.076416 1.196533 0.216309
54.497 1 ESTIMATOR 759.795593 0.930837
54.594 1 ATTITUDE -0.07666 1.194336 0.216553
54.600 1 DESIRED -0.8 0.02 5.2 -54. 40. 755. -0.3
54.604 1 WP_MOVED 0 504590. 3566719. 755. 12
54.607 1 IMU_GYRO -0.014893 0.013672 0.022217
54.611 1 NAVIGATION 0 1 29.8 -5. 9106.2 910.1 0 0
54.647 1 GPS 3 50457776 356667200 964 760035 85 60 1736 603349500 12 26
54.677 1 FBW_STATUS 2 0 1 0 0
54.681 1 NAVIGATION 0 1 29.8 -5. 9106.2 910.1 0 0
54.694 1 ATTITUDE -0.077148 1.192383 0.217773
54.794 1 ATTITUDE -0.077393 1.19043 0.217529
54.800 1 DESIRED -0.8 0.02 5.2 -54. 40. 755. -0.3
54.803 1 IMU_MAG 0.261719 -0.760742 -0.935059
54.894 1 ATTITUDE -0.077881 1.187988 0.219238
54.900 1 GPS 3 50457776 356667200 989 760607 77 58 1736 603350000 12 27
54.903 1 IMU_ACCEL -6.365234 0.791016 7.555664
54.907 1 BAT 0 0 0 188 1 198 198 0
54.909 1 CALIBRATION 70.2 0
54.929 1 NAVIGATION 0 1 29.8 -5. 9106.2 910.1 0 0
54.994 1 ATTITUDE -0.078369 1.186523 0.218994
55.000 1 DESIRED -0.8 0.02 5.2 -54. 40. 755. -0.3
55.003 1 ESTIMATOR 760.416748 1.01628
55.094 1 ATTITUDE -0.078369 1.185547 0.219238
55.098 1 WP_MOVED 1 504548. 3566677. 754. 12
55.117 1 DOWNLINK_STATUS 47 39297 1783 0 779. 34. 15.97
55.147 1 GPS 3 50457776 356667136 1016 760723 65 68 1736 603350250 12 28
55.179 1 NAVIGATION 0 1 29.8 -5.8 9174.3 918.1 0 0
55.194 1 ATTITUDE -0.078369 1.184814 0.219482
55.200 1 DESIRED -0.8 0.02 5.2 -54. 40. 755. -0.3
55.203 1 IMU_GYRO -0.016846 0.007324 0.014893
55.294 1 ATTITUDE -0.078613 1.183105 0.219482
55.296 1 DL_VALUE 0 0.
55.300 1 ENERGY 0. 0. 0 0.
55.394 1 ATTITUDE -0.078613 1.182373 0.219482
55.400 1 DESIRED -0.8 0.02 5.2 -54. 40. 755. -0.3
55.406 1 GPS 3 50457904 356667136 1017 760999 99 59 1736 603350500 12 29
55.409 1 GPS_SOL 1415 278 326 7
55.429 1 NAVIGATION 0 1 31. -5.8 9391.6 996. 0 0
55.494 1 ATTITUDE -0.078857 1.181396 0.219727
55.497 1 ESTIMATOR 760.955383 1.033179
55.594 1 ATTITUDE -0.078857 1.18042 0.219727
55.600 1 DESIRED -0.8 0.02 5.2 -54. 40. 755. -0.4
55.604 1 WP_MOVED 2 504493.59375 3566717. 755. 12
55.608 1 NAVIGATION 0 1 31. -5.8 9391.6 996. 0 0
55.647 1 GPS 3 50457904 356667136 1017 760999 99 59 1736 603350500 12 30
55.679 1 NAVIGATION 0 1 31. -5.8 9391.6 996. 0 0
55.694 1 ATTITUDE -0.079102 1.179932 0.219727
55.697 1 IMU_ACCEL -6.620117 0.714844 7.0625
55.699 1 STATE_FILTER_STATUS 3 0
55.794 1 ATTITUDE -0.079102 1.179688 0.219727
55.800 1 DESIRED -0.8 0.02 5.2 -54. 40. 755. -0.4
55.803 1 IMU_GYRO -0.016846 0.007324 0.014893
55.894 1 ATTITUDE -0.079346 1.179443 0.219971
55.900 1 GPS 3 50457904 356667136 1027 761536 83 67 1736 603351000 12 31
55.929 1 NAVIGATION 0 1 31. -5.8 9391.6 996. 0 0
55.994 1 ATTITUDE -0.079102 1.178711 0.220459
56.000 1 DESIRED -0.8 0.02 5.2 -54. 40. 755. -0.4
56.003 1 ESTIMATOR 761.499939 1.048553
56.006 1 BAT 0 0 0 189 1 199 199 0
56.094 1 ATTITUDE -0.079346 1.177979 0.220459
56.098 1 WP_MOVED 3 504514.8125 3566634. 755. 12
56.101 1 IMU_MAG 0.259277 -0.769531 -0.937988
56.117 1 DOWNLINK_STATUS 48 40126 1820 0 829. 37. 15.97
56.147 1 GPS 3 50457904 356667136 834 761663 124 73 1736 603351250 12 32
56.149 1 SVINFO 0 3 15 4 21 23 46
56.179 1 NAVIGATION 0 1 31. -5.8 9391.6 996. 0 0
56.194 1 ATTITUDE -0.07959 1.17749 0.220459
56.200 1 DESIRED -0.8 0.01 5.2 -54. 40. 755. -0.4
56.294 1 ATTITUDE -0.07959 1.177002 0.220703
56.297 1 NAVIGATION_REF 504548 3566677 12
56.394 1 ATTITUDE -0.07959 1.17627 0.220703
56.400 1 DESIRED -0.8 0.01 5.2 -54. 40. 755. -0.4
56.406 1 GPS 3 50457904 356667136 846 761708 89 64 1736 603351500 12 1
56.409 1 IMU_GYRO -0.014893 0.00415 0.019043
56.429 1 NAVIGATION 0 1 31. -5.8 9391.6 996. 0 0
56.494 1 ATTITUDE -0.079834 1.175537 0.220703
56.497 1 ESTIMATOR 761.921265 0.989727
56.500 1 IMU_ACCEL -6.605469 0.729492 7.157227
56.594 1 ATTITUDE -0.079834 1.175537 0.220703
56.600 1 DESIRED -0.8 0.01 5.2 -54. 40. 755. -0.4
56.604 1 WP_MOVED 4 504603.3125 3566652.5 755. 12
56.608 1 NAVIGATION 0 1 31. -5.8 9391.6 996. 0 0
56.647 1 GPS 3 50457904 356667136 846 761708 89 64 1736 603351500 12 2
56.649 1 SVINFO 2 6 15 4 15 7 38
56.677 1 FBW_STATUS 2 0 1 0 0
56.681 1 NAVIGATION 0 1 31. -5.8 9391.6 996. 0 0
56.694 1 ATTITUDE -0.079834 1.174805 0.221191
56.777 1 COMMANDS 0,-4751,-1139
56.794 1 ATTITUDE -0.080078 1.175049 0.220947
56.800 1 DESIRED -0.8 0.01 5.2 -54. 40. 755. -0.4
56.802 1 DL_VALUE 1 0.
56.877 1 ACTUATORS 1000,1437,1342
56.894 1 ATTITUDE -0.080078 1.175049 0.220947
56.900 1 GPS 3 50457904 356667200 864 761941 73 75 1736 603352000 12 3
56.902 1 SVINFO 3 7 15 7 33 62 13
56.929 1 NAVIGATION 0 1 31. -5. 9323.5 987.9 0 0
56.994 1 ATTITUDE -0.080078 1.175049 0.220703
57.000 1 DESIRED -0.8 0.01 5.2 -54. 40. 755. -0.4
57.003 1 ESTIMATOR 762.208374 0.875359
57.006 1 IMU_GYRO -0.019043 0.012695 0.014893
57.008 1 CALIBRATION 82.7 0
57.094 1 ATTITUDE -0.080322 1.174805 0.220703
57.098 1 WP_MOVED 5 504607.1875 3566709.25 755. 12
57.101 1 BAT 0 0 0 190 1 200 200 0
57.103 1 DOWNLINK 33 828 7568
57.118 1 DOWNLINK_STATUS 49 41010 1862 0 884. 42. 15.97
57.147 1 GPS 3 50457904 356667200 866 762101 91 77 1736 603352250 12 4
57.149 1 SVINFO 4 8 4 3 16 46 323
57.179 1 NAVIGATION 0 1 31. -5. 9323.5 987.9 0 0
57.194 1 ATTITUDE -0.080322 1.174805 0.220947
57.200 1 DESIRED -0.8 0.01 5.2 -54. 40. 755. -0.4
57.294 1 ATTITUDE -0.080566 1.174805 0.220947
57.297 1 IMU_ACCEL -6.581055 0.777344 7.152344
57.394 1 ATTITUDE -0.080322 1.174561 0.220947
57.400 1 DESIRED -0.8 0.01 5.2 -54. 40. 755. -0.4
57.406 1 GPS 3 50457904 356667200 865 762662 87 79 1736 603352500 12 5
57.409 1 IMU_MAG 0.266602 -0.763672 -0.935059
57.412 1 GPS_SOL 1458 273 326 7
57.429 1 NAVIGATION 0 1 31. -5. 9323.5 987.9 0 0
57.494 1 ATTITUDE -0.080078 1.174561 0.221436
57.497 1 ESTIMATOR 762.578613 0.842752
57.594 1 ATTITUDE -0.080566 1.174561 0.221191
57.600 1 DESIRED -0.8 0.01 5.2 -54. 40. 755. -0.5
57.604 1 WP_MOVED 0 504590. 3566719. 755. 12
57.607 1 IMU_GYRO -0.016846 0.001953 0.015869
57.611 1 NAVIGATION 0 1 31. -5. 9323.5 987.9 0 0
57.647 1 GPS 3 50457904 356667200 865 762662 87 79 1736 603352500 12 6
57.679 1 NAVIGATION 0 1 31. -5. 9323.5 987.9 0 0
57.694 1 ATTITUDE -0.080566 1.174316 0.221191
57.794 1 ATTITUDE -0.080322 1.174072 0.221436
57.800 1 DESIRED -0.8 0.01 5.2 -54. 40. 755. -0.5
57.804 1 ENERGY 0. 0. 0 0.
57.894 1 ATTITUDE -0.080322 1.173828 0.221436
57.900 1 GPS 3 50457904 356667200 858 762985 55 62 1736 603353000 12 7
57.902 1 SVINFO 7 11 15 7 33 18 122
57.904 1 STATE_FILTER_STATUS 3 0
57.908 1 ALIVE 20,182,19,30,209,130,135,216,36,56,36,172,141,52,115,94
57.929 1 NAVIGATION 0 1 31. -5. 9323.5 987.9 0 0
57.994 1 ATTITUDE -0.080322 1.173828 0.221436
58.000 1 DESIRED -0.8 0.01 5.2 -54. 40. 755. -0.5
58.003 1 ESTIMATOR 763.006104 0.845384
58.005 1 PPRZ_MODE 2 3 3 0 0 6
58.094 1 ATTITUDE -0.080322 1.17334 0.22168
58.098 1 WP_MOVED 1 504548. 3566677. 754. 12
58.101 1 IMU_ACCEL -6.610352 0.729492 7.256836
58.119 1 DOWNLINK_STATUS 50 41871 1901 0 861. 39. 15.97
58.147 1 GPS 3 50457904 356667200 857 763225 70 66 1736 603353250 12 8
58.149 1 SVINFO 8 13 15 7 39 51 155
58.179 1 NAVIGATION 0 1 31. -5. 9323.5 987.9 0 0
58.194 1 ATTITUDE -0.080566 1.172607 0.221436
58.201 1 DESIRED -0.8 0.01 5.2 -54. 40. 755. -0.5
58.203 1 IMU_GYRO -0.016846 0.02002 0.011475
58.207 1 BAT 0 0 0 191 1 201 201 0
58.295 1 ATTITUDE -0.080566 1.172363 0.22168
58.296 1 DL_VALUE 2 755.
58.394 1 ATTITUDE -0.080566 1.172363 0.221436
58.400 1 DESIRED -0.8 0.01 5.2 -54. 40. 755. -0.5
58.406 1 GPS 3 50457968 356667200 867 763387 49 54 1736 603353500 12 9
58.408 1 SVINFO 9 19 15 4 20 39 65
58.429 1 NAVIGATION 0 1 31.7 -5. 9436.1 1029.1 0 0
58.494 1 ATTITUDE -0.080566 1.172119 0.22168
58.497 1 ESTIMATOR 763.419739 0.839822
58.594 1 ATTITUDE -0.080566 1.171875 0.22168
58.600 1 DESIRED -0.8 0.01 5.2 -54. 40. 755. -0.5
58.604 1 WP_MOVED 2 504493.59375 3566717. 755. 12
58.608 1 NAVIGATION 0 1 31.7 -5. 9436.1 1029.1 0 0
58.609 1 PONG 
58.647 1 GPS 3 50457968 356667200 867 763387 49 54 1736 603353500 12 10
58.677 1 FBW_STATUS 2 0 1 0 0
58.681 1 NAVIGATION 0 1 31.7 -5. 9436.1 1029.1 0 0
58.694 1 ATTITUDE -0.080566 1.171631 0.221924
58.697 1 IMU_MAG 0.26416 -0.772461 -0.940918
58.794 1 ATTITUDE -0.080566 1.171387 0.221924
58.800 1 DESIRED -0.8 0.01 5.2 -54. 40. 755. -0.5
58.803 1 IMU_GYRO -0.019043 0.009521 0.015869
58.894 1 ATTITUDE -0.080566 1.171631 0.221924
58.900 1 GPS 3 50457968 356667200 879 763761 67 41 1736 603354000 12 11
58.902 1 SVINFO 11 23 15 7 45 24 153
58.905 1 IMU_ACCEL -6.667969 0.757812 7.175781
58.929 1 NAVIGATION 0 1 31.7 -5. 9436.1 1029.1 0 0
58.994 1 ATTITUDE -0.080322 1.171387 0.221924
59.000 1 DESIRED -0.8 0.01 5.2 -54. 40. 755. -0.5
59.004 1 ESTIMATOR 763.811829 0.824104
59.094 1 ATTITUDE -0.080322 1.171387 0.222168
59.100 1 WP_MOVED 3 504514.8125 3566634. 755. 12
59.101 1 CALIBRATION 93.3 0
59.120 1 DOWNLINK_STATUS 51 42727 1941 0 856. 40. 14.82
59.147 1 GPS 3 50458096 356667200 891 763951 54 65 1736 603354250 12 12
59.179 1 NAVIGATION 0 1 33. -5. 9658.3 1111.9 0 0
59.194 1 ATTITUDE -0.080322 1.171143 0.221924
59.200 1 DESIRED -0.8 0.01 5.2 -54. 40. 755. -0.5
59.294 1 ATTITUDE -0.080078 1.171387 0.221924
59.298 1 BAT 0 0 0 192 1 202 202 0
59.394 1 ATTITUDE -0.079834 1.171387 0.222168
59.400 1 DESIRED -0.8 0.01 5.2 -54. 40. 755. -0.5
59.406 1 GPS 3 50458096 356667200 894 764187 58 51 1736 603354500 12 13
59.409 1 IMU_GYRO -0.014893 -0.000977 0.019043
59.412 1 GPS_SOL 1482 276 326 7
59.429 1 NAVIGATION 0 1 33. -5. 9658.3 1111.9 0 0
59.494 1 ATTITUDE -0.080078 1.171387 0.222168
59.497 1 ESTIMATOR 764.199768 0.811297
59.594 1 ATTITUDE -0.080078 1.171143 0.222168
59.600 1 DESIRED -0.8 0.01 5.2 -54. 40. 755. -0.6
59.603 1 WP_MOVED 4 504603.3125 3566652.5 755. 12
59.608 1 NAVIGATION 0 1 33. -5. 9658.3 1111.9 0 0
59.647 1 GPS 3 50458096 356667200 894 764187 58 51 1736 603354500 12 14
59.649 1 SVINFO 14 135 28 7 34 46 217
59.679 1 NAVIGATION 0 1 33. -5. 9658.3 1111.9 0 0
59.695 1 ATTITUDE -0.079834 1.171875 0.222412
59.698 1 IMU_ACCEL -6.605469 0.700195 7.099609
59.794 1 ATTITUDE -0.07959 1.171631 0.222412
59.800 1 DESIRED -0.8 0.01 5.2 -54. 40. 755. -0.6
59.802 1 DL_VALUE 3 0.
59.894 1 ATTITUDE -0.079346 1.171631 0.222656
59.900 1 GPS 3 50458096 356667200 922 764487 71 69 1736 603355000 12 15
59.929 1 NAVIGATION 0 1 33. -5. 9658.3 1111.9 0 0
59.994 1 ATTITUDE -0.07959 1.171143 0.222412
60.000 1 DESIRED -0.8 0.01 5.2 -54. 40. 755. -0.6
60.002 1 ESTIMATOR 764.562805 0.787283
60.006 1 IMU_GYRO -0.012695 0.007324 0.015869
60.009 1 IMU_MAG 0.261719 -0.763672 -0.932129
60.094 1 ATTITUDE -0.079346 1.170898 0.222412
60.098 1 WP_MOVED 5 504607.1875 3566709.25 755. 12
60.099 1 STATE_FILTER_STATUS 3 0
60.120 1 DOWNLINK_STATUS 52 43550 1978 0 823. 37. 14.82
60.147 1 GPS 3 50458096 356667200 920 764513 49 51 1736 603355250 12 16
60.179 1 NAVIGATION 0 1 33. -5. 9658.3 1111.9 0 0
60.196 1 ATTITUDE -0.07959 1.170654 0.222656
60.200 1 DESIRED -0.8 0.01 5.2 -54. 40. 755. -0.6
60.294 1 ATTITUDE -0.07959 1.170898 0.222656
60.297 1 ENERGY 0. 0. 0 0.
60.397 1 ATTITUDE -0.07959 1.170654 0.222656
60.400 1 DESIRED -0.8 0.01 5.2 -54. 40. 755. -0.6
60.406 1 GPS 3 50458096 356667200 987 764795 29 36 1736 603355500 12 17
60.409 1 BAT 0 0 0 193 1 203 203 0
60.429 1 NAVIGATION 0 1 33. -5. 9658.3 1111.9 0 0
60.494 1 ATTITUDE -0.07959 1.170166 0.222656
60.496 1 ESTIMATOR 764.860901 0.736177
60.500 1 IMU_ACCEL -6.625 0.777344 7.162109
60.594 1 ATTITUDE -0.079834 1.17041 0.222656
60.600 1 DESIRED -0.8 0.01 5.2 -54. 40. 755. -0.6
60.603 1 WP_MOVED 0 504590. 3566719. 755. 12
60.606 1 IMU_GYRO -0.016846 0.006348 0.014893
60.611 1 NAVIGATION 0 1 33. -5. 9658.3 1111.9 0 0
60.647 1 GPS 3 50458096 356667200 987 764795 29 36 1736 603355500 12 18
60.677 1 FBW_STATUS 2 0 1 0 0
60.681 1 NAVIGATION 0 1 33. -5. 9658.3 1111.9 0 0
60.696 1 ATTITUDE -0.079834 1.17041 0.222656
60.794 1 ATTITUDE -0.079834 1.170654 0.222656
60.800 1 DESIRED -0.8 0. 5.2 -54. 40. 755. -0.6
60.894 1 ATTITUDE -0.079834 1.170654 0.222656
60.900 1 GPS 3 50458096 356667200 1066 765317 47 68 1736 603356000 12 19
60.929 1 NAVIGATION 0 1 33. -5. 9658.3 1111.9 0 0
60.994 1 ATTITUDE -0.080078 1.170654 0.222656
61.000 1 DESIRED -0.8 0. 5.2 -54. 40. 755. -0.6
61.002 1 ESTIMATOR 765.259949 0.75369
61.094 1 ATTITUDE -0.080078 1.170654 0.2229
61.097 1 WP_MOVED 1 504548. 3566677. 754. 12
61.121 1 DOWNLINK_STATUS 53 44320 2011 0 770. 33. 14.82
61.147 1 GPS 3 50458224 356667136 1072 765583 63 64 1736 603356250 12 20
61.179 1 NAVIGATION 0 1 34.2 -5.8 9951.9 1206.1 0 0
61.202 1 ATTITUDE -0.080078 1.170654 0.2229
61.202 1 DESIRED -0.8 0. 5.2 -54. 40. 755. -0.6
61.204 1 IMU_GYRO -0.016846 0.007324 0.015869
61.205 1 CALIBRATION 105.5 0
61.294 1 ATTITUDE -0.080078 1.170654 0.2229
61.297 1 IMU_ACCEL -6.610352 0.69043 7.162109
61.300 1 IMU_MAG 0.261719 -0.763672 -0.92334
61.302 1 DL_VALUE 4 0.
61.394 1 ATTITUDE -0.080322 1.17041 0.2229
61.400 1 DESIRED -0.8 0. 5.2 -54. 40. 755. -0.6
61.406 1 GPS 3 50458224 356667136 1093 765760 40 46 1736 603356500 12 21
61.409 1 GPS_SOL 1491 267 326 7
61.429 1 NAVIGATION 0 1 34.2 -5.8 9951.9 1206.1 0 0
61.494 1 ATTITUDE -0.080322 1.170654 0.2229
61.496 1 ESTIMATOR 765.697998 0.78693
61.500 1 BAT 0 0 0 194 1 204 204 0
61.594 1 ATTITUDE -0.080322 1.17041 0.2229
61.600 1 DESIRED -0.8 0. 5.2 -54. 40. 755. -0.6
61.603 1 WP_MOVED 2 504493.59375 3566717. 755. 12
61.608 1 NAVIGATION 0 1 34.2 -5.8 9951.9 1206.1 0 0
61.647 1 GPS 3 50458224 356667136 1093 765760 40 46 1736 603356500 12 22
61.679 1 NAVIGATION 0 1 34.9 -5.8 10068.7 1251.5 0 0
61.698 1 ATTITUDE -0.080566 1.170654 0.223145
61.776 1 COMMANDS 0,-4748,-1214
61.794 1 ATTITUDE -0.080566 1.169922 0.223145
61.800 1 DESIRED -0.8 0. 5.2 -54. 40. 755. -0.7
61.803 1 IMU_GYRO -0.019043 0.008301 0.019043
61.876 1 ACTUATORS 1000,1440,1339
61.894 1 ATTITUDE -0.080811 1.169922 0.223145
61.900 1 GPS 3 50458292 356667136 1090 766144 56 52 1736 603357000 12 23
61.929 1 NAVIGATION 0 1 34.9 -5.8 10068.7 1251.5 0 0
61.994 1 ATTITUDE -0.081055 1.169922 0.2229
62.000 1 DESIRED -0.8 0. 5.2 -54. 40. 755. -0.7
62.002 1 ESTIMATOR 766.132629 0.808498
62.094 1 ATTITUDE -0.080322 1.169922 0.223145
62.097 1 WP_MOVED 3 504514.8125 3566634. 755. 12
62.101 1 IMU_ACCEL -6.874023 0.87793 5.850586
62.122 1 DOWNLINK_STATUS 54 45175 2050 0 855. 39. 14.82
62.147 1 GPS 3 50458292 356667136 1077 766239 68 46 1736 603357250 12 24
62.179 1 NAVIGATION 0 1 34.9 -5.8 10068.7 1251.5 0 0
62.199 1 ATTITUDE -0.07959 1.170654 0.221924
62.200 1 DESIRED -0.8 0. 5.2 -54. 40. 755. -0.7
62.202 1 DOWNLINK 33 840 7761
62.294 1 ATTITUDE -0.078369 1.171875 0.220459
62.295 1 STATE_FILTER_STATUS 3 0
62.394 1 ATTITUDE -0.078857 1.171143 0.219727
62.400 1 DESIRED -0.8 0. 5.2 -54. 40. 755. -0.7
62.406 1 GPS 3 50458292 356667136 1101 766519 61 46 1736 603357500 12 25
62.409 1 IMU_GYRO -0.023193 0.02002 0.009521
62.429 1 NAVIGATION 0 1 34.9 -5.8 10068.7 1251.5 0 0
62.494 1 ATTITUDE -0.078369 1.170654 0.219727
62.496 1 ESTIMATOR 766.511292 0.795477
62.595 1 ATTITUDE -0.078857 1.170166 0.219727
62.600 1 DESIRED -0.8 -0. 5.2 -54. 40. 755. -0.7
62.603 1 WP_MOVED 4 504603.3125 3566652.5 755. 12
62.608 1 NAVIGATION 0 1 34.9 -5.8 10068.7 1251.5 0 0
62.611 1 BAT 0 0 0 195 1 205 205 0
62.647 1 GPS 3 50458292 356667136 1101 766519 61 46 1736 603357500 12 26
62.676 1 FBW_STATUS 2 0 1 0 0
62.681 1 NAVIGATION 0 1 34.9 -5.8 10068.7 1251.5 0 0
62.713 1 ATTITUDE -0.078613 1.169922 0.219482
62.794 1 ATTITUDE -0.079102 1.169434 0.220215
62.800 1 DESIRED -0.8 -0. 5.2 -54. 40. 755. -0.7
62.802 1 DL_VALUE 5 196.
62.805 1 ENERGY 0. 0. 0 0.
62.894 1 ATTITUDE -0.078613 1.169678 0.220215
62.900 1 GPS 3 50458292 356667136 1140 766566 42 35 1736 603358000 12 27
62.903 1 IMU_ACCEL -6.59082 0.87793 7.
62.907 1 ALIVE 20,182,19,30,209,130,135,216,36,56,36,172,141,52,115,94
62.929 1 NAVIGATION 0 1 34.9 -5.8 10068.7 1251.5 0 0
62.994 1 ATTITUDE -0.078857 1.169434 0.219971
63.002 1 DESIRED -0.8 -0. 5.2 -54. 40. 755. -0.7
63.002 1 ESTIMATOR 766.801758 0.733843
63.005 1 IMU_GYRO -0.012695 0.00415 0.018066
63.007 1 PPRZ_MODE 2 3 3 0 0 6
63.094 1 ATTITUDE -0.079102 1.169678 0.219727
63.097 1 WP_MOVED 5 504607.1875 3566709.25 755. 12
63.124 1 DOWNLINK_STATUS 55 46029 2089 0 854. 39. 14.82
63.146 1 GPS 3 50458292 356667136 1135 766480 50 37 1736 603358250 12 28
63.179 1 NAVIGATION 0 1 34.9 -5.8 10068.7 1251.5 0 0
63.200 1 ATTITUDE -0.079102 1.169678 0.219727
63.201 1 DESIRED -0.8 -0. 5.2 -54. 40. 755. -0.7
63.294 1 ATTITUDE -0.079346 1.169922 0.219971
63.296 1 CALIBRATION 117.1 0
