9.365 1 GPS 3 50456808 356667200 752 757759 152 34 1736 603238250 12 22
9.397 1 NAVIGATION 0 1 20.1 -5. 7574.3 428.8 0 0
9.412 1 ATTITUDE -0.084473 1.144531 0.218262
9.418 1 DESIRED -0.8 0.03 5.3 -54. 40. 755. -0.1
9.512 1 ATTITUDE -0.084473 1.14502 0.218506
9.612 1 ATTITUDE -0.084473 1.144775 0.21875
9.618 1 DESIRED -0.8 0.03 5.3 -54. 40. 755. -0.1
9.624 1 GPS 3 50456808 356667200 835 757648 113 16 1736 603238500 12 23
9.627 1 GPS_SOL 1346 257 330 7
9.647 1 NAVIGATION 0 1 20.1 -5. 7574.3 428.8 0 0
9.712 1 ATTITUDE -0.085205 1.14502 0.21875
9.715 1 ESTIMATOR 757.421997 -0.173895
9.716 1 STATE_FILTER_STATUS 3 0
9.812 1 ATTITUDE -0.084961 1.144775 0.218994
9.818 1 DESIRED -0.8 0.03 5.3 -54. 40. 755. -0.1
9.822 1 WP_MOVED 0 504590. 3566719. 755. 12
9.825 1 IMU_GYRO -0.012695 0.00415 0.018066
9.829 1 NAVIGATION 0 1 20.1 -5. 7574.3 428.8 0 0
9.831 1 CALIBRATION 94.5 0
9.865 1 GPS 3 50456808 356667200 835 757648 113 16 1736 603238500 12 24
9.897 1 NAVIGATION 0 1 20.1 -5. 7574.3 428.8 0 0
9.912 1 ATTITUDE -0.085205 1.144775 0.218994
9.914 1 IMU_ACCEL -6.571289 0.767578 7.124023
9.949 1 DOWNLINK_STATUS 3 2483 112 0 873. 40. 0.
10.012 1 ATTITUDE -0.085205 1.14502 0.218994
10.017 1 DESIRED -0.8 0.03 5.3 -54. 40. 755. -0.1
10.021 1 BAT 0 0 0 77 1 87 87 0
10.112 1 ATTITUDE -0.084961 1.145264 0.219238
10.118 1 GPS 3 50456808 356667200 853 757932 28 43 1736 603239000 12 25
10.147 1 NAVIGATION 0 1 20.1 -5. 7574.3 428.8 0 0
10.212 1 ATTITUDE -0.085449 1.145264 0.219238
10.218 1 DESIRED -0.8 0.03 5.3 -54. 40. 755. -0.2
10.220 1 ESTIMATOR 757.58197 -0.037131
10.312 1 ATTITUDE -0.085449 1.145264 0.219482
10.316 1 WP_MOVED 1 504548. 3566677. 754. 12
10.365 1 GPS 3 50456936 356667200 877 757974 34 37 1736 603239250 12 26
10.397 1 NAVIGATION 0 1 21.4 -5. 7766.9 481.9 0 0
10.412 1 ATTITUDE -0.085449 1.145752 0.219238
10.418 1 DESIRED -0.8 0.03 5.2 -54. 40. 755. -0.2
10.421 1 IMU_GYRO -0.023193 0.02124 0.02002
10.512 1 ATTITUDE -0.085449 1.145264 0.219482
10.515 1 IMU_MAG 0.269043 -0.737793 -0.940918
10.517 1 DL_VALUE 10 0.
10.612 1 ATTITUDE -0.085693 1.145264 0.218994
10.618 1 DESIRED -0.8 0.03 5.2 -54. 40. 755. -0.2
10.624 1 GPS 3 50456808 356667200 784 757897 26 19 1736 603239500 12 27
10.647 1 NAVIGATION 0 1 20.1 -5. 7574.3 428.8 0 0
10.712 1 ATTITUDE -0.085938 1.145508 0.219238
10.715 1 ESTIMATOR 757.737122 0.056804
10.718 1 IMU_ACCEL -6.788086 0.87793 7.228516
10.812 1 ATTITUDE -0.085693 1.145264 0.218994
10.818 1 DESIRED -0.8 0.03 5.3 -54. 40. 755. -0.2
10.821 1 WP_MOVED 2 504493.59375 3566717. 755. 12
10.826 1 NAVIGATION 0 1 20.1 -5. 7574.3 428.8 0 0
10.865 1 GPS 3 50456808 356667200 788 757986 35 34 1736 603239750 12 28
10.895 1 FBW_STATUS 2 0 1 0 0
10.899 1 NAVIGATION 0 1 20.1 -5. 7574.3 428.8 0 0
10.912 1 ATTITUDE -0.085693 1.144531 0.218994
10.949 1 DOWNLINK_STATUS 4 3262 146 0 779. 34. 0.
11.012 1 ATTITUDE -0.085693 1.144287 0.21875
11.018 1 DESIRED -0.8 0.03 5.3 -54. 40. 755. -0.2
11.021 1 IMU_GYRO -0.014893 0.001953 0.02124
11.112 1 ATTITUDE -0.085693 1.144287 0.21875
11.118 1 GPS 3 50456808 356667200 770 758030 16 24 1736 603240000 12 29
11.121 1 BAT 0 0 0 78 1 88 88 0
11.122 1 DOWNLINK 15 822 3317
11.147 1 NAVIGATION 0 1 20.1 -5. 7574.3 428.8 0 0
11.212 1 ATTITUDE -0.086182 1.144287 0.218994
11.218 1 DESIRED -0.8 0.03 5.3 -54. 40. 755. -0.2
11.220 1 ESTIMATOR 757.884949 0.122317
11.312 1 ATTITUDE -0.085938 1.144531 0.21875
11.316 1 WP_MOVED 3 504514.8125 3566634. 755. 12
11.365 1 GPS 3 50456808 356667200 776 758006 30 39 1736 603240250 12 30
11.397 1 NAVIGATION 0 1 20.1 -5. 7574.3 428.8 0 0
11.412 1 ATTITUDE -0.086182 1.144287 0.21875
11.418 1 DESIRED -0.8 0.03 5.3 -54. 40. 755. -0.2
11.512 1 ATTITUDE -0.086182 1.144531 0.21875
11.515 1 IMU_ACCEL -6.615234 0.787109 7.21875
11.519 1 ENERGY 0. 0. 0 0.
11.612 1 ATTITUDE -0.086182 1.144775 0.218994
11.618 1 DESIRED -0.8 0.03 5.3 -54. 40. 755. -0.2
11.624 1 GPS 3 50456936 356667200 775 758005 35 38 1736 603240500 12 31
11.627 1 IMU_GYRO -0.014893 0.001953 0.015869
11.630 1 GPS_SOL 1345 259 330 7
11.647 1 NAVIGATION 0 1 21.4 -5. 7766.9 481.9 0 0
11.712 1 ATTITUDE -0.086182 1.144287 0.218994
11.714 1 ESTIMATOR 757.981079 0.141011
11.812 1 ATTITUDE -0.086426 1.143799 0.21875
11.818 1 DESIRED -0.8 0.03 5.2 -54. 40. 755. -0.2
11.821 1 WP_MOVED 4 504603.3125 3566652.5 755. 12
11.826 1 NAVIGATION 0 1 21.4 -5. 7766.9 481.9 0 0
11.829 1 IMU_MAG 0.266602 -0.737793 -0.935059
11.865 1 GPS 3 50456808 356667200 783 757792 63 38 1736 603240750 12 32
11.867 1 SVINFO 0 3 13 4 24 24 46
11.897 1 NAVIGATION 0 1 20.1 -5. 7574.3 428.8 0 0
11.912 1 ATTITUDE -0.086426 1.144043 0.219238
11.914 1 CALIBRATION 96.5 0
11.915 1 STATE_FILTER_STATUS 3 0
11.950 1 DOWNLINK_STATUS 5 4116 185 0 854. 39. 0.
12.012 1 ATTITUDE -0.086426 1.144043 0.219238
12.018 1 DESIRED -0.8 0.03 5.3 -54. 40. 755. -0.2
12.020 1 DL_VALUE 11 1.
12.112 1 ATTITUDE -0.086426 1.143799 0.219482
12.118 1 GPS 3 50456808 356667200 801 757773 23 44 1736 603241000 12 1
12.120 1 SVINFO 1 6 13 4 18 8 38
12.147 1 NAVIGATION 0 1 20.1 -5. 7574.3 428.8 0 0
12.212 1 ATTITUDE -0.086182 1.144043 0.219727
12.218 1 DESIRED -0.8 0.03 5.3 -54. 40. 755. -0.2
12.220 1 ESTIMATOR 757.930847 0.074456
12.223 1 IMU_GYRO -0.012695 -0.001953 0.019043
12.227 1 BAT 0 0 0 79 1 89 89 0
12.312 1 ATTITUDE -0.085693 1.144287 0.220215
12.315 1 WP_MOVED 5 504607.1875 3566709.25 755. 12
12.319 1 IMU_ACCEL -6.490234 0.868164 7.137695
12.365 1 GPS 3 50456936 356667200 815 757816 48 48 1736 603241250 12 2
12.367 1 SVINFO 2 7 13 7 34 62 11
12.397 1 NAVIGATION 0 1 21.4 -5. 7766.9 481.9 0 0
12.412 1 ATTITUDE -0.085693 1.143311 0.219727
12.418 1 DESIRED -0.8 0.03 5.2 -54. 40. 755. -0.2
12.451 1 PONG 
12.512 1 ATTITUDE -0.085938 1.143555 0.219727
12.612 1 ATTITUDE -0.085449 1.143555 0.219727
12.618 1 DESIRED -0.8 0.03 5.2 -54. 40. 755. -0.2
12.624 1 GPS 3 50456936 356667200 853 757846 26 29 1736 603241500 12 3
12.647 1 NAVIGATION 0 1 21.4 -5. 7766.9 481.9 0 0
12.712 1 ATTITUDE -0.085693 1.143311 0.219482
12.714 1 ESTIMATOR 757.907471 0.041514
12.812 1 ATTITUDE -0.085938 1.143311 0.219238
12.818 1 DESIRED -0.8 0.03 5.2 -54. 40. 755. -0.2
12.821 1 WP_MOVED 0 504590. 3566719. 755. 12
12.824 1 IMU_GYRO -0.023193 0.023193 0.010498
12.829 1 NAVIGATION 0 1 21.4 -5. 7766.9 481.9 0 0
12.865 1 GPS 3 50456936 356667200 853 757882 26 29 1736 603241500 12 4
12.895 1 FBW_STATUS 2 0 1 0 0
12.899 1 NAVIGATION 0 1 21.4 -5. 7766.9 481.9 0 0
12.912 1 ATTITUDE -0.085693 1.143555 0.219482
12.950 1 DOWNLINK_STATUS 6 4929 222 0 813. 37. 2.66
12.994 1 COMMANDS 0,-4716,-1050
13.012 1 ATTITUDE -0.085449 1.143799 0.219727
13.018 1 DESIRED -0.8 0.03 5.2 -54. 40. 755. -0.2
13.094 1 ACTUATORS 1000,1434,1346
13.112 1 ATTITUDE -0.085693 1.143555 0.219482
13.118 1 GPS 3 50456936 356667200 931 757889 17 32 1736 603242000 12 5
13.120 1 SVINFO 5 11 13 6 32 17 122
13.123 1 IMU_ACCEL -6.643555 0.805664 7.166992
13.126 1 IMU_MAG 0.269043 -0.737793 -0.943848
13.147 1 NAVIGATION 0 1 21.4 -5. 7766.9 481.9 0 0
13.212 1 ATTITUDE -0.085693 1.143311 0.219482
13.218 1 DESIRED -0.8 0.03 5.2 -54. 40. 755. -0.2
13.220 1 ESTIMATOR 757.910278 0.031683
13.312 1 ATTITUDE -0.085449 1.143311 0.219971
13.315 1 WP_MOVED 1 504548. 3566677. 754. 12
13.319 1 BAT 0 0 0 80 1 90 90 0
13.365 1 GPS 3 50456936 356667200 915 757892 53 32 1736 603242250 12 6
13.397 1 NAVIGATION 0 1 21.4 -5. 7766.9 481.9 0 0
13.412 1 ATTITUDE -0.085205 1.143066 0.220215
13.418 1 DESIRED -0.8 0.03 5.2 -54. 40. 755. -0.2
13.421 1 IMU_GYRO -0.010498 -0.007324 0.011475
13.512 1 ATTITUDE -0.085205 1.143066 0.220215
13.514 1 DL_VALUE 0 0.
13.612 1 ATTITUDE -0.085205 1.143311 0.219971
13.618 1 DESIRED -0.8 0.03 5.2 -54. 40. 755. -0.2
13.624 1 GPS 3 50456936 356667200 891 757813 50 5 1736 603242500 12 7
13.626 1 SVINFO 7 13 13 7 38 52 155
13.629 1 GPS_SOL 1348 264 330 7
13.647 1 NAVIGATION 0 1 21.4 -5. 7766.9 481.9 0 0
13.712 1 ATTITUDE -0.084961 1.143555 0.219727
13.714 1 ESTIMATOR 757.891296 0.011632
13.812 1 ATTITUDE -0.084961 1.143555 0.219971
13.818 1 DESIRED -0.8 0.03 5.2 -54. 40. 755. -0.2
13.821 1 WP_MOVED 2 504493.59375 3566717. 755. 12
13.826 1 NAVIGATION 0 1 21.4 -5. 7766.9 481.9 0 0
13.865 1 GPS 3 50457004 356667200 891 757920 50 5 1736 603242500 12 8
13.897 1 NAVIGATION 0 1 22. -5. 7866.7 510.4 0 0
13.912 1 ATTITUDE -0.085205 1.143799 0.219482
13.915 1 IMU_ACCEL -6.643555 0.772461 7.223633
13.951 1 DOWNLINK_STATUS 7 5783 261 0 854. 39. 2.66
14.012 1 ATTITUDE -0.084717 1.143555 0.219727
14.018 1 DESIRED -0.8 0.03 5.2 -54. 40. 755. -0.2
14.021 1 IMU_GYRO -0.016846 0.009521 0.014893
14.023 1 CALIBRATION 98.2 0
14.026 1 ENERGY 0. 0. 0 0.
14.112 1 ATTITUDE -0.084473 1.143799 0.220215
14.118 1 GPS 3 50457004 356667200 926 758168 44 50 1736 603243000 12 9
14.119 1 STATE_FILTER_STATUS 3 0
14.123 1 ALIVE 20,182,19,30,209,130,135,216,36,56,36,172,141,52,115,94
14.147 1 NAVIGATION 0 1 22. -5. 7866.7 510.4 0 0
14.212 1 ATTITUDE -0.084229 1.143799 0.220459
14.220 1 DESIRED -0.8 0.03 5.2 -54. 40. 755. -0.2
14.221 1 ESTIMATOR 757.972412 0.055679
14.222 1 PPRZ_MODE 2 3 3 0 0 6
14.315 1 ATTITUDE -0.084229 1.143799 0.220215
14.315 1 WP_MOVED 3 504514.8125 3566634. 755. 12
14.364 1 GPS 3 50457004 356667200 916 758144 54 44 1736 603243250 12 10
14.366 1 SVINFO 10 19 13 7 31 39 66
14.397 1 NAVIGATION 0 1 22. -5. 7866.7 510.4 0 0
14.412 1 ATTITUDE -0.084229 1.143555 0.220215
14.418 1 DESIRED -0.8 0.03 5.2 -54. 40. 755. -0.2
14.420 1 BAT 0 0 0 81 1 91 91 0
14.423 1 IMU_MAG 0.269043 -0.734863 -0.946289
14.512 1 ATTITUDE -0.084229 1.143066 0.220215
14.513 1 NAVIGATION_REF 504548 3566677 12
14.611 1 ATTITUDE -0.083984 1.142822 0.220215
14.617 1 DESIRED -0.8 0.03 5.2 -54. 40. 755. -0.2
14.622 1 GPS 3 50457004 356667200 916 758214 28 33 1736 603243500 12 11
14.625 1 SVINFO 11 23 13 7 44 25 153
14.628 1 IMU_GYRO -0.008301 0. 0.013672
14.647 1 NAVIGATION 0 1 22. -5. 7866.7 510.4 0 0
14.711 1 ATTITUDE -0.083984 1.143066 0.220215
14.713 1 ESTIMATOR 758.089722 0.105185
14.719 1 IMU_ACCEL -6.686523 0.868164 7.147461
14.811 1 ATTITUDE -0.084229 1.143555 0.220215
14.818 1 DESIRED -0.8 0.03 5.2 -54. 40. 755. -0.2
14.827 1 WP_MOVED 4 504603.3125 3566652.5 755. 12
14.827 1 NAVIGATION 0 1 22. -5. 7866.7 510.4 0 0
14.865 1 GPS 3 50457004 356667200 916 758214 28 33 1736 603243500 12 12
14.893 1 FBW_STATUS 2 0 1 0 0
14.898 1 NAVIGATION 0 1 22. -5. 7866.7 510.4 0 0
14.912 1 ATTITUDE -0.084473 1.142822 0.220459
14.957 1 DOWNLINK_STATUS 8 6687 303 0 904. 42. 2.66
15.012 1 ATTITUDE -0.084473 1.143555 0.220215
15.018 1 DESIRED -0.8 0.03 5.2 -54. 40. 755. -0.2
15.022 1 DL_VALUE 1 0.
15.112 1 ATTITUDE -0.084229 1.143311 0.220703
15.118 1 GPS 3 50457004 356667200 930 758454 53 35 1736 603244000 12 13
15.147 1 NAVIGATION 0 1 22. -5. 7866.7 510.4 0 0
15.212 1 ATTITUDE -0.084473 1.142822 0.220459
15.218 1 DESIRED -0.8 0.03 5.2 -54. 40. 755. -0.2
15.219 1 ESTIMATOR 758.271729 0.176846
15.223 1 IMU_GYRO -0.019043 0.007324 0.018066
15.312 1 ATTITUDE -0.084717 1.143066 0.220459
15.315 1 WP_MOVED 5 504607.1875 3566709.25 755. 12
15.363 1 GPS 3 50457004 356667200 937 758620 60 50 1736 603244250 12 14
15.397 1 NAVIGATION 0 1 22. -5. 7866.7 510.4 0 0
15.412 1 ATTITUDE -0.084717 1.143066 0.220459
15.418 1 DESIRED -0.8 0.03 5.2 -54. 40. 755. -0.2
15.512 1 ATTITUDE -0.084717 1.142822 0.220703
15.515 1 IMU_ACCEL -6.628906 0.858398 7.104492
15.518 1 BAT 0 0 0 82 1 92 92 0
15.612 1 ATTITUDE -0.084961 1.142578 0.220459
15.618 1 DESIRED -0.8 0.03 5.2 -54. 40. 755. -0.2
15.623 1 GPS 3 50457004 356667200 928 758766 50 41 1736 603244500 12 15
15.626 1 SVINFO 15 135 28 7 36 46 217
15.629 1 GPS_SOL 1352 262 330 7
15.647 1 NAVIGATION 0 1 22. -5. 7866.7 510.4 0 0
15.712 1 ATTITUDE -0.085205 1.142578 0.220215
15.714 1 ESTIMATOR 758.531067 0.271357
15.717 1 IMU_MAG 0.26416 -0.720215 -0.943848
15.812 1 ATTITUDE -0.085449 1.142334 0.220215
15.818 1 DESIRED -0.8 0.03 5.2 -54. 40. 755. -0.2
15.821 1 WP_MOVED 0 504590. 3566719. 755. 12
15.824 1 IMU_GYRO -0.023193 0.022217 0.012695
15.829 1 NAVIGATION 0 1 22. -5. 7866.7 510.4 0 0
15.864 1 GPS 3 50457132 356667200 922 759064 59 38 1736 603244750 12 16
15.897 1 NAVIGATION 0 1 23.3 -5. 8064.2 568.5 0 0
15.912 1 ATTITUDE -0.085205 1.141357 0.220459
15.958 1 DOWNLINK_STATUS 9 7501 339 0 814. 36. 2.66
16.012 1 ATTITUDE -0.085693 1.140869 0.220459
16.018 1 DESIRED -0.8 0.03 5.2 -54. 40. 755. -0.2
16.112 1 ATTITUDE -0.085693 1.140625 0.220947
16.118 1 GPS 3 50457132 356667200 919 759222 50 53 1736 603245000 12 17
16.119 1 CALIBRATION 101.1 0
16.147 1 NAVIGATION 0 1 23.3 -5. 8064.2 568.5 0 0
16.212 1 ATTITUDE -0.085938 1.140869 0.220703
16.218 1 DESIRED -0.8 0.03 5.2 -54. 40. 755. -0.2
16.220 1 ESTIMATOR 758.911377 0.405935
16.222 1 DOWNLINK 15 843 3513
16.312 1 ATTITUDE -0.085938 1.141113 0.220703
16.315 1 WP_MOVED 1 504548. 3566677. 754. 12
16.318 1 IMU_ACCEL -6.566406 0.791016 7.208984
16.320 1 STATE_FILTER_STATUS 3 0
16.370 1 GPS 3 50457132 356667200 906 759453 43 37 1736 603245250 12 18
16.397 1 NAVIGATION 0 1 23.3 -5. 8064.2 568.5 0 0
16.412 1 ATTITUDE -0.085938 1.140625 0.220459
16.418 1 DESIRED -0.8 0.03 5.2 -54. 40. 755. -0.2
16.425 1 IMU_GYRO -0.014893 0.009521 0.014893
16.511 1 ATTITUDE -0.086182 1.140625 0.220215
16.513 1 DL_VALUE 2 755.
16.517 1 ENERGY 0. 0. 0 0.
16.612 1 ATTITUDE -0.086426 1.141113 0.220215
16.618 1 DESIRED -0.8 0.03 5.2 -54. 40. 755. -0.2
16.623 1 GPS 3 50457260 356667200 907 759569 63 35 1736 603245500 12 19
16.627 1 BAT 0 0 0 83 1 93 93 0
16.647 1 NAVIGATION 0 1 24.6 -5. 8265. 629.9 0 0
16.712 1 ATTITUDE -0.086426 1.141357 0.219971
16.714 1 ESTIMATOR 759.327637 0.522489
16.812 1 ATTITUDE -0.086426 1.141602 0.219971
16.818 1 DESIRED -0.8 0.02 5.2 -54. 40. 755. -0.3
16.821 1 WP_MOVED 2 504493.59375 3566717. 755. 12
16.826 1 NAVIGATION 0 1 24.6 -5. 8265. 629.9 0 0
16.865 1 GPS 3 50457260 356667200 907 759784 63 35 1736 603245500 12 20
16.893 1 FBW_STATUS 2 0 1 0 0
16.899 1 NAVIGATION 0 1 24.6 -5. 8265. 629.9 0 0
16.912 1 ATTITUDE -0.08667 1.141602 0.219727
16.959 1 DOWNLINK_STATUS 10 8313 376 0 812. 37. 2.66
17.012 1 ATTITUDE -0.086426 1.141846 0.219971
17.018 1 DESIRED -0.8 0.02 5.2 -54. 40. 755. -0.3
17.021 1 IMU_GYRO -0.014893 -0.006348 0.019043
17.024 1 IMU_MAG 0.266602 -0.729004 -0.935059
17.111 1 ATTITUDE -0.086426 1.14209 0.219727
17.117 1 GPS 3 50457260 356667200 918 759979 67 49 1736 603246000 12 21
17.120 1 IMU_ACCEL -6.663086 0.800781 7.114258
17.147 1 NAVIGATION 0 1 24.6 -5. 8265. 629.9 0 0
17.211 1 ATTITUDE -0.08667 1.142578 0.219727
17.217 1 DESIRED -0.8 0.02 5.2 -54. 40. 755. -0.3
17.219 1 ESTIMATOR 759.760498 0.616936
17.312 1 ATTITUDE -0.08667 1.142822 0.219971
17.315 1 WP_MOVED 3 504514.8125 3566634. 755. 12
17.364 1 GPS 3 50457260 356667200 922 760218 59 43 1736 603246250 12 22
17.397 1 NAVIGATION 0 1 24.6 -5. 8265. 629.9 0 0
17.412 1 ATTITUDE -0.08667 1.143066 0.219727
17.418 1 DESIRED -0.8 0.02 5.2 -54. 40. 755. -0.3
17.452 1 PONG 
17.512 1 ATTITUDE -0.08667 1.142822 0.219971
17.612 1 ATTITUDE -0.08667 1.142822 0.219971
17.618 1 DESIRED -0.8 0.02 5.2 -54. 40. 755. -0.3
17.623 1 GPS 3 50457260 356667200 914 760375 61 34 1736 603246500 12 23
17.626 1 IMU_GYRO -0.016846 0.010498 0.012695
17.629 1 GPS_SOL 1365 259 330 7
17.646 1 NAVIGATION 0 1 24.6 -5. 8265. 629.9 0 0
17.712 1 ATTITUDE -0.08667 1.142578 0.219971
17.714 1 ESTIMATOR 760.214111 0.696148
17.718 1 BAT 0 0 0 84 1 94 94 0
17.812 1 ATTITUDE -0.08667 1.142578 0.219971
17.818 1 DESIRED -0.8 0.02 5.2 -54. 40. 755. -0.3
17.821 1 WP_MOVED 4 504603.3125 3566652.5 755. 12
17.826 1 NAVIGATION 0 1 24.6 -5. 8265. 629.9 0 0
17.865 1 GPS 3 50457324 356667200 914 760586 61 34 1736 603246500 12 24
17.896 1 NAVIGATION 0 1 25.2 -5. 8369.1 662.6 0 0
17.912 1 ATTITUDE -0.08667 1.142578 0.219727
17.914 1 IMU_ACCEL -6.625 0.782227 7.157227
17.960 1 DOWNLINK_STATUS 11 9126 412 0 813. 36. 2.76
17.994 1 COMMANDS 0,-4707,-1091
18.012 1 ATTITUDE -0.08667 1.142578 0.219971
18.018 1 DESIRED -0.8 0.02 5.2 -54. 40. 755. -0.3
18.019 1 DL_VALUE 3 0.
18.094 1 ACTUATORS 1000,1436,1345
18.112 1 ATTITUDE -0.08667 1.142822 0.219727
18.117 1 GPS 3 50457324 356667200 936 760686 80 73 1736 603247000 12 25
18.146 1 NAVIGATION 0 1 25.2 -5. 8369.1 662.6 0 0
18.212 1 ATTITUDE -0.08667 1.142578 0.219727
18.218 1 DESIRED -0.8 0.02 5.2 -54. 40. 755. -0.3
18.220 1 ESTIMATOR 760.637329 0.73627
18.223 1 IMU_GYRO -0.014893 0.006348 0.015869
18.225 1 CALIBRATION 109.1 0
18.312 1 ATTITUDE -0.08667 1.142822 0.219727
18.315 1 WP_MOVED 5 504607.1875 3566709.25 755. 12
18.318 1 IMU_MAG 0.26416 -0.740723 -0.949219
18.364 1 GPS 3 50457452 356667200 931 760771 79 62 1736 603247250 12 26
18.396 1 NAVIGATION 0 1 26.5 -5. 8574.9 728.9 0 0
18.412 1 ATTITUDE -0.08667 1.142578 0.219727
18.418 1 DESIRED -0.8 0.02 5.2 -54. 40. 755. -0.3
18.512 1 ATTITUDE -0.08667 1.142334 0.219971
18.512 1 STATE_FILTER_STATUS 3 0
18.612 1 ATTITUDE -0.086914 1.141846 0.219971
18.618 1 DESIRED -0.8 0.02 5.2 -54. 40. 755. -0.3
18.623 1 GPS 3 50457452 356667200 926 760798 74 40 1736 603247500 12 27
18.646 1 NAVIGATION 0 1 26.5 -5. 8574.9 728.9 0 0
18.712 1 ATTITUDE -0.086914 1.140869 0.219727
18.714 1 ESTIMATOR 760.941101 0.699236
18.717 1 IMU_ACCEL -6.585938 0.820312 7.213867
18.812 1 ATTITUDE -0.087158 1.140869 0.219727
18.818 1 DESIRED -0.8 0.02 5.2 -54. 40. 755. -0.4
18.821 1 WP_MOVED 0 504590. 3566719. 755. 12
18.824 1 IMU_GYRO -0.016846 0.003174 0.014893
18.829 1 NAVIGATION 0 1 26.5 -5. 8574.9 728.9 0 0
18.864 1 GPS 3 50457452 356667200 926 761022 74 40 1736 603247500 12 28
18.896 1 FBW_STATUS 2 0 1 0 0
18.899 1 NAVIGATION 0 1 26.5 -5. 8574.9 728.9 0 0
18.912 1 ATTITUDE -0.086914 1.140869 0.219482
18.960 1 DOWNLINK_STATUS 12 9949 450 0 823. 38. 2.76
19.012 1 ATTITUDE -0.086914 1.140869 0.219727
19.018 1 DESIRED -0.8 0.02 5.2 -54. 40. 755. -0.4
19.021 1 ENERGY 0. 0. 0 0.
19.112 1 ATTITUDE -0.086914 1.140625 0.219727
19.117 1 GPS 3 50457452 356667200 960 761038 53 54 1736 603248000 12 29
19.121 1 ALIVE 20,182,19,30,209,130,135,216,36,56,36,172,141,52,115,94
19.146 1 NAVIGATION 0 1 26.5 -5. 8574.9 728.9 0 0
19.212 1 ATTITUDE -0.086914 1.140381 0.219727
19.217 1 DESIRED -0.8 0.02 5.2 -54. 40. 755. -0.4
19.220 1 ESTIMATOR 761.2052 0.650641
19.222 1 PPRZ_MODE 2 3 3 0 0 6
19.313 1 ATTITUDE -0.086914 1.139893 0.219482
19.315 1 WP_MOVED 1 504548. 3566677. 754. 12
19.364 1 GPS 3 50457452 356667136 969 761198 58 57 1736 603248250 12 30
19.396 1 NAVIGATION 0 1 26.5 -5.8 8642.9 737. 0 0
19.412 1 ATTITUDE -0.086914 1.140137 0.219482
19.417 1 DESIRED -0.8 0.02 5.2 -54. 40. 755. -0.4
19.421 1 IMU_GYRO -0.016846 0.003174 0.016846
19.512 1 ATTITUDE -0.086914 1.140625 0.219238
19.515 1 IMU_ACCEL -6.542969 0.848633 7.095703
19.517 1 DL_VALUE 4 0.
19.612 1 ATTITUDE -0.086914 1.140869 0.218994
19.617 1 DESIRED -0.8 0.02 5.2 -54. 40. 755. -0.4
19.623 1 GPS 3 50457452 356667200 950 761286 36 53 1736 603248500 12 31
19.626 1 IMU_MAG 0.271484 -0.734863 -0.940918
19.629 1 GPS_SOL 1385 264 330 7
19.646 1 NAVIGATION 0 1 26.5 -5. 8574.9 728.9 0 0
19.712 1 ATTITUDE -0.08667 1.141113 0.219238
19.714 1 ESTIMATOR 761.430481 0.595135
19.812 1 ATTITUDE -0.086426 1.140381 0.219238
19.817 1 DESIRED -0.8 0.02 5.2 -54. 40. 755. -0.4
19.821 1 WP_MOVED 2 504493.59375 3566717. 755. 12
19.825 1 NAVIGATION 0 1 26.5 -5. 8574.9 728.9 0 0
19.864 1 GPS 3 50457452 356667200 948 761329 90 60 1736 603248750 12 32
19.867 1 SVINFO 0 3 13 4 25 24 46
19.896 1 NAVIGATION 0 1 26.5 -5. 8574.9 728.9 0 0
19.912 1 ATTITUDE -0.086426 1.139893 0.219482
19.916 1 BAT 0 0 0 87 1 97 97 0
19.961 1 DOWNLINK_STATUS 13 10800 488 0 851. 38. 2.76
20.012 1 ATTITUDE -0.086426 1.13916 0.219727
20.017 1 DESIRED -0.8 0.02 5.2 -54. 40. 755. -0.4
20.021 1 IMU_GYRO -0.019043 0.011475 0.014893
20.112 1 ATTITUDE -0.086182 1.13916 0.219727
20.117 1 GPS 3 50457452 356667200 947 761344 35 55 1736 603249000 12 1
20.120 1 SVINFO 1 6 13 4 22 8 38
20.146 1 NAVIGATION 0 1 26.5 -5. 8574.9 728.9 0 0
20.212 1 ATTITUDE -0.086182 1.138916 0.219482
20.217 1 DESIRED -0.8 0.02 5.2 -54. 40. 755. -0.4
20.220 1 ESTIMATOR 761.574463 0.509729
20.312 1 ATTITUDE -0.085938 1.138428 0.219482
20.315 1 WP_MOVED 3 504514.8125 3566634. 755. 12
20.318 1 IMU_ACCEL -6.566406 0.844727 7.104492
20.320 1 CALIBRATION 117.2 0
20.364 1 GPS 3 50457580 356667200 952 761268 60 55 1736 603249250 12 2
20.367 1 SVINFO 2 7 13 7 34 62 11
20.396 1 NAVIGATION 0 1 27.8 -5. 8783.9 798.5 0 0
20.412 1 ATTITUDE -0.085938 1.138672 0.219727
20.417 1 DESIRED -0.8 0.02 5.2 -54. 40. 755. -0.4
20.512 1 ATTITUDE -0.085693 1.138916 0.219971
20.611 1 ATTITUDE -0.085693 1.139404 0.219971
20.617 1 DESIRED -0.8 0.02 5.2 -54. 40. 755. -0.4
20.623 1 GPS 3 50457580 356667200 950 761287 59 49 1736 603249500 12 3
20.626 1 IMU_GYRO -0.02124 0.014893 0.014893
20.646 1 NAVIGATION 0 1 27.8 -5. 8783.9 798.5 0 0
20.711 1 ATTITUDE -0.085449 1.13916 0.220459
20.714 1 ESTIMATOR 761.594849 0.38048
20.714 1 STATE_FILTER_STATUS 3 0
20.811 1 ATTITUDE -0.085449 1.139404 0.220215
20.817 1 DESIRED -0.8 0.02 5.2 -54. 40. 755. -0.4
20.821 1 WP_MOVED 4 504603.3125 3566652.5 755. 12
20.825 1 NAVIGATION 0 1 27.8 -5. 8783.9 798.5 0 0
20.864 1 GPS 3 50457580 356667200 966 761305 49 39 1736 603249750 12 4
20.894 1 FBW_STATUS 2 0 1 0 0
20.899 1 NAVIGATION 0 1 27.8 -5. 8783.9 798.5 0 0
20.912 1 ATTITUDE -0.085938 1.139404 0.219971
20.914 1 IMU_MAG 0.266602 -0.726074 -0.943848
20.961 1 DOWNLINK_STATUS 14 11614 525 0 814. 37. 2.76
21.011 1 ATTITUDE -0.085693 1.139648 0.220459
21.017 1 DESIRED -0.8 0.02 5.2 -54. 40. 755. -0.4
21.021 1 BAT 0 0 0 88 1 98 98 0
21.023 1 DL_VALUE 5 88.
21.111 1 ATTITUDE -0.085449 1.140137 0.220947
21.117 1 GPS 3 50457648 356667200 976 761386 47 40 1736 603250000 12 5
21.120 1 SVINFO 5 11 13 7 32 17 122
21.123 1 IMU_ACCEL -6.745117 0.772461 7.057617
21.146 1 NAVIGATION 0 1 28.5 -5. 8892.2 835.5 0 0
21.211 1 ATTITUDE -0.084961 1.140137 0.22168
21.217 1 DESIRED -0.8 0.02 5.2 -54. 40. 755. -0.4
21.220 1 ESTIMATOR 761.598083 0.278323
21.223 1 IMU_GYRO -0.008301 -0.015869 0.02124
21.311 1 ATTITUDE -0.085205 1.140137 0.221436
21.315 1 WP_MOVED 5 504607.1875 3566709.25 755. 12
21.316 1 DOWNLINK 16 827 3705
21.364 1 GPS 3 50457648 356667200 974 761327 72 35 1736 603250250 12 6
21.396 1 NAVIGATION 0 1 28.5 -5. 8892.2 835.5 0 0
21.411 1 ATTITUDE -0.084961 1.139893 0.22168
21.417 1 DESIRED -0.8 0.02 5.2 -54. 40. 755. -0.4
21.511 1 ATTITUDE -0.084961 1.140137 0.22168
21.515 1 ENERGY 0. 0. 0 0.
21.611 1 ATTITUDE -0.084717 1.139893 0.22168
21.617 1 DESIRED -0.8 0.02 5.2 -54. 40. 755. -0.4
21.623 1 GPS 3 50457648 356667200 973 761272 81 27 1736 603250500 12 7
21.625 1 SVINFO 7 13 13 7 39 52 155
21.628 1 GPS_SOL 1411 263 330 7
21.646 1 NAVIGATION 0 1 28.5 -5. 8892.2 835.5 0 0
21.711 1 ATTITUDE -0.084717 1.140137 0.222168
21.714 1 ESTIMATOR 761.542969 0.170837
21.811 1 ATTITUDE -0.085205 1.140137 0.22168
21.817 1 DESIRED -0.8 0.02 5.2 -54. 40. 755. -0.4
21.821 1 WP_MOVED 0 504590. 3566719. 755. 12
21.824 1 IMU_GYRO -0.016846 0.018066 0.010498
21.828 1 NAVIGATION 0 1 28.5 -5. 8892.2 835.5 0 0
21.864 1 GPS 3 50457648 356667200 973 761272 81 27 1736 603250500 12 8
21.896 1 NAVIGATION 0 1 28.5 -5. 8892.2 835.5 0 0
21.911 1 ATTITUDE -0.084961 1.139893 0.22168
21.914 1 IMU_ACCEL -6.5 0.863281 7.019531
21.962 1 DOWNLINK_STATUS 15 12473 564 0 859. 39. 2.76
22.010 1 ATTITUDE -0.084717 1.139648 0.221924
22.017 1 DESIRED -0.8 0.02 5.2 -54. 40. 755. -0.4
22.111 1 ATTITUDE -0.084961 1.139893 0.222168
22.117 1 GPS 3 50457648 356667200 985 761414 78 49 1736 603251000 12 9
22.121 1 BAT 0 0 0 89 1 99 99 0
22.146 1 NAVIGATION 0 1 28.5 -5. 8892.2 835.5 0 0
22.211 1 ATTITUDE -0.084961 1.139893 0.222168
22.217 1 DESIRED -0.8 0.02 5.2 -54. 40. 755. -0.4
22.220 1 ESTIMATOR 761.513733 0.108989
22.223 1 IMU_MAG 0.273926 -0.723145 -0.943848
22.311 1 ATTITUDE -0.084961 1.139893 0.221924
22.315 1 WP_MOVED 1 504548. 3566677. 754. 12
22.364 1 GPS 3 50457648 356667200 981 761428 81 57 1736 603251250 12 10
22.366 1 SVINFO 10 19 13 4 25 39 66
22.396 1 NAVIGATION 0 1 28.5 -5. 8892.2 835.5 0 0
22.410 1 ATTITUDE -0.084961 1.139404 0.221924
22.417 1 DESIRED -0.8 0.02 5.2 -54. 40. 755. -0.4
22.420 1 IMU_GYRO -0.025391 0.031738 0.011475
22.422 1 CALIBRATION 122.9 0
22.453 1 PONG 
22.511 1 ATTITUDE -0.084961 1.13916 0.222168
22.513 1 DL_VALUE 6 100.
22.611 1 ATTITUDE -0.085205 1.138916 0.22168
22.617 1 DESIRED -0.8 0.02 5.2 -54. 40. 755. -0.4
22.623 1 GPS 3 50457776 356667200 975 761469 78 53 1736 603251500 12 11
22.625 1 SVINFO 11 23 13 7 44 25 153
22.646 1 NAVIGATION 0 1 29.8 -5. 9106.2 910.1 0 0
22.711 1 ATTITUDE -0.085449 1.138916 0.221191
22.714 1 ESTIMATOR 761.517944 0.081739
22.717 1 IMU_ACCEL -6.615234 0.830078 7.095703
22.802 1 SETTING 1 8 1.
22.809 1 DL_VALUE 8 1.
22.813 1 ATTITUDE -0.085693 1.138916 0.22168
22.817 1 DESIRED -0.8 0.02 5.2 -54. 40. 755. -0.4
22.821 1 WP_MOVED 2 504493.59375 3566717. 755. 12
22.825 1 NAVIGATION 0 1 29.8 -5. 9106.2 910.1 0 0
22.864 1 GPS 3 50457776 356667200 975 761469 78 53 1736 603251500 12 12
22.893 1 FBW_STATUS 2 0 1 0 0
22.899 1 NAVIGATION 0 1 29.8 -5. 9106.2 910.1 0 0
22.910 1 ATTITUDE -0.085449 1.138916 0.221436
22.912 1 STATE_FILTER_STATUS 3 0
22.963 1 DOWNLINK_STATUS 16 13317 604 0 844. 40. 2.87
22.994 1 COMMANDS 0,-4716,-1120
23.011 1 ATTITUDE -0.085449 1.138916 0.221436
23.017 1 DESIRED -0.8 0.02 5.2 -54. 40. 755. -0.4
23.020 1 IMU_GYRO -0.001953 -0.014893 0.022217
23.094 1 ACTUATORS 1000,1437,1343
23.111 1 ATTITUDE -0.085205 1.13916 0.22168
23.117 1 GPS 3 50457904 356667264 810 761364 79 46 1736 603252000 12 13
23.146 1 NAVIGATION 0 1 31. -4.2 9256.6 981. 0 0
23.211 1 ATTITUDE -0.085693 1.13916 0.220947
23.217 1 DESIRED -0.8 0.02 5.2 -54. 40. 755. -0.4
23.220 1 ESTIMATOR 761.47821 0.037078
23.223 1 BAT 0 0 0 90 1 100 100 0
23.311 1 ATTITUDE -0.085693 1.138916 0.221191
23.315 1 WP_MOVED 3 504514.8125 3566634. 755. 12
23.364 1 GPS 3 50457904 356667264 842 761678 63 75 1736 603252250 12 14
23.397 1 NAVIGATION 0 1 31. -4.2 9256.6 981. 0 0
23.410 1 ATTITUDE -0.085449 1.13916 0.22168
23.417 1 DESIRED -0.8 0.02 5.2 -54. 40. 755. -0.4
23.511 1 ATTITUDE -0.085693 1.138916 0.221436
23.514 1 IMU_ACCEL -6.508789 0.825195 7.128906
23.518 1 IMU_MAG 0.269043 -0.726074 -0.946289
23.520 1 NAVIGATION_REF 504548 3566677 12
23.611 1 ATTITUDE -0.085693 1.138916 0.221191
23.617 1 DESIRED -0.8 0.02 5.2 -54. 40. 755. -0.4
23.623 1 GPS 3 50457904 356667264 861 761887 57 80 1736 603252500 12 15
23.624 1 SVINFO 15 135 28 7 37 46 217
23.627 1 IMU_GYRO -0.008301 -0.009521 0.02124
23.646 1 NAVIGATION 0 1 31. -4.2 9256.6 981. 0 0
23.711 1 ATTITUDE -0.085693 1.139648 0.220703
23.713 1 ESTIMATOR 761.638794 0.117006
23.811 1 ATTITUDE -0.085938 1.139648 0.220703
23.817 1 DESIRED -0.8 0.02 5.2 -54. 40. 755. -0.4
23.821 1 WP_MOVED 4 504603.3125 3566652.5 755. 12
23.825 1 NAVIGATION 0 1 31. -4.2 9256.6 981. 0 0
23.864 1 GPS 3 50457904 356667264 861 761887 57 80 1736 603252500 12 16
23.896 1 NAVIGATION 0 1 31. -4.2 9256.6 981. 0 0
23.910 1 ATTITUDE -0.085938 1.139893 0.220459
23.964 1 DOWNLINK_STATUS 17 14144 641 0 827. 37. 2.87
24.010 1 ATTITUDE -0.085938 1.139893 0.220703
24.016 1 DESIRED -0.8 0.02 5.2 -54. 40. 755. -0.4
24.018 1 DL_VALUE 7 2.
24.022 1 ENERGY 0. 0. 0 0.
24.110 1 ATTITUDE -0.085938 1.139648 0.220703
24.117 1 GPS 3 50457904 356667264 885 761894 65 64 1736 603253000 12 17
24.121 1 ALIVE 20,182,19,30,209,130,135,216,36,56,36,172,141,52,115,94
24.146 1 NAVIGATION 0 1 31. -4.2 9256.6 981. 0 0
24.211 1 ATTITUDE -0.085938 1.139404 0.220703
24.217 1 DESIRED -0.8 0.02 5.2 -54. 40. 755. -0.4
24.219 1 ESTIMATOR 761.813416 0.179087
24.223 1 IMU_GYRO -0.010498 0. 0.019043
24.225 1 PPRZ_MODE 2 3 3 0 0 6
24.311 1 ATTITUDE -0.086182 1.139404 0.220215
24.315 1 WP_MOVED 5 504607.1875 3566709.25 755. 12
24.318 1 IMU_ACCEL -6.638672 0.791016 7.271484
24.321 1 BAT 0 0 0 91 1 101 101 0
24.364 1 GPS 3 50457904 356667264 899 761990 72 95 1736 603253250 12 18
24.395 1 NAVIGATION 0 1 31. -4.2 9256.6 981. 0 0
24.410 1 ATTITUDE -0.086182 1.139404 0.220459
24.417 1 DESIRED -0.8 0.02 5.2 -54. 40. 755. -0.4
24.511 1 ATTITUDE -0.086182 1.138916 0.220703
24.513 1 CALIBRATION 127. 0
24.610 1 ATTITUDE -0.086426 1.138672 0.220459
24.617 1 DESIRED -0.8 0.02 5.2 -54. 40. 755. -0.4
24.623 1 GPS 3 50457904 356667264 907 762060 50 69 1736 603253500 12 19
24.646 1 NAVIGATION 0 1 31. -4.2 9256.6 981. 0 0
24.710 1 ATTITUDE -0.086426 1.138672 0.220459
24.713 1 ESTIMATOR 761.972229 0.217163
24.811 1 ATTITUDE -0.086426 1.138184 0.220215
24.817 1 DESIRED -0.8 0.02 5.2 -54. 40. 755. -0.4
24.821 1 WP_MOVED 0 504590. 3566719. 755. 12
24.824 1 IMU_GYRO -0.012695 -0.001953 0.019043
24.828 1 NAVIGATION 0 1 31. -4.2 9256.6 981. 0 0
24.864 1 GPS 3 50457968 356667264 907 762037 50 69 1736 603253500 12 20
24.893 1 FBW_STATUS 2 0 1 0 0
24.899 1 NAVIGATION 0 1 31.7 -4.2 9369.1 1022.2 0 0
24.910 1 ATTITUDE -0.086426 1.137695 0.220215
24.965 1 DOWNLINK_STATUS 18 14989 679 0 845. 38. 2.87
25.011 1 ATTITUDE -0.08667 1.137695 0.219727
25.017 1 DESIRED -0.8 0.02 5.2 -54. 40. 755. -0.4
25.110 1 ATTITUDE -0.086914 1.137695 0.219727
25.117 1 GPS 3 50457968 356667264 927 761921 109 40 1736 603254000 12 21
25.120 1 IMU_ACCEL -6.557617 0.834961 7.128906
25.121 1 STATE_FILTER_STATUS 3 0
25.146 1 NAVIGATION 0 1 31.7 -4.2 9369.1 1022.2 0 0
25.210 1 ATTITUDE -0.08667 1.137939 0.219727
25.216 1 WIND_INFO 1 42 0. 0. 0.
25.217 1 DESIRED -0.8 0.02 5.2 -54. 40. 755. -0.4
25.219 1 ESTIMATOR 762.042053 0.193931
25.311 1 ATTITUDE -0.086914 1.137939 0.219727
25.315 1 WP_MOVED 1 504548. 3566677. 754. 12
25.364 1 GPS 3 50457968 356667264 929 762043 85 40 1736 603254250 12 22
25.395 1 NAVIGATION 0 1 31.7 -4.2 9369.1 1022.2 0 0
25.410 1 ATTITUDE -0.086914 1.137939 0.219482
25.417 1 DESIRED -0.8 0.02 5.2 -54. 40. 755. -0.4
25.419 1 IMU_GYRO -0.014893 0.005127 0.015869
25.424 1 BAT 0 0 0 92 1 102 102 0
25.510 1 ATTITUDE -0.086914 1.138184 0.219482
25.512 1 DL_VALUE 8 1.
25.611 1 ATTITUDE -0.087158 1.138428 0.219482
25.617 1 DESIRED -0.8 0.02 5.2 -54. 40. 755. -0.4
25.623 1 GPS 3 50457968 356667264 933 762053 83 57 1736 603254500 12 23
25.625 1 GPS_SOL 1419 260 329 7
25.646 1 NAVIGATION 0 1 31.7 -4.2 9369.1 1022.2 0 0
25.711 1 ATTITUDE -0.087158 1.138672 0.219482
25.713 1 ESTIMATOR 762.106506 0.17572
25.811 1 ATTITUDE -0.086914 1.138184 0.219727
25.817 1 DESIRED -0.8 0.02 5.2 -54. 40. 755. -0.4
25.822 1 WP_MOVED 2 504493.59375 3566717. 755. 12
25.825 1 NAVIGATION 0 1 31.7 -4.2 9369.1 1022.2 0 0
25.864 1 GPS 3 50458096 356667264 933 762070 83 57 1736 603254500 12 24
25.895 1 NAVIGATION 0 1 33. -4.2 9591.4 1105. 0 0
25.911 1 ATTITUDE -0.086914 1.138428 0.219971
25.913 1 IMU_ACCEL -6.542969 0.853516 7.157227
25.966 1 DOWNLINK_STATUS 19 15780 714 0 791. 35. 2.87
26.010 1 ATTITUDE -0.087158 1.138428 0.220215
26.017 1 DESIRED -0.8 0.02 5.2 -54. 40. 755. -0.4
26.020 1 IMU_GYRO -0.02124 0.016846 0.012695
26.112 1 ATTITUDE -0.087402 1.138428 0.219727
26.117 1 GPS 3 50458096 356667264 935 761983 98 41 1736 603255000 12 25
26.120 1 IMU_MAG 0.266602 -0.720215 -0.940918
26.146 1 NAVIGATION 0 1 33. -4.2 9591.4 1105. 0 0
26.211 1 ATTITUDE -0.087646 1.138184 0.219482
26.217 1 DESIRED -0.8 0.02 5.2 -54. 40. 755. -0.4
26.219 1 ESTIMATOR 762.122437 0.134863
26.311 1 ATTITUDE -0.087646 1.138428 0.219238
26.315 1 WP_MOVED 3 504514.8125 3566634. 755. 12
26.364 1 GPS 3 50458096 356667264 874 762039 107 51 1736 603255250 12 26
26.398 1 NAVIGATION 0 1 33. -4.2 9591.4 1105. 0 0
26.410 1 ATTITUDE -0.087646 1.138428 0.218994
26.416 1 DESIRED -0.8 0.02 5.2 -54. 40. 755. -0.4
26.418 1 DOWNLINK 18 829 3895
26.511 1 ATTITUDE -0.087402 1.138428 0.21875
26.515 1 BAT 0 0 0 93 1 103 103 0
26.517 1 ENERGY 0. 0. 0 0.
26.611 1 ATTITUDE -0.087646 1.138428 0.21875
26.617 1 DESIRED -0.8 0.02 5.2 -54. 40. 755. -0.4
26.623 1 GPS 3 50458096 356667264 986 762116 102 45 1736 603255500 12 27
26.625 1 IMU_GYRO -0.016846 0.000977 0.015869
26.627 1 CALIBRATION 131.8 0
26.646 1 NAVIGATION 0 1 33. -4.2 9591.4 1105. 0 0
26.711 1 ATTITUDE -0.087402 1.138428 0.218994
26.713 1 ESTIMATOR 762.145203 0.111035
26.716 1 IMU_ACCEL -6.538086 0.844727 7.132812
26.811 1 ATTITUDE -0.087402 1.138428 0.218994
26.817 1 DESIRED -0.8 0.02 5.2 -54. 40. 755. -0.4
26.820 1 WP_MOVED 4 504603.3125 3566652.5 755. 12
26.825 1 NAVIGATION 0 1 33. -4.2 9591.4 1105. 0 0
26.864 1 GPS 3 50458096 356667264 986 762330 102 45 1736 603255500 12 28
26.895 1 NAVIGATION 0 1 33. -4.2 9591.4 1105. 0 0
26.897 1 FBW_STATUS 2 0 1 0 0
26.910 1 ATTITUDE -0.087402 1.138184 0.21875
26.967 1 DOWNLINK_STATUS 20 16608 751 0 828. 37. 2.87
27.010 1 ATTITUDE -0.087158 1.138184 0.21875
27.017 1 DESIRED -0.8 0.02 5.2 -54. 40. 755. -0.4
27.018 1 DL_VALUE 9 1.
27.111 1 ATTITUDE -0.087158 1.138428 0.21875
27.117 1 GPS 3 50458096 356667264 974 762307 52 36 1736 603256000 12 29
27.146 1 NAVIGATION 0 1 33. -4.2 9591.4 1105. 0 0
27.210 1 ATTITUDE -0.086914 1.138428 0.21875
27.217 1 DESIRED -0.8 0.02 5.2 -54. 40. 755. -0.4
27.219 1 ESTIMATOR 762.262451 0.144098
27.222 1 IMU_GYRO -0.016846 0.010498 0.014893
27.311 1 ATTITUDE -0.086914 1.138916 0.21875
27.315 1 WP_MOVED 5 504607.1875 3566709.25 755. 12
27.315 1 STATE_FILTER_STATUS 3 0
27.364 1 GPS 3 50458096 356667360 947 762171 54 45 1736 603256250 12 30
27.398 1 NAVIGATION 0 1 33. -3.5 9525.5 1099.2 0 0
27.410 1 ATTITUDE -0.08667 1.13916 0.218994
27.416 1 DESIRED -0.8 0.02 5.2 -54. 40. 755. -0.4
27.419 1 IMU_MAG 0.269043 -0.729004 -0.937988
27.453 1 PONG 
27.511 1 ATTITUDE -0.086426 1.13916 0.218994
27.513 1 IMU_ACCEL -6.615234 0.805664 7.157227
27.610 1 ATTITUDE -0.086426 1.139404 0.218994
27.617 1 DESIRED -0.8 0.02 5.2 -54. 40. 755. -0.4
27.623 1 GPS 3 50458096 356667360 946 762049 57 33 1736 603256500 12 31
27.625 1 BAT 0 0 0 94 1 104 104 0
27.628 1 GPS_SOL 1419 262 329 7
27.646 1 NAVIGATION 0 1 33. -3.5 9525.5 1099.2 0 0
27.711 1 ATTITUDE -0.086426 1.139648 0.218994
27.713 1 ESTIMATOR 762.233154 0.08691
27.811 1 ATTITUDE -0.086182 1.139893 0.219238
27.817 1 DESIRED -0.8 0.02 5.2 -54. 40. 755. -0.4
27.820 1 WP_MOVED 0 504590. 3566719. 755. 12
27.824 1 IMU_GYRO -0.019043 0.008301 0.015869
27.828 1 NAVIGATION 0 1 33. -3.5 9525.5 1099.2 0 0
27.864 1 GPS 3 50458096 356667360 946 762072 57 33 1736 603256500 12 32
27.865 1 SVINFO 0 3 13 4 28 24 46
27.895 1 NAVIGATION 0 1 33. -3.5 9525.5 1099.2 0 0
27.910 1 ATTITUDE -0.086182 1.139648 0.219238
27.968 1 DOWNLINK_STATUS 21 17437 789 0 829. 38. 2.83
27.993 1 COMMANDS 0,-4711,-1117
28.010 1 ATTITUDE -0.086182 1.139893 0.219238
28.017 1 DESIRED -0.8 0.02 5.2 -54. 40. 755. -0.4
28.092 1 ACTUATORS 1000,1437,1344
28.110 1 ATTITUDE -0.086182 1.139893 0.219238
28.117 1 GPS 3 50458096 356667360 960 762013 55 42 1736 603257000 12 1
28.118 1 SVINFO 1 6 13 4 18 8 38
28.146 1 NAVIGATION 0 1 33. -3.5 9525.5 1099.2 0 0
28.210 1 ATTITUDE -0.086182 1.139648 0.219238
28.217 1 DESIRED -0.8 0.02 5.2 -54. 40. 755. -0.4
28.219 1 ESTIMATOR 762.168762 0.027098
28.311 1 ATTITUDE -0.085693 1.139893 0.219238
28.315 1 WP_MOVED 1 504548. 3566677. 754. 12
28.318 1 IMU_ACCEL -6.625 0.897461 7.095703
28.331 1 SETTING 1 8 1.
28.339 1 DL_VALUE 8 1.
28.364 1 GPS 3 50458096 356667360 962 762040 34 45 1736 603257250 12 2
28.365 1 SVINFO 2 7 13 7 33 62 11
28.396 1 NAVIGATION 0 1 33. -3.5 9525.5 1099.2 0 0
28.410 1 ATTITUDE -0.085938 1.139893 0.219238
28.416 1 DESIRED -0.8 0.02 5.2 -54. 40. 755. -0.4
28.419 1 IMU_GYRO -0.019043 0.007324 0.014893
28.511 1 ATTITUDE -0.085938 1.139893 0.219482
28.512 1 DL_VALUE 10 0.
28.611 1 ATTITUDE -0.085938 1.139893 0.219482
28.617 1 DESIRED -0.8 0.02 5.2 -54. 40. 755. -0.4
28.623 1 GPS 3 50458096 356667264 979 762170 44 77 1736 603257500 12 3
28.646 1 NAVIGATION 0 1 33. -4.2 9591.4 1105. 0 0
28.710 1 ATTITUDE -0.086182 1.140137 0.219482
28.713 1 ESTIMATOR 762.149414 0.010664
28.717 1 BAT 0 0 0 95 1 105 105 0
28.719 1 IMU_MAG 0.266602 -0.726074 -0.946289
28.721 1 CALIBRATION 136.4 0
28.811 1 ATTITUDE -0.085938 1.139893 0.219727
28.817 1 DESIRED -0.8 0.02 5.2 -54. 40. 755. -0.4
28.820 1 WP_MOVED 2 504493.59375 3566717. 755. 12
28.825 1 NAVIGATION 0 1 33. -4.2 9591.4 1105. 0 0
28.864 1 GPS 3 50458096 356667360 979 762105 44 77 1736 603257500 12 4
28.895 1 NAVIGATION 0 1 33. -3.5 9525.5 1099.2 0 0
28.897 1 FBW_STATUS 2 0 1 0 0
28.910 1 ATTITUDE -0.085938 1.139893 0.219727
28.969 1 DOWNLINK_STATUS 22 18292 829 0 855. 40. 2.83
29.011 1 ATTITUDE -0.085938 1.139893 0.219971
29.017 1 DESIRED -0.8 0.02 5.2 -54. 40. 755. -0.4
29.020 1 IMU_GYRO -0.016846 0.006348 0.015869
29.023 1 ENERGY 0. 0. 0 0.
29.111 1 ATTITUDE -0.085938 1.139893 0.219971
29.117 1 GPS 3 50458096 356667360 794 762111 111 61 1736 603258000 12 5
29.118 1 SVINFO 5 11 13 4 27 17 122
29.121 1 IMU_ACCEL -6.595703 0.87793 7.152344
29.126 1 ALIVE 20,182,19,30,209,130,135,216,36,56,36,172,141,52,115,94
29.146 1 NAVIGATION 0 1 33. -3.5 9525.5 1099.2 0 0
29.211 1 ATTITUDE -0.086182 1.140137 0.219727
29.217 1 DESIRED -0.8 0.02 5.2 -54. 40. 755. -0.4
29.219 1 ESTIMATOR 762.133179 -0.001064
29.220 1 PPRZ_MODE 2 3 3 0 0 6
29.311 1 ATTITUDE -0.086182 1.139893 0.219727
29.314 1 WP_MOVED 3 504514.8125 3566634. 755. 12
29.364 1 GPS 3 50458096 356667360 797 762157 79 37 1736 603258250 12 6
29.396 1 NAVIGATION 0 1 33. -3.5 9525.5 1099.2 0 0
29.410 1 ATTITUDE -0.086182 1.140137 0.219727
29.416 1 DESIRED -0.8 0.02 5.2 -54. 40. 755. -0.4
29.511 1 ATTITUDE -0.086182 1.140137 0.219482
29.511 1 STATE_FILTER_STATUS 3 0
29.610 1 ATTITUDE -0.086426 1.140137 0.219482
29.617 1 DESIRED -0.8 0.02 5.2 -54. 40. 755. -0.4
29.623 1 GPS 3 50458096 356667360 798 762246 91 52 1736 603258500 12 7
29.624 1 SVINFO 7 13 13 7 38 52 155
29.628 1 IMU_GYRO -0.016846 0.007324 0.015869
29.646 1 NAVIGATION 0 1 33. -3.5 9525.5 1099.2 0 0
29.711 1 ATTITUDE -0.086426 1.140137 0.219727
29.712 1 ESTIMATOR 762.167053 0.018784
29.811 1 ATTITUDE -0.086426 1.139893 0.219727
29.817 1 DESIRED -0.8 0.02 5.2 -54. 40. 755. -0.4
29.820 1 WP_MOVED 4 504603.3125 3566652.5 755. 12
29.825 1 NAVIGATION 0 1 33. -3.5 9525.5 1099.2 0 0
29.828 1 BAT 0 0 0 96 1 106 106 0
29.864 1 GPS 3 50458096 356667360 798 762246 91 52 1736 603258500 12 8
29.896 1 NAVIGATION 0 1 33. -3.5 9525.5 1099.2 0 0
29.910 1 ATTITUDE -0.08667 1.139893 0.219727
29.913 1 IMU_ACCEL -6.595703 0.844727 7.213867
29.970 1 DOWNLINK_STATUS 23 19156 868 0 864. 39. 2.83
30.011 1 ATTITUDE -0.086426 1.139648 0.219727
30.017 1 DESIRED -0.8 0.02 5.2 -54. 40. 755. -0.4
30.020 1 IMU_MAG 0.271484 -0.726074 -0.943848
30.021 1 DL_VALUE 11 1.
30.111 1 ATTITUDE -0.08667 1.139648 0.219727
30.117 1 GPS 3 50458096 356667360 815 762477 79 57 1736 603259000 12 9
30.146 1 NAVIGATION 0 1 33. -3.5 9525.5 1099.2 0 0
30.211 1 ATTITUDE -0.08667 1.139404 0.219727
30.217 1 DESIRED -0.8 0.02 5.2 -54. 40. 755. -0.4
30.218 1 ESTIMATOR 762.323486 0.098759
30.222 1 IMU_GYRO -0.014893 0.006348 0.015869
30.311 1 ATTITUDE -0.08667 1.13916 0.219727
30.314 1 WP_MOVED 5 504607.1875 3566709.25 755. 12
30.364 1 GPS 3 50458096 356667360 837 762437 29 40 1736 603259250 12 10
30.365 1 SVINFO 10 19 13 6 31 39 66
30.396 1 NAVIGATION 0 1 33. -3.5 9525.5 1099.2 0 0
30.411 1 ATTITUDE -0.086914 1.13916 0.219727
30.416 1 DESIRED -0.8 0.02 5.2 -54. 40. 755. -0.4
30.511 1 ATTITUDE -0.086914 1.138916 0.219727
30.610 1 ATTITUDE -0.086182 1.138916 0.219727
30.617 1 DESIRED -0.8 0.02 5.2 -54. 40. 755. -0.4
30.623 1 GPS 3 50458096 356667360 842 762364 73 28 1736 603259500 12 11
30.624 1 SVINFO 11 23 13 7 44 25 153
30.646 1 NAVIGATION 0 1 33. -3.5 9525.5 1099.2 0 0
30.711 1 ATTITUDE -0.08667 1.138672 0.219238
30.712 1 ESTIMATOR 762.390076 0.106943
30.715 1 IMU_ACCEL -6.850586 0.676758 7.24707
30.811 1 ATTITUDE -0.088379 1.13916 0.217529
30.817 1 DESIRED -0.8 0.02 5.2 -54. 40. 755. -0.4
30.820 1 WP_MOVED 0 504590. 3566719. 755. 12
30.822 1 IMU_GYRO -0.05957 0.057373 -0.001953
30.828 1 NAVIGATION 0 1 33. -3.5 9525.5 1099.2 0 0
30.829 1 CALIBRATION 140.2 0
30.863 1 GPS 3 50458096 356667360 842 762347 73 28 1736 603259500 12 12
30.893 1 FBW_STATUS 2 0 1 0 0
30.897 1 NAVIGATION 0 1 33. -3.5 9525.5 1099.2 0 0
30.910 1 ATTITUDE -0.088135 1.13916 0.21875
30.913 1 BAT 0 0 0 98 1 108 108 0
30.971 1 DOWNLINK_STATUS 24 19992 906 0 836. 38. 2.83
31.010 1 ATTITUDE -0.087891 1.139404 0.218506
31.017 1 DESIRED -0.8 0.02 5.2 -54. 40. 755. -0.4
31.111 1 ATTITUDE -0.088135 1.139404 0.218506
31.117 1 GPS 3 50457968 356667360 859 762342 16 43 1736 603260000 12 13
31.146 1 NAVIGATION 0 1 31.7 -3.5 9303.3 1016.3 0 0
31.210 1 ATTITUDE -0.088379 1.139648 0.217773
31.217 1 DESIRED -0.8 0.02 5.2 -54. 40. 755. -0.4
31.218 1 ESTIMATOR 762.4021 0.083971
31.311 1 ATTITUDE -0.087891 1.13916 0.218506
31.315 1 WP_MOVED 1 504548. 3566677. 754. 12
31.317 1 IMU_MAG 0.259277 -0.720215 -0.937988
31.363 1 GPS 3 50457904 356667360 876 762242 29 42 1736 603260250 12 14
31.396 1 NAVIGATION 0 1 31. -3.5 9190.7 975.2 0 0
31.411 1 ATTITUDE -0.087402 1.138672 0.219238
31.417 1 DESIRED -0.8 0.02 5.2 -54. 40. 755. -0.4
31.419 1 IMU_GYRO 0.033936 -0.026367 0.036133
31.511 1 ATTITUDE -0.088135 1.138672 0.21875
31.514 1 IMU_ACCEL -6.52832 0.748047 7.052734
31.515 1 DL_VALUE 0 0.
31.518 1 ENERGY 0. 0. 0 0.
31.520 1 DOWNLINK 19 839 4091
31.611 1 ATTITUDE -0.088867 1.138428 0.217529
31.617 1 DESIRED -0.8 0.02 5.2 -54. 40. 755. -0.4
31.622 1 GPS 3 50457904 356667264 934 762401 50 38 1736 603260500 12 15
31.625 1 SVINFO 15 135 28 7 37 46 217
31.627 1 GPS_SOL 1445 270 329 7
31.646 1 NAVIGATION 0 1 31. -4.2 9256.6 981. 0 0
31.711 1 ATTITUDE -0.089111 1.138428 0.217285
31.713 1 ESTIMATOR 762.393311 0.057948
31.714 1 STATE_FILTER_STATUS 3 0
31.811 1 ATTITUDE -0.089355 1.137939 0.216553
31.817 1 DESIRED -0.8 0.02 5.2 -54. 40. 755. -0.4
31.820 1 WP_MOVED 2 504493.59375 3566717. 755. 12
31.825 1 NAVIGATION 0 1 31. -4.2 9256.6 981. 0 0
31.863 1 GPS 3 50457904 356667264 975 762576 34 56 1736 603260750 12 16
31.896 1 NAVIGATION 0 1 31. -4.2 9256.6 981. 0 0
31.912 1 ATTITUDE -0.088867 1.137939 0.217773
31.971 1 DOWNLINK_STATUS 25 20808 943 0 816. 37. 2.83
32.011 1 ATTITUDE -0.088379 1.138184 0.21875
32.017 1 DESIRED -0.8 0.02 5.2 -54. 40. 755. -0.4
32.020 1 IMU_GYRO -0.019043 -0.009521 0.02002
32.023 1 BAT 0 0 0 99 1 109 109 0
32.111 1 ATTITUDE -0.088623 1.138184 0.217773
32.117 1 GPS 3 50457904 356667264 1006 762767 25 52 1736 603261000 12 17
32.146 1 NAVIGATION 0 1 31. -4.2 9256.6 981. 0 0
32.211 1 ATTITUDE -0.088623 1.137939 0.218018
32.217 1 DESIRED -0.8 0.02 5.2 -54. 40. 755. -0.5
32.218 1 ESTIMATOR 762.547729 0.128557
32.311 1 ATTITUDE -0.088623 1.138184 0.218018
32.314 1 WP_MOVED 3 504514.8125 3566634. 755. 12
32.316 1 IMU_ACCEL -6.547852 0.795898 7.251953
32.363 1 GPS 3 50457904 356667264 1041 762739 19 51 1736 603261250 12 18
32.396 1 NAVIGATION 0 1 31. -4.2 9256.6 981. 0 0
32.410 1 ATTITUDE -0.088623 1.138184 0.218018
32.417 1 DESIRED -0.8 0.02 5.2 -54. 40. 755. -0.5
32.454 1 PONG 
32.511 1 ATTITUDE -0.088623 1.138184 0.218262
32.512 1 NAVIGATION_REF 504548 3566677 12
32.610 1 ATTITUDE -0.088379 1.138428 0.218018
32.617 1 DESIRED -0.8 0.02 5.2 -54. 40. 755. -0.5
32.622 1 GPS 3 50457904 356667264 1054 762642 39 46 1736 603261500 12 19
32.625 1 IMU_GYRO -0.010498 -0.007324 0.014893
32.628 1 IMU_MAG 0.271484 -0.734863 -0.955078
32.646 1 NAVIGATION 0 1 31. -4.2 9256.6 981. 0 0
32.711 1 ATTITUDE -0.088379 1.138184 0.218262
32.713 1 ESTIMATOR 762.654663 0.150218
32.811 1 ATTITUDE -0.088623 1.137939 0.217773
32.817 1 DESIRED -0.8 0.02 5.2 -54. 40. 755. -0.5
32.820 1 WP_MOVED 4 504603.3125 3566652.5 755. 12
32.825 1 NAVIGATION 0 1 31. -4.2 9256.6 981. 0 0
32.863 1 GPS 3 50457904 356667264 1044 762659 65 40 1736 603261750 12 20
32.892 1 FBW_STATUS 2 0 1 0 0
32.898 1 NAVIGATION 0 1 31. -4.2 9256.6 981. 0 0
32.910 1 ATTITUDE -0.088379 1.136719 0.218018
32.912 1 CALIBRATION 145.3 0
32.972 1 DOWNLINK_STATUS 26 21626 980 0 818. 37. 3.42
32.992 1 COMMANDS 0,-4698,-1117
33.011 1 ATTITUDE -0.088379 1.135498 0.21875
33.017 1 DESIRED -0.8 0.02 5.2 -54. 40. 755. -0.5
33.018 1 DL_VALUE 1 0.
33.092 1 ACTUATORS 1000,1437,1344
33.110 1 ATTITUDE -0.088135 1.135742 0.218994
33.116 1 GPS 3 50457904 356667264 1036 762781 49 35 1736 603262000 12 21
33.119 1 IMU_ACCEL -6.552734 0.848633 7.636719
33.122 1 BAT 0 0 0 100 1 110 110 0
33.146 1 NAVIGATION 0 1 31. -4.2 9256.6 981. 0 0
33.210 1 ATTITUDE -0.087891 1.136475 0.21875
33.217 1 DESIRED -0.8 0.02 5.2 -54. 40. 755. -0.5
33.218 1 ESTIMATOR 762.735657 0.154459
33.222 1 IMU_GYRO -0.02124 0.037109 0.008301
33.311 1 ATTITUDE -0.087402 1.136963 0.219482
33.314 1 WP_MOVED 5 504607.1875 3566709.25 755. 12
33.363 1 GPS 3 50457904 356667264 1040 762832 48 46 1736 603262250 12 22
33.395 1 NAVIGATION 0 1 31. -4.2 9256.6 981. 0 0
33.410 1 ATTITUDE -0.088379 1.136719 0.218262
33.416 1 DESIRED -0.8 0.02 5.2 -54. 40. 755. -0.5
33.511 1 ATTITUDE -0.08667 1.137451 0.216797
33.611 1 ATTITUDE -0.086426 1.137451 0.217529
33.617 1 DESIRED -0.8 0.01 5.2 -54. 40. 755. -0.5
33.622 1 GPS 3 50457904 356667264 1047 762907 48 36 1736 603262500 12 23
33.624 1 GPS_SOL 1462 279 329 7
33.646 1 NAVIGATION 0 1 31. -4.2 9256.6 981. 0 0
33.710 1 ATTITUDE -0.086914 1.137939 0.219238
33.713 1 ESTIMATOR 762.849731 0.174985
33.810 1 ATTITUDE -0.090576 1.140869 0.217529
33.817 1 DESIRED -0.8 0.02 5.2 -54. 40. 755. -0.5
33.820 1 WP_MOVED 0 504590. 3566719. 755. 12
33.823 1 IMU_GYRO 0.080811 0. -0.034912
33.828 1 NAVIGATION 0 1 31. -4.2 9256.6 981. 0 0
33.863 1 GPS 3 50457904 356667264 1047 763050 48 36 1736 603262500 12 24
33.896 1 NAVIGATION 0 1 31. -4.2 9256.6 981. 0 0
33.910 1 ATTITUDE -0.093262 1.147461 0.215576
33.913 1 IMU_ACCEL -6.360352 0.507812 7.427734
33.917 1 IMU_MAG 0.261719 -0.731934 -0.946289
33.918 1 STATE_FILTER_STATUS 3 0
33.973 1 DOWNLINK_STATUS 27 22479 1019 0 853. 39. 3.42
34.011 1 ATTITUDE -0.093262 1.143799 0.213867
34.017 1 DESIRED -0.8 0.02 5.2 -54. 40. 755. -0.5
34.020 1 ENERGY 0. 0. 0 0.
34.111 1 ATTITUDE -0.093506 1.14209 0.209473
34.116 1 GPS 3 50457904 356667264 1059 763188 25 46 1736 603263000 12 25
34.120 1 ALIVE 20,182,19,30,209,130,135,216,36,56,36,172,141,52,115,94
34.146 1 NAVIGATION 0 1 31. -4.2 9256.6 981. 0 0
34.211 1 ATTITUDE -0.093018 1.143311 0.202881
34.217 1 DESIRED -0.8 0.02 5.2 -54. 40. 755. -0.5
34.218 1 ESTIMATOR 763.03595 0.230007
34.221 1 BAT 0 0 0 101 1 111 111 0
34.224 1 PPRZ_MODE 2 3 3 0 0 6
34.312 1 ATTITUDE -0.087646 1.144531 0.201904
34.314 1 WP_MOVED 1 504548. 3566677. 754. 12
34.363 1 GPS 3 50457904 356667200 1109 763471 43 48 1736 603263250 12 26
34.395 1 NAVIGATION 0 1 31. -5. 9323.5 987.9 0 0
34.410 1 ATTITUDE -0.087158 1.149414 0.204346
34.416 1 DESIRED -0.8 0.01 5.2 -54. 40. 755. -0.5
34.419 1 IMU_GYRO 0.051025 -0.046631 -0.054199
34.511 1 ATTITUDE -0.088135 1.164062 0.205078
34.512 1 DL_VALUE 2 755.
34.611 1 ATTITUDE -0.085693 1.178955 0.206543
34.617 1 DESIRED -0.8 0.01 5.2 -54. 40. 755. -0.5
34.622 1 GPS 3 50457904 356667200 1127 763666 40 42 1736 603263500 12 27
34.645 1 NAVIGATION 0 1 31. -5. 9323.5 987.9 0 0
34.710 1 ATTITUDE -0.082764 1.182861 0.209961
34.712 1 ESTIMATOR 763.366089 0.349044
34.716 1 IMU_ACCEL -6.850586 0.527344 6.558594
34.810 1 ATTITUDE -0.080811 1.18335 0.210205
34.817 1 DESIRED -0.8 0.01 5.2 -54. 40. 755. -0.5
34.820 1 WP_MOVED 2 504493.59375 3566717. 755. 12
34.825 1 NAVIGATION 0 1 31. -5. 9323.5 987.9 0 0
34.863 1 GPS 3 50457904 356667200 1127 763666 40 42 1736 603263500 12 28
34.892 1 FBW_STATUS 2 0 1 0 0
34.899 1 NAVIGATION 0 1 31. -5. 9323.5 987.9 0 0
34.910 1 ATTITUDE -0.081055 1.182617 0.210449
34.974 1 DOWNLINK_STATUS 28 23295 1055 0 816. 36. 3.42
35.010 1 ATTITUDE -0.081299 1.181641 0.210449
35.017 1 DESIRED -0.8 0.01 5.2 -54. 40. 755. -0.5
35.020 1 IMU_GYRO -0.019043 -0.001953 0.014893
35.021 1 CALIBRATION 150. 0
35.111 1 ATTITUDE -0.081299 1.179932 0.210449
35.116 1 GPS 3 50457904 356667200 1162 763887 33 57 1736 603264000 12 29
35.145 1 NAVIGATION 0 1 31. -5. 9323.5 987.9 0 0
35.211 1 ATTITUDE -0.081543 1.178955 0.210205
35.216 1 WIND_INFO 1 42 0. 0. 0.
35.217 1 DESIRED -0.8 0.01 5.2 -54. 40. 755. -0.5
35.219 1 ESTIMATOR 763.72052 0.446365
35.221 1 IMU_MAG 0.251953 -0.752441 -0.946289
35.311 1 ATTITUDE -0.081299 1.177979 0.209961
35.314 1 WP_MOVED 3 504514.8125 3566634. 755. 12
35.317 1 BAT 0 0 0 102 1 112 112 0
35.363 1 GPS 3 50457904 356667200 1150 763985 40 54 1736 603264250 12 30
35.366 1 SVINFO 0 3 13 6 30 24 46
35.395 1 NAVIGATION 0 1 31. -5. 9323.5 987.9 0 0
35.411 1 ATTITUDE -0.081299 1.176758 0.209717
35.416 1 DESIRED -0.8 0.01 5.2 -54. 40. 755. -0.5
35.511 1 ATTITUDE -0.081787 1.176025 0.209473
35.514 1 IMU_ACCEL -6.615234 0.762695 7.361328
35.611 1 ATTITUDE -0.081299 1.175781 0.210449
35.616 1 DESIRED -0.8 0.01 5.2 -54. 40. 755. -0.5
35.622 1 GPS 3 50457904 356667200 1150 763815 31 62 1736 603264500 12 1
35.624 1 SVINFO 1 6 13 4 18 8 38
35.628 1 IMU_GYRO 0.001953 0.007324 0.02124
35.645 1 NAVIGATION 0 1 31. -5. 9323.5 987.9 0 0
35.710 1 ATTITUDE -0.083252 1.174561 0.21167
35.713 1 ESTIMATOR 763.944153 0.443175
35.811 1 ATTITUDE -0.083496 1.176514 0.212402
35.816 1 DESIRED -0.8 0.01 5.2 -54. 40. 755. -0.5
35.820 1 WP_MOVED 4 504603.3125 3566652.5 755. 12
35.824 1 NAVIGATION 0 1 31. -5. 9323.5 987.9 0 0
35.863 1 GPS 3 50457904 356667200 1150 763815 31 62 1736 603264500 12 2
35.865 1 SVINFO 2 7 13 7 34 62 11
35.895 1 NAVIGATION 0 1 31. -5. 9323.5 987.9 0 0
35.910 1 ATTITUDE -0.083252 1.18457 0.213867
35.975 1 DOWNLINK_STATUS 29 24120 1092 0 825. 37. 3.42
36.011 1 ATTITUDE -0.081055 1.192627 0.215576
36.016 1 DESIRED -0.8 0.01 5.2 -54. 40. 755. -0.5
36.017 1 DL_VALUE 3 0.
36.111 1 ATTITUDE -0.080322 1.19165 0.21582
36.116 1 GPS 3 50457904 356667200 1126 763570 62 35 1736 603265000 12 3
36.117 1 STATE_FILTER_STATUS 3 0
36.145 1 NAVIGATION 0 1 31. -5. 9323.5 987.9 0 0
36.211 1 ATTITUDE -0.081543 1.190186 0.215088
36.216 1 DESIRED -0.8 0.01 5.2 -54. 40. 755. -0.5
36.219 1 ESTIMATOR 763.926758 0.310298
36.221 1 IMU_GYRO -0.02124 0.031738 0.003174
36.311 1 ATTITUDE -0.081543 1.188965 0.215332
36.314 1 WP_MOVED 5 504607.1875 3566709.25 755. 12
36.317 1 IMU_ACCEL -6.571289 0.805664 7.275391
36.363 1 GPS 3 50457904 356667200 648 763195 124 9 1736 603265250 12 4
36.395 1 NAVIGATION 0 1 31. -5. 9323.5 987.9 0 0
36.410 1 ATTITUDE -0.081543 1.1875 0.215088
36.415 1 DESIRED -0.8 0.01 5.2 -54. 40. 755. -0.5
36.419 1 BAT 0 0 0 103 1 113 113 0
36.511 1 ATTITUDE -0.081787 1.186035 0.215088
36.513 1 IMU_MAG 0.259277 -0.78125 -0.946289
36.516 1 ENERGY 0. 0. 0 0.
36.609 1 ATTITUDE -0.081787 1.184814 0.2146
36.616 1 DESIRED -0.8 0.01 5.2 -54. 40. 755. -0.5
36.622 1 GPS 3 50457904 356667264 751 762719 122 0 1736 603265500 12 5
36.624 1 SVINFO 5 11 13 4 30 17 122
36.625 1 DOWNLINK 20 834 4283
36.645 1 NAVIGATION 0 1 31. -4.2 9256.6 981. 0 0
36.711 1 ATTITUDE -0.081787 1.183838 0.215088
36.713 1 ESTIMATOR 763.554199 0.015687
36.811 1 ATTITUDE -0.082275 1.182129 0.214844
36.816 1 DESIRED -0.8 0.01 5.2 -54. 40. 755. -0.5
36.820 1 WP_MOVED 0 504590. 3566719. 755. 12
36.822 1 IMU_GYRO -0.027588 0.009521 0.015869
36.828 1 NAVIGATION 0 1 31. -4.2 9256.6 981. 0 0
36.863 1 GPS 3 50457904 356667264 751 762572 122 0 1736 603265500 12 6
36.893 1 FBW_STATUS 2 0 1 0 0
36.897 1 NAVIGATION 0 1 31. -4.2 9256.6 981. 0 0
36.910 1 ATTITUDE -0.082031 1.180908 0.2146
36.976 1 DOWNLINK_STATUS 30 24971 1131 0 851. 39. 3.42
37.010 1 ATTITUDE -0.081787 1.179932 0.215332
37.016 1 DESIRED -0.8 0.01 5.2 -54. 40. 755. -0.5
37.110 1 ATTITUDE -0.082031 1.179688 0.214844
37.116 1 GPS 3 50457776 356667264 774 762361 43 10 1736 603266000 12 7
37.118 1 SVINFO 7 13 13 7 40 51 155
37.122 1 IMU_ACCEL -6.773438 0.652344 7.328125
37.123 1 CALIBRATION 150. 0
37.145 1 NAVIGATION 0 1 29.8 -4.2 9039.3 903.1 0 0
37.210 1 ATTITUDE -0.08252 1.178955 0.214355
37.216 1 DESIRED -0.8 0.01 5.2 -54. 40. 755. -0.5
37.218 1 ESTIMATOR 763.03717 -0.273243
37.310 1 ATTITUDE -0.081299 1.177979 0.215576
37.314 1 WP_MOVED 1 504548. 3566677. 754. 12
37.363 1 GPS 3 50457776 356667264 783 762254 14 3 1736 603266250 12 8
37.396 1 NAVIGATION 0 1 29.8 -4.2 9039.3 903.1 0 0
37.410 1 ATTITUDE -0.081787 1.177734 0.215088
37.415 1 DESIRED -0.8 0.01 5.2 -54. 40. 755. -0.5
37.418 1 IMU_GYRO -0.029785 0.044678 0.010498
37.430 1 SETTING 1 8 1.
37.436 1 DL_VALUE 8 1.
37.454 1 PONG 
37.510 1 ATTITUDE -0.081787 1.177002 0.215088
37.514 1 BAT 0 0 0 104 1 114 114 0
37.515 1 DL_VALUE 4 0.
37.610 1 ATTITUDE -0.081543 1.176758 0.215576
37.616 1 DESIRED -0.8 0.01 5.2 -54. 40. 755. -0.5
37.622 1 GPS 3 50457776 356667264 797 762122 51 1 1736 603266500 12 9
37.624 1 GPS_SOL 1431 269 329 7
37.645 1 NAVIGATION 0 1 29.8 -4.2 9039.3 903.1 0 0
37.710 1 ATTITUDE -0.081299 1.17627 0.215576
37.712 1 ESTIMATOR 762.543762 -0.468665
37.810 1 ATTITUDE -0.081055 1.175781 0.216064
37.816 1 DESIRED -0.8 0.01 5.2 -54. 40. 755. -0.5
37.820 1 WP_MOVED 2 504493.59375 3566717. 755. 12
37.824 1 NAVIGATION 0 1 29.8 -4.2 9039.3 903.1 0 0
37.826 1 IMU_MAG 0.26416 -0.760742 -0.937988
37.863 1 GPS 3 50457648 356667264 797 761875 51 1 1736 603266500 12 10
37.895 1 NAVIGATION 0 1 28.5 -4.2 8825.3 828.5 0 0
37.909 1 ATTITUDE -0.081055 1.175049 0.216064
37.915 1 IMU_ACCEL -6.355469 0.825195 6.976562
37.976 1 DOWNLINK_STATUS 31 25813 1170 0 842. 39. 3.3
37.992 1 COMMANDS 0,-4743,-1113
38.009 1 ATTITUDE -0.081299 1.174805 0.216064
38.016 1 DESIRED -0.8 0.01 5.2 -54. 40. 755. -0.4
38.019 1 IMU_GYRO -0.025391 0.00415 0.013672
38.092 1 ACTUATORS 1000,1436,1343
38.109 1 ATTITUDE -0.081299 1.174805 0.216064
38.116 1 GPS 3 50457648 356667264 807 761479 56 25 1736 603267000 12 11
38.118 1 SVINFO 11 19 13 6 32 39 65
38.145 1 NAVIGATION 0 1 28.5 -4.2 8825.3 828.5 0 0
38.209 1 ATTITUDE -0.081299 1.174316 0.216553
38.216 1 DESIRED -0.8 0.01 5.2 -54. 40. 755. -0.4
38.219 1 ESTIMATOR 761.975098 -0.654451
38.310 1 ATTITUDE -0.081299 1.174072 0.216553
38.314 1 WP_MOVED 3 504514.8125 3566634. 755. 12
38.314 1 STATE_FILTER_STATUS 3 0
38.363 1 GPS 3 50457648 356667264 824 761253 30 12 1736 603267250 12 12
38.364 1 SVINFO 12 23 13 7 44 25 153
38.395 1 NAVIGATION 0 1 28.5 -4.2 8825.3 828.5 0 0
38.409 1 ATTITUDE -0.081299 1.174316 0.216553
38.415 1 DESIRED -0.8 0.02 5.2 -54. 40. 755. -0.4
38.510 1 ATTITUDE -0.081543 1.174316 0.216797
38.610 1 ATTITUDE -0.081543 1.174072 0.216797
38.616 1 DESIRED -0.8 0.02 5.2 -54. 40. 755. -0.4
38.622 1 GPS 3 50457648 356667264 859 761333 24 14 1736 603267500 12 13
38.624 1 IMU_GYRO -0.008301 -0.014893 0.02002
38.628 1 BAT 0 0 0 105 1 115 115 0
38.645 1 NAVIGATION 0 1 28.5 -4.2 8825.3 828.5 0 0
38.710 1 ATTITUDE -0.081787 1.173828 0.216553
38.712 1 ESTIMATOR 761.444519 -0.762421
38.716 1 IMU_ACCEL -6.547852 0.767578 7.228516
38.809 1 ATTITUDE -0.082031 1.173828 0.216553
38.816 1 DESIRED -0.8 0.02 5.2 -54. 40. 755. -0.4
38.820 1 WP_MOVED 4 504603.3125 3566652.5 755. 12
38.824 1 NAVIGATION 0 1 28.5 -4.2 8825.3 828.5 0 0
38.863 1 GPS 3 50457648 356667264 859 761333 24 14 1736 603267500 12 14
38.864 1 SVINFO 14 135 28 7 39 46 217
38.896 1 FBW_STATUS 2 0 1 0 0
38.897 1 NAVIGATION 0 1 28.5 -4.2 8825.3 828.5 0 0
38.909 1 ATTITUDE -0.082031 1.17334 0.216553
38.977 1 DOWNLINK_STATUS 32 26658 1209 0 845. 39. 3.3
39.010 1 ATTITUDE -0.081787 1.173828 0.21582
39.016 1 DESIRED -0.8 0.02 5.2 -54. 40. 755. -0.4
39.017 1 DL_VALUE 5 106.
39.021 1 ENERGY 0. 0. 0 0.
39.110 1 ATTITUDE -0.082031 1.173584 0.21582
39.116 1 GPS 3 50457648 356667264 915 761586 52 16 1736 603268000 12 15
39.118 1 SVINFO 15 138 16 1 35 52 173
39.121 1 IMU_MAG 0.251953 -0.766602 -0.937988
39.126 1 ALIVE 20,182,19,30,209,130,135,216,36,56,36,172,141,52,115,94
39.145 1 NAVIGATION 0 1 28.5 -4.2 8825.3 828.5 0 0
39.210 1 ATTITUDE -0.082031 1.17334 0.21582
39.216 1 DESIRED -0.8 0.02 5.2 -54. 40. 755. -0.4
39.219 1 ESTIMATOR 761.246094 -0.659027
39.221 1 IMU_GYRO -0.019043 0.005127 0.016846
39.223 1 CALIBRATION 148.3 0
39.225 1 PPRZ_MODE 2 3 3 0 0 6
39.310 1 ATTITUDE -0.082031 1.173096 0.215576
39.314 1 WP_MOVED 5 504607.1875 3566709.25 755. 12
39.363 1 GPS 3 50457648 356667264 926 761769 36 24 1736 603268250 12 16
39.397 1 NAVIGATION 0 1 28.5 -4.2 8825.3 828.5 0 0
39.409 1 ATTITUDE -0.082275 1.17334 0.215332
39.416 1 DESIRED -0.8 0.02 5.2 -54. 40. 755. -0.4
39.510 1 ATTITUDE -0.082275 1.17334 0.215332
39.512 1 IMU_ACCEL -6.628906 0.795898 7.313477
39.609 1 ATTITUDE -0.082275 1.173828 0.215332
39.616 1 DESIRED -0.8 0.02 5.2 -54. 40. 755. -0.4
39.622 1 GPS 3 50457648 356667264 943 761766 38 27 1736 603268500 12 17
39.624 1 GPS_SOL 1430 269 329 7
39.645 1 NAVIGATION 0 1 28.5 -4.2 8825.3 828.5 0 0
39.710 1 ATTITUDE -0.08252 1.173828 0.215332
39.712 1 ESTIMATOR 761.285645 -0.455737
39.715 1 BAT 0 0 0 106 1 116 116 0
39.810 1 ATTITUDE -0.082275 1.17334 0.215332
39.817 1 DESIRED -0.8 0.02 5.2 -54. 40. 755. -0.4
39.820 1 WP_MOVED 0 504590. 3566719. 755. 12
39.822 1 IMU_GYRO -0.027588 0.001953 0.024414
39.827 1 NAVIGATION 0 1 28.5 -4.2 8825.3 828.5 0 0
39.863 1 GPS 3 50457648 356667264 956 761822 34 34 1736 603268750 12 18
39.896 1 NAVIGATION 0 1 28.5 -4.2 8825.3 828.5 0 0
39.909 1 ATTITUDE -0.082031 1.172363 0.215088
39.978 1 DOWNLINK_STATUS 33 27538 1249 0 880. 40. 3.3
40.009 1 ATTITUDE -0.081787 1.170898 0.215088
40.016 1 DESIRED -0.8 0.02 5.2 -54. 40. 755. -0.4
40.110 1 ATTITUDE -0.081055 1.166748 0.214355
40.116 1 GPS 3 50457648 356667264 954 761638 75 53 1736 603269000 12 19
40.145 1 NAVIGATION 0 1 28.5 -4.2 8825.3 828.5 0 0
40.209 1 ATTITUDE -0.081055 1.157227 0.215088
40.216 1 DESIRED -0.8 0.02 5.2 -54. 40. 755. -0.4
40.218 1 ESTIMATOR 761.349426 -0.297461
40.310 1 ATTITUDE -0.082275 1.139404 0.215332
40.314 1 WP_MOVED 1 504548. 3566677. 754. 12
40.316 1 IMU_ACCEL -6.600586 0.69043 7.208984
40.363 1 GPS 3 50457648 356667264 939 761489 47 41 1736 603269250 12 20
40.397 1 NAVIGATION 0 1 28.5 -4.2 8825.3 828.5 0 0
40.409 1 ATTITUDE -0.084229 1.119873 0.214844
40.416 1 DESIRED -0.8 0.02 5.2 -54. 40. 755. -0.4
40.418 1 IMU_GYRO -0.112793 0.023193 0.141357
40.421 1 IMU_MAG 0.259277 -0.740723 -0.940918
40.510 1 ATTITUDE -0.088135 1.111816 0.214844
40.511 1 DL_VALUE 6 100.
40.513 1 STATE_FILTER_STATUS 3 0
40.610 1 ATTITUDE -0.087891 1.116211 0.214355
40.616 1 DESIRED -0.8 0.02 5.2 -54. 40. 755. -0.4
40.622 1 GPS 3 50457648 356667264 935 761382 39 23 1736 603269500 12 21
40.645 1 NAVIGATION 0 1 28.5 -4.2 8825.3 828.5 0 0
40.710 1 ATTITUDE -0.087891 1.120117 0.214355
40.712 1 ESTIMATOR 761.29425 -0.246857
40.809 1 ATTITUDE -0.0896 1.127197 0.214844
40.816 1 DESIRED -0.8 0.02 5.2 -54. 40. 755. -0.4
40.820 1 WP_MOVED 2 504493.59375 3566717. 755. 12
40.824 1 NAVIGATION 0 1 28.5 -4.2 8825.3 828.5 0 0
40.827 1 BAT 0 0 0 107 1 117 117 0
40.863 1 GPS 3 50457580 356667264 935 761239 39 23 1736 603269500 12 22
40.899 1 FBW_STATUS 2 0 1 0 0
40.899 1 NAVIGATION 0 1 27.8 -4.2 8717. 791.6 0 0
40.910 1 ATTITUDE -0.090088 1.139404 0.215576
40.978 1 DOWNLINK_STATUS 34 28326 1284 0 788. 35. 3.3
41.010 1 ATTITUDE -0.08667 1.153564 0.21582
41.016 1 DESIRED -0.8 0.02 5.2 -54. 40. 755. -0.4
41.018 1 IMU_GYRO 0.057373 -0.012695 -0.063721
41.109 1 ATTITUDE -0.085449 1.161865 0.215576
41.116 1 GPS 3 50457580 356667296 934 761198 71 44 1736 603270000 12 23
41.118 1 IMU_ACCEL -6.691406 0.614258 7.275391
41.145 1 NAVIGATION 0 1 27.8 -4. 8694.9 789.5 0 0
41.210 1 ATTITUDE -0.084473 1.162109 0.21582
41.216 1 DESIRED -0.8 0.02 5.2 -54. 40. 755. -0.4
41.218 1 ESTIMATOR 761.179199 -0.242021
41.310 1 ATTITUDE -0.08374 1.162109 0.21582
41.314 1 WP_MOVED 3 504514.8125 3566634. 755. 12
41.316 1 CALIBRATION 148.6 0
41.363 1 GPS 3 50457452 356667296 944 761131 34 63 1736 603270250 12 24
41.398 1 NAVIGATION 0 1 26.5 -4. 8485.9 719.9 0 0
41.411 1 ATTITUDE -0.083496 1.161865 0.216064
41.416 1 DESIRED -0.8 0.02 5.2 -54. 40. 755. -0.4
41.510 1 ATTITUDE -0.083496 1.161621 0.21582
41.513 1 ENERGY 0. 0. 0 0.
41.515 1 NAVIGATION_REF 504548 3566677 12
41.609 1 ATTITUDE -0.08374 1.161865 0.21582
41.616 1 DESIRED -0.8 0.02 5.2 -54. 40. 755. -0.4
41.622 1 GPS 3 50457452 356667264 952 761020 20 40 1736 603270500 12 25
41.624 1 IMU_GYRO -0.023193 0.006348 0.012695
41.627 1 GPS_SOL 1391 254 329 7
41.645 1 NAVIGATION 0 1 26.5 -4.2 8507.9 722. 0 0
41.709 1 ATTITUDE -0.083252 1.161377 0.215576
41.713 1 ESTIMATOR 761.051086 -0.246522
41.716 1 IMU_MAG 0.261719 -0.758301 -0.935059
41.717 1 DOWNLINK 20 837 4478
41.809 1 ATTITUDE -0.083008 1.161133 0.215576
41.816 1 DESIRED -0.8 0.02 5.2 -54. 40. 755. -0.4
41.820 1 WP_MOVED 4 504603.3125 3566652.5 755. 12
41.824 1 NAVIGATION 0 1 26.5 -4.2 8507.9 722. 0 0
41.863 1 GPS 3 50457452 356667264 952 761020 20 40 1736 603270500 12 26
41.899 1 NAVIGATION 0 1 26.5 -4.2 8507.9 722. 0 0
41.909 1 ATTITUDE -0.083252 1.161377 0.215332
41.912 1 IMU_ACCEL -6.552734 0.805664 7.052734
41.920 1 BAT 0 0 0 109 1 119 119 0
41.979 1 DOWNLINK_STATUS 35 29190 1323 0 864. 39. 3.3
42.009 1 ATTITUDE -0.083252 1.161133 0.215576
42.016 1 DESIRED -0.8 0.02 5.2 -54. 40. 755. -0.4
42.017 1 DL_VALUE 7 2.
42.110 1 ATTITUDE -0.083496 1.161133 0.215576
42.116 1 GPS 3 50457452 356667264 959 760726 30 32 1736 603271000 12 27
42.145 1 NAVIGATION 0 1 26.5 -4.2 8507.9 722. 0 0
42.209 1 ATTITUDE -0.083252 1.161377 0.215576
42.216 1 DESIRED -0.8 0.02 5.2 -54. 40. 755. -0.4
42.219 1 ESTIMATOR 760.846924 -0.291499
42.222 1 IMU_GYRO -0.016846 0.016846 0.00415
42.310 1 ATTITUDE -0.082764 1.161621 0.21582
42.314 1 WP_MOVED 5 504607.1875 3566709.25 755. 12
42.363 1 GPS 3 50457452 356667264 963 760519 46 26 1736 603271250 12 28
42.399 1 NAVIGATION 0 1 26.5 -4.2 8507.9 722. 0 0
42.409 1 ATTITUDE -0.08374 1.161621 0.215576
42.416 1 DESIRED -0.8 0.02 5.2 -54. 40. 755. -0.3
42.454 1 PONG 
42.510 1 ATTITUDE -0.08252 1.161865 0.216553
42.610 1 ATTITUDE -0.083008 1.161865 0.21582
42.616 1 DESIRED -0.8 0.02 5.2 -54. 40. 755. -0.3
42.622 1 GPS 3 50457452 356667264 954 760550 45 25 1736 603271500 12 29
42.645 1 NAVIGATION 0 1 26.5 -4.2 8507.9 722. 0 0
42.710 1 ATTITUDE -0.083008 1.161621 0.216309
42.713 1 ESTIMATOR 760.606384 -0.341936
42.716 1 IMU_ACCEL -6.490234 0.757812 7.170898
42.716 1 STATE_FILTER_STATUS 3 0
42.809 1 ATTITUDE -0.083008 1.161865 0.21582
42.816 1 DESIRED -0.8 0.02 5.2 -54. 40. 755. -0.3
42.820 1 WP_MOVED 0 504590. 3566719. 755. 12
42.822 1 IMU_GYRO -0.014893 0.015869 0.015869
42.827 1 NAVIGATION 0 1 26.5 -4.2 8507.9 722. 0 0
42.863 1 GPS 3 50457452 356667264 954 760550 45 25 1736 603271500 12 30
42.892 1 FBW_STATUS 2 0 1 0 0
42.901 1 NAVIGATION 0 1 25.2 -4.2 8302.2 655.6 0 0
42.909 1 ATTITUDE -0.083252 1.161865 0.2146
42.980 1 DOWNLINK_STATUS 36 29964 1358 0 774. 35. 2.65
42.993 1 COMMANDS 0,-4730,-1070
43.009 1 ATTITUDE -0.083496 1.162109 0.214111
43.016 1 DESIRED -0.8 0.02 5.2 -54. 40. 755. -0.3
43.018 1 BAT 0 0 0 110 1 120 120 0
43.022 1 IMU_MAG 0.26416 -0.752441 -0.932129
43.092 1 ACTUATORS 1000,1434,1345
43.110 1 ATTITUDE -0.083252 1.161621 0.214355
43.116 1 GPS 3 50457324 356667264 961 760477 20 16 1736 603272000 12 31
43.145 1 NAVIGATION 0 1 25.2 -4.2 8302.2 655.6 0 0
43.210 1 ATTITUDE -0.08374 1.161865 0.214111
43.216 1 DESIRED -0.8 0.02 5.2 -54. 40. 755. -0.3
43.217 1 ESTIMATOR 760.439697 -0.33869
43.310 1 ATTITUDE -0.083496 1.162109 0.214355
43.314 1 WP_MOVED 1 504548. 3566677. 754. 12
43.363 1 GPS 3 50457260 356667264 963 760549 38 30 1736 603272250 12 32
43.365 1 SVINFO 0 3 13 4 21 24 46
43.395 1 NAVIGATION 0 1 24.6 -4.2 8198.1 622.9 0 0
43.410 1 ATTITUDE -0.083984 1.162354 0.214111
43.417 1 DESIRED -0.8 0.02 5.2 -54. 40. 755. -0.3
43.418 1 IMU_GYRO -0.019043 0.003174 0.013672
43.420 1 CALIBRATION 149. 0
43.510 1 ATTITUDE -0.083984 1.162109 0.214111
43.512 1 IMU_ACCEL -6.610352 0.853516 7.038086
43.514 1 DL_VALUE 8 1.
43.610 1 ATTITUDE -0.083984 1.161865 0.214111
43.616 1 DESIRED -0.8 0.02 5.2 -54. 40. 755. -0.3
43.622 1 GPS 3 50457260 356667264 1003 760742 23 34 1736 603272500 12 1
43.623 1 SVINFO 1 6 13 4 23 8 38
43.626 1 GPS_SOL 1367 265 329 7
43.645 1 NAVIGATION 0 1 24.6 -4.2 8198.1 622.9 0 0
43.710 1 ATTITUDE -0.083984 1.162109 0.214355
43.712 1 ESTIMATOR 760.434143 -0.245992
43.810 1 ATTITUDE -0.08374 1.162109 0.214111
43.816 1 DESIRED -0.8 0.02 5.2 -54. 40. 755. -0.3
43.819 1 WP_MOVED 2 504493.59375 3566717. 755. 12
43.824 1 NAVIGATION 0 1 24.6 -4.2 8198.1 622.9 0 0
43.863 1 GPS 3 50457260 356667264 1003 760785 23 34 1736 603272500 12 2
43.865 1 SVINFO 2 7 13 7 33 62 11
43.895 1 NAVIGATION 0 1 24.6 -4.2 8198.1 622.9 0 0
43.909 1 ATTITUDE -0.083252 1.162354 0.213623
43.980 1 DOWNLINK_STATUS 37 30825 1398 0 861. 40. 2.65
44.009 1 ATTITUDE -0.083252 1.161377 0.2146
44.016 1 DESIRED -0.8 0.02 5.2 -54. 40. 755. -0.3
44.018 1 IMU_GYRO -0.010498 -0.010498 0.012695
44.022 1 ENERGY 0. 0. 0 0.
44.110 1 ATTITUDE -0.08252 1.161377 0.213623
44.116 1 GPS 3 50457260 356667264 1005 760844 28 37 1736 603273000 12 3
44.118 1 BAT 0 0 0 111 1 121 121 0
44.123 1 ALIVE 20,182,19,30,209,130,135,216,36,56,36,172,141,52,115,94
44.145 1 NAVIGATION 0 1 24.6 -4.2 8198.1 622.9 0 0
44.210 1 ATTITUDE -0.084229 1.161377 0.214355
44.216 1 DESIRED -0.8 0.02 5.2 -54. 40. 755. -0.3
44.217 1 ESTIMATOR 760.538452 -0.120501
44.219 1 PPRZ_MODE 2 3 3 0 0 6
44.310 1 ATTITUDE -0.085938 1.159424 0.213379
44.314 1 WP_MOVED 3 504514.8125 3566634. 755. 12
44.316 1 IMU_ACCEL -6.59082 1.233398 7.180664
44.320 1 IMU_MAG 0.249512 -0.760742 -0.946289
44.363 1 GPS 3 50457260 356667264 1001 760852 57 46 1736 603273250 12 4
44.395 1 NAVIGATION 0 1 24.6 -4.2 8198.1 622.9 0 0
44.409 1 ATTITUDE -0.088623 1.159668 0.213379
44.415 1 DESIRED -0.8 0.02 5.2 -54. 40. 755. -0.3
44.510 1 ATTITUDE -0.089111 1.159424 0.214111
44.610 1 ATTITUDE -0.0896 1.161865 0.2146
44.616 1 DESIRED -0.8 0.02 5.2 -54. 40. 755. -0.3
44.622 1 GPS 3 50457260 356667264 1006 760965 39 24 1736 603273500 12 5
44.624 1 IMU_GYRO 0.006348 -0.003174 0.001953
44.645 1 NAVIGATION 0 1 24.6 -4.2 8198.1 622.9 0 0
44.709 1 ATTITUDE -0.0896 1.163574 0.215332
44.711 1 ESTIMATOR 760.67865 -0.009397
44.809 1 ATTITUDE -0.09082 1.164062 0.214844
44.816 1 DESIRED -0.8 0.02 5.2 -54. 40. 755. -0.3
44.819 1 WP_MOVED 4 504603.3125 3566652.5 755. 12
44.824 1 NAVIGATION 0 1 24.6 -4.2 8198.1 622.9 0 0
44.863 1 GPS 3 50457260 356667264 1006 761106 39 24 1736 603273500 12 6
44.864 1 SVINFO 6 11 13 4 28 17 122
44.893 1 FBW_STATUS 2 0 1 0 0
44.897 1 NAVIGATION 0 1 24.6 -4.2 8198.1 622.9 0 0
44.910 1 ATTITUDE -0.091064 1.164307 0.214844
44.912 1 STATE_FILTER_STATUS 3 0
44.980 1 DOWNLINK_STATUS 38 31689 1437 0 864. 39. 2.65
45.009 1 ATTITUDE -0.091064 1.164795 0.214844
45.016 1 DESIRED -0.8 0.02 5.2 -54. 40. 755. -0.3
45.017 1 DL_VALUE 9 1.
45.110 1 ATTITUDE -0.091064 1.164307 0.215576
45.116 1 GPS 3 50457260 356667264 1039 761197 8 20 1736 603274000 12 7
45.118 1 IMU_ACCEL -6.230469 1.151367 7.019531
45.145 1 NAVIGATION 0 1 24.6 -4.2 8198.1 622.9 0 0
45.210 1 ATTITUDE -0.09082 1.164307 0.215576
45.216 1 DESIRED -0.8 0.02 5.2 -54. 40. 755. -0.4
45.216 1 WIND_INFO 1 42 0. 0. 0.
45.217 1 ESTIMATOR 760.902588 0.116458
45.221 1 IMU_GYRO -0.014893 -0.000977 0.02124
45.225 1 BAT 0 0 0 112 1 122 122 0
45.310 1 ATTITUDE -0.09082 1.164307 0.216309
45.313 1 WP_MOVED 5 504607.1875 3566709.25 755. 12
45.363 1 GPS 3 50457260 356667264 1063 761272 33 29 1736 603274250 12 8
45.364 1 SVINFO 8 13 13 7 38 51 155
45.395 1 NAVIGATION 0 1 24.6 -4.2 8198.1 622.9 0 0
45.409 1 ATTITUDE -0.091064 1.164307 0.21582
45.416 1 DESIRED -0.8 0.02 5.2 -54. 40. 755. -0.4
45.510 1 ATTITUDE -0.091553 1.163818 0.216064
45.511 1 CALIBRATION 150. 0
45.610 1 ATTITUDE -0.090332 1.159424 0.217773
45.616 1 DESIRED -0.8 0.02 5.2 -54. 40. 755. -0.4
45.622 1 GPS 3 50457260 356667264 1047 761242 74 30 1736 603274500 12 9
45.625 1 IMU_MAG 0.269043 -0.752441 -0.937988
45.627 1 GPS_SOL 1367 266 329 7
45.645 1 NAVIGATION 0 1 24.6 -4.2 8198.1 622.9 0 0
45.710 1 ATTITUDE -0.087402 1.15918 0.217285
45.711 1 ESTIMATOR 761.107666 0.195856
45.810 1 ATTITUDE -0.08667 1.161133 0.217773
45.816 1 DESIRED -0.8 0.02 5.2 -54. 40. 755. -0.4
45.819 1 WP_MOVED 0 504590. 3566719. 755. 12
45.821 1 IMU_GYRO 0.001953 0. 0.007324
45.827 1 NAVIGATION 0 1 24.6 -4.2 8198.1 622.9 0 0
45.863 1 GPS 3 50457260 356667264 1047 761444 74 30 1736 603274500 12 10
45.895 1 NAVIGATION 0 1 24.6 -4.2 8198.1 622.9 0 0
45.909 1 ATTITUDE -0.085449 1.162598 0.219971
45.912 1 IMU_ACCEL -6.686523 0.782227 6.895508
45.981 1 DOWNLINK_STATUS 39 32532 1475 0 843. 38. 2.65
46.010 1 ATTITUDE -0.086182 1.162598 0.21875
46.016 1 DESIRED -0.8 0.02 5.2 -54. 40. 755. -0.4
46.110 1 ATTITUDE -0.086426 1.161621 0.21875
46.116 1 GPS 3 50457260 356667264 1026 761450 62 28 1736 603275000 12 11
46.117 1 SVINFO 11 19 13 7 30 39 65
46.145 1 NAVIGATION 0 1 24.6 -4.2 8198.1 622.9 0 0
46.210 1 ATTITUDE -0.086426 1.161377 0.217773
46.216 1 DESIRED -0.8 0.02 5.2 -54. 40. 755. -0.4
46.217 1 ESTIMATOR 761.331421 0.263963
46.310 1 ATTITUDE -0.086426 1.160889 0.216797
46.313 1 WP_MOVED 1 504548. 3566677. 754. 12
46.317 1 BAT 0 0 0 113 1 123 123 0
46.363 1 GPS 3 50457260 356667264 1036 761406 42 23 1736 603275250 12 12
46.365 1 SVINFO 12 23 13 7 45 25 153
46.395 1 NAVIGATION 0 1 24.6 -4.2 8198.1 622.9 0 0
46.412 1 ATTITUDE -0.086426 1.160889 0.216797
46.416 1 DESIRED -0.8 0.02 5.2 -54. 40. 755. -0.4
46.419 1 IMU_GYRO -0.02124 0.013672 0.008301
46.510 1 ATTITUDE -0.086426 1.160645 0.218262
46.511 1 DL_VALUE 10 0.
46.514 1 ENERGY 0. 0. 0 0.
46.609 1 ATTITUDE -0.08667 1.161377 0.218018
46.616 1 DESIRED -0.8 0.02 5.2 -54. 40. 755. -0.4
46.622 1 GPS 3 50457260 356667264 1030 761371 62 36 1736 603275500 12 13
46.645 1 NAVIGATION 0 1 24.6 -4.2 8198.1 622.9 0 0
46.710 1 ATTITUDE -0.086426 1.162598 0.218018
46.711 1 ESTIMATOR 761.441528 0.250803
46.715 1 IMU_ACCEL -6.638672 0.69043 7.280273
46.810 1 ATTITUDE -0.086182 1.162354 0.218506
46.816 1 DESIRED -0.8 0.02 5.2 -54. 40. 755. -0.4
46.819 1 WP_MOVED 2 504493.59375 3566717. 755. 12
46.824 1 NAVIGATION 0 1 24.6 -4.2 8198.1 622.9 0 0
46.825 1 DOWNLINK 20 840 4672
46.862 1 GPS 3 50457132 356667264 1030 761479 62 36 1736 603275500 12 14
46.864 1 SVINFO 14 135 28 7 37 46 217
46.891 1 FBW_STATUS 2 0 1 0 0
46.897 1 NAVIGATION 0 1 23.3 -4.2 7997.3 561.5 0 0
46.910 1 ATTITUDE -0.086182 1.162598 0.21875
46.913 1 IMU_MAG 0.261719 -0.760742 -0.949219
46.981 1 DOWNLINK_STATUS 40 33384 1514 0 852. 39. 2.65
47.009 1 ATTITUDE -0.086182 1.162354 0.219238
47.015 1 DESIRED -0.8 0.02 5.2 -54. 40. 755. -0.4
47.018 1 IMU_GYRO -0.016846 -0.011475 0.02124
47.110 1 ATTITUDE -0.086426 1.162598 0.218506
47.116 1 GPS 3 50457132 356667264 1135 761476 11 38 1736 603276000 12 15
47.117 1 SVINFO 15 138 16 1 35 52 173
47.119 1 STATE_FILTER_STATUS 3 0
47.145 1 NAVIGATION 0 1 23.3 -4.2 7997.3 561.5 0 0
47.209 1 ATTITUDE -0.085938 1.162109 0.218262
47.216 1 DESIRED -0.8 0.02 5.2 -54. 40. 755. -0.4
47.217 1 ESTIMATOR 761.538025 0.234239
47.310 1 ATTITUDE -0.08667 1.162842 0.217773
47.313 1 WP_MOVED 3 504514.8125 3566634. 755. 12
47.362 1 GPS 3 50457132 356667264 1108 761287 61 27 1736 603276250 12 16
47.395 1 NAVIGATION 0 1 23.3 -4.2 7997.3 561.5 0 0
47.409 1 ATTITUDE -0.085693 1.171143 0.21875
47.417 1 DESIRED -0.8 0.02 5.2 -54. 40. 755. -0.4
47.418 1 BAT 0 0 0 114 1 124 124 0
47.455 1 PONG 
47.510 1 ATTITUDE -0.083008 1.184814 0.217773
47.512 1 IMU_ACCEL -6.628906 0.561523 7.24707
47.610 1 ATTITUDE -0.080566 1.191895 0.216553
47.616 1 DESIRED -0.8 0.02 5.2 -54. 40. 755. -0.4
47.621 1 GPS 3 50457004 356667264 1105 761155 43 47 1736 603276500 12 17
47.624 1 IMU_GYRO -0.031738 0.036133 0.02002
47.626 1 GPS_SOL 1394 266 329 7
47.645 1 NAVIGATION 0 1 22. -4.2 7799.8 503.4 0 0
47.710 1 ATTITUDE -0.080811 1.189453 0.216309
47.711 1 ESTIMATOR 761.45874 0.124781
47.809 1 ATTITUDE -0.081299 1.186523 0.212402
47.816 1 DESIRED -0.8 0.02 5.2 -54. 40. 755. -0.4
47.819 1 WP_MOVED 4 504603.3125 3566652.5 755. 12
47.824 1 NAVIGATION 0 1 22. -4.2 7799.8 503.4 0 0
47.862 1 GPS 3 50457004 356667296 1105 761069 43 47 1736 603276500 12 18
47.895 1 NAVIGATION 0 1 22. -4. 7777.7 501.4 0 0
47.910 1 ATTITUDE -0.079102 1.182861 0.211426
47.982 1 DOWNLINK_STATUS 41 34184 1550 0 800. 36. 2.72
47.991 1 COMMANDS 0,-4769,-1111
48.009 1 ATTITUDE -0.080322 1.171631 0.224365
48.016 1 DESIRED -0.8 0.02 5.2 -54. 40. 755. -0.4
48.017 1 DL_VALUE 11 1.
48.091 1 ACTUATORS 1000,1436,1343
48.109 1 ATTITUDE -0.083008 1.147949 0.219238
48.115 1 GPS 3 50457004 356667296 1130 761023 33 44 1736 603277000 12 19
48.145 1 NAVIGATION 0 1 22. -4. 7777.7 501.4 0 0
48.209 1 ATTITUDE -0.08374 1.130127 0.213623
48.216 1 DESIRED -0.8 0.02 5.2 -54. 40. 755. -0.4
48.217 1 ESTIMATOR 761.300842 0.003661
48.220 1 IMU_GYRO -0.174316 0.047852 0.120117
48.223 1 IMU_MAG 0.259277 -0.743652 -0.946289
48.310 1 ATTITUDE -0.081787 1.117676 0.212402
48.312 1 WP_MOVED 5 504607.1875 3566709.25 755. 12
48.315 1 IMU_ACCEL -6.100586 1.060547 7.726562
48.362 1 GPS 3 50457004 356667296 1094 760809 52 20 1736 603277250 12 20
48.395 1 NAVIGATION 0 1 22. -4. 7777.7 501.4 0 0
48.411 1 ATTITUDE -0.084229 1.116699 0.210205
48.416 1 DESIRED -0.8 0.02 5.2 -54. 40. 755. -0.4
48.510 1 ATTITUDE -0.087891 1.127441 0.218018
48.512 1 BAT 0 0 0 115 1 125 125 0
48.609 1 ATTITUDE -0.088135 1.126953 0.217773
48.616 1 DESIRED -0.8 0.02 5.2 -54. 40. 755. -0.4
48.620 1 GPS 3 50457004 356667296 1103 760659 34 33 1736 603277500 12 21
48.644 1 NAVIGATION 0 1 22. -4. 7777.7 501.4 0 0
48.710 1 ATTITUDE -0.084473 1.118896 0.218018
48.711 1 ESTIMATOR 761.029175 -0.147342
48.809 1 ATTITUDE -0.087402 1.11084 0.218994
48.816 1 DESIRED -0.8 0.02 5.2 -54. 40. 755. -0.4
48.818 1 WP_MOVED 0 504590. 3566719. 755. 12
48.821 1 IMU_GYRO -0.063721 0.014893 0.075439
48.826 1 NAVIGATION 0 1 22. -4. 7777.7 501.4 0 0
48.862 1 GPS 3 50457004 356667296 1103 760548 34 33 1736 603277500 12 22
48.891 1 FBW_STATUS 2 0 1 0 0
48.896 1 NAVIGATION 0 1 22. -4. 7777.7 501.4 0 0
48.911 1 ATTITUDE -0.089844 1.10791 0.218994
48.983 1 DOWNLINK_STATUS 42 35007 1587 0 823. 37. 2.72
49.009 1 ATTITUDE -0.091064 1.112793 0.218994
49.016 1 DESIRED -0.8 0.02 5.2 -54. 40. 755. -0.4
49.018 1 ENERGY 0. 0. 0 0.
49.109 1 ATTITUDE -0.089111 1.12085 0.217773
49.114 1 GPS 3 50457004 356667296 1052 760303 13 17 1736 603278000 12 23
49.118 1 IMU_ACCEL -6.682617 0.244141 7.081055
49.123 1 ALIVE 20,182,19,30,209,130,135,216,36,56,36,172,141,52,115,94
49.145 1 NAVIGATION 0 1 22. -4. 7777.7 501.4 0 0
49.209 1 ATTITUDE -0.087402 1.120117 0.218018
49.216 1 DESIRED -0.8 0.02 5.2 -54. 40. 755. -0.3
49.217 1 ESTIMATOR 760.690369 -0.294494
49.219 1 PPRZ_MODE 2 3 3 0 0 6
49.310 1 ATTITUDE -0.089355 1.114014 0.216797
49.312 1 WP_MOVED 1 504548. 3566677. 754. 12
49.314 1 STATE_FILTER_STATUS 3 0
49.362 1 GPS 3 50456936 356667296 1066 759975 20 21 1736 603278250 12 24
49.394 1 NAVIGATION 0 1 21.4 -4. 7677.9 472.9 0 0
49.412 1 ATTITUDE -0.092041 1.111816 0.2146
49.415 1 DESIRED -0.8 0.02 5.2 -54. 40. 755. -0.3
49.418 1 IMU_GYRO -0.008301 -0.027588 0.024414
49.510 1 ATTITUDE -0.092285 1.114746 0.213867
49.512 1 IMU_MAG 0.261719 -0.729004 -0.935059
49.514 1 DL_VALUE 0 0.
49.610 1 ATTITUDE -0.092041 1.115967 0.213867
49.616 1 DESIRED -0.8 0.02 5.2 -54. 40. 755. -0.3
49.620 1 GPS 3 50456936 356667360 1069 759783 24 35 1736 603278500 12 25
49.624 1 BAT 0 0 0 116 1 126 126 0
49.627 1 GPS_SOL 1375 246 329 7
49.644 1 NAVIGATION 0 1 21.4 -3.5 7634.1 469.1 0 0
49.709 1 ATTITUDE -0.092041 1.116455 0.213623
49.711 1 ESTIMATOR 760.207092 -0.479258
49.713 1 CALIBRATION 149.8 0
49.809 1 ATTITUDE -0.091553 1.118408 0.215576
49.817 1 DESIRED -0.8 0.02 5.2 -54. 40. 755. -0.3
49.819 1 WP_MOVED 2 504493.59375 3566717. 755. 12
49.823 1 NAVIGATION 0 1 21.4 -3.5 7634.1 469.1 0 0
49.862 1 GPS 3 50456936 356667360 1069 759432 24 35 1736 603278500 12 26
49.894 1 NAVIGATION 0 1 21.4 -3.5 7634.1 469.1 0 0
49.914 1 ATTITUDE -0.091309 1.119141 0.216064
49.914 1 IMU_ACCEL -6.701172 0.757812 7.417969
49.984 1 DOWNLINK_STATUS 43 35882 1627 0 875. 40. 2.72
50.010 1 ATTITUDE -0.091553 1.121094 0.216309
50.016 1 DESIRED -0.8 0.03 5.2 -54. 40. 755. -0.3
50.018 1 IMU_GYRO 0.006348 0.015869 -0.016846
50.110 1 ATTITUDE -0.090088 1.126221 0.218018
50.114 1 GPS 3 50456808 356667360 1105 759198 22 26 1736 603279000 12 27
50.144 1 NAVIGATION 0 1 20.1 -3.5 7441.6 416. 0 0
50.209 1 ATTITUDE -0.089111 1.128662 0.218018
50.216 1 DESIRED -0.8 0.03 5.2 -54. 40. 755. -0.3
50.217 1 ESTIMATOR 759.626038 -0.666895
50.311 1 ATTITUDE -0.088623 1.130371 0.220215
50.313 1 WP_MOVED 3 504514.8125 3566634. 755. 12
50.361 1 GPS 3 50456808 356667360 1074 758691 37 13 1736 603279250 12 28
50.395 1 NAVIGATION 0 1 20.1 -3.5 7441.6 416. 0 0
50.414 1 ATTITUDE -0.087891 1.132324 0.220947
50.416 1 DESIRED -0.8 0.03 5.2 -54. 40. 755. -0.3
50.509 1 ATTITUDE -0.088135 1.133057 0.221191
50.511 1 NAVIGATION_REF 504548 3566677 12
50.609 1 ATTITUDE -0.088135 1.132812 0.221191
50.615 1 DESIRED -0.8 0.03 5.2 -54. 40. 755. -0.3
50.621 1 GPS 3 50456808 356667360 1076 758421 45 24 1736 603279500 12 29
50.623 1 IMU_GYRO -0.008301 0.008301 0.02002
50.643 1 NAVIGATION 0 1 20.1 -3.5 7441.6 416. 0 0
50.709 1 ATTITUDE -0.088379 1.132812 0.221191
50.711 1 ESTIMATOR 758.900146 -0.88223
50.714 1 IMU_ACCEL -6.658203 0.825195 7.014648
50.718 1 BAT 0 0 0 117 1 127 127 0
50.809 1 ATTITUDE -0.088623 1.132812 0.221191
50.816 1 DESIRED -0.8 0.03 5.2 -54. 40. 755. -0.2
50.818 1 WP_MOVED 4 504603.3125 3566652.5 755. 12
50.823 1 NAVIGATION 0 1 20.1 -3.5 7441.6 416. 0 0
50.826 1 IMU_MAG 0.271484 -0.729004 -0.943848
50.861 1 GPS 3 50456808 356667360 1049 758219 36 25 1736 603279750 12 30
50.864 1 SVINFO 0 3 13 4 24 23 46
50.891 1 FBW_STATUS 2 0 1 0 0
50.896 1 NAVIGATION 0 1 20.1 -3.5 7441.6 416. 0 0
50.914 1 ATTITUDE -0.089355 1.133057 0.220703
50.985 1 DOWNLINK_STATUS 44 36697 1663 0 815. 36. 2.72
51.009 1 ATTITUDE -0.088867 1.133301 0.221191
51.016 1 DESIRED -0.8 0.03 5.2 -54. 40. 755. -0.2
51.016 1 DL_VALUE 1 0.
51.109 1 ATTITUDE -0.088867 1.134277 0.221924
51.114 1 GPS 3 50456808 356667360 1037 757994 23 26 1736 603280000 12 1
51.117 1 SVINFO 1 6 13 4 24 7 38
51.144 1 NAVIGATION 0 1 20.1 -3.5 7441.6 416. 0 0
51.209 1 ATTITUDE -0.088867 1.134033 0.221191
51.216 1 DESIRED -0.8 0.03 5.2 -54. 40. 755. -0.2
51.217 1 ESTIMATOR 758.238525 -1.00256
51.220 1 IMU_GYRO -0.014893 0.009521 0.013672
51.310 1 ATTITUDE -0.088867 1.134277 0.22168
51.313 1 WP_MOVED 5 504607.1875 3566709.25 755. 12
51.362 1 GPS 3 50456808 356667360 1000 757792 26 9 1736 603280250 12 2
51.364 1 SVINFO 2 7 13 7 33 62 12
51.394 1 NAVIGATION 0 1 20.1 -3.5 7441.6 416. 0 0
51.415 1 ATTITUDE -0.088867 1.133789 0.22168
51.415 1 DESIRED -0.8 0.03 5.2 -54. 40. 755. -0.2
51.510 1 ATTITUDE -0.088623 1.133789 0.22168
51.512 1 IMU_ACCEL -6.625 0.848633 7.180664
51.513 1 STATE_FILTER_STATUS 3 0
51.517 1 ENERGY 0. 0. 0 0.
51.609 1 ATTITUDE -0.088623 1.134033 0.221924
51.615 1 DESIRED -0.8 0.03 5.2 -54. 40. 755. -0.2
51.620 1 GPS 3 50456808 356667360 986 757538 30 1 1736 603280500 12 3
51.623 1 GPS_SOL 1353 255 329 7
51.644 1 NAVIGATION 0 1 20.1 -3.5 7441.6 416. 0 0
51.710 1 ATTITUDE -0.089111 1.133545 0.22168
51.711 1 ESTIMATOR 757.643127 -1.053963
51.809 1 ATTITUDE -0.089111 1.134277 0.221436
51.815 1 DESIRED -0.8 0.03 5.2 -54. 40. 755. -0.2
51.818 1 WP_MOVED 0 504590. 3566719. 755. 12
51.821 1 IMU_GYRO -0.014893 0.005127 0.015869
51.827 1 NAVIGATION 0 1 20.1 -3.5 7441.6 416. 0 0
51.827 1 CALIBRATION 144.6 0
51.861 1 GPS 3 50456808 356667360 981 757355 50 24 1736 603280750 12 4
51.894 1 NAVIGATION 0 1 20.1 -3.5 7441.6 416. 0 0
51.909 1 ATTITUDE -0.089355 1.134521 0.221436
51.916 1 DOWNLINK 22 838 4866
51.986 1 DOWNLINK_STATUS 45 37538 1702 0 841. 39. 2.72
52.009 1 ATTITUDE -0.0896 1.134277 0.220459
52.015 1 DESIRED -0.8 0.03 5.2 -54. 40. 755. -0.1
52.109 1 ATTITUDE -0.089355 1.134277 0.220947
52.114 1 GPS 3 50456808 356667360 959 757117 27 3 1736 603281000 12 5
52.117 1 IMU_MAG 0.26416 -0.726074 -0.946289
52.144 1 NAVIGATION 0 1 20.1 -3.5 7441.6 416. 0 0
52.209 1 ATTITUDE -0.089355 1.134277 0.221436
52.215 1 DESIRED -0.8 0.03 5.2 -54. 40. 755. -0.1
52.217 1 ESTIMATOR 757.110962 -1.056484
52.310 1 ATTITUDE -0.089844 1.134766 0.221191
52.313 1 WP_MOVED 1 504548. 3566677. 754. 12
52.316 1 IMU_ACCEL -6.792969 0.719727 7.19043
52.362 1 GPS 3 50456808 356667360 929 756938 30 9 1736 603281250 12 6
52.364 1 SVINFO 6 11 13 6 34 17 122
52.393 1 NAVIGATION 0 1 20.1 -3.5 7441.6 416. 0 0
52.409 1 ATTITUDE -0.090088 1.134033 0.220215
52.415 1 DESIRED -0.8 0.03 5.2 -54. 40. 755. -0.1
52.419 1 IMU_GYRO -0.016846 0.030762 -0.000977
52.455 1 PONG 
52.509 1 ATTITUDE -0.0896 1.13501 0.221436
52.510 1 DL_VALUE 2 755.
52.610 1 ATTITUDE -0.089844 1.134766 0.220703
52.615 1 DESIRED -0.8 0.03 5.2 -54. 40. 755. -0.1
52.621 1 GPS 3 50456808 356667360 917 756679 32 17 1736 603281500 12 7
52.644 1 NAVIGATION 0 1 20.1 -3.5 7441.6 416. 0 0
52.709 1 ATTITUDE -0.090088 1.134766 0.220947
52.711 1 ESTIMATOR 756.627502 -1.032033
52.810 1 ATTITUDE -0.089844 1.134766 0.220703
52.815 1 DESIRED -0.8 0.03 5.2 -54. 40. 755. -0.1
52.818 1 WP_MOVED 2 504493.59375 3566717. 755. 12
52.822 1 NAVIGATION 0 1 20.1 -3.5 7441.6 416. 0 0
52.861 1 GPS 3 50456808 356667360 916 756483 32 -12 1736 603281750 12 8
52.864 1 SVINFO 8 13 13 7 40 51 155
52.891 1 FBW_STATUS 2 0 1 0 0
52.896 1 NAVIGATION 0 1 20.1 -3.5 7441.6 416. 0 0
52.909 1 ATTITUDE -0.089844 1.134766 0.220703
52.916 1 BAT 0 0 0 120 1 130 130 0
52.986 1 DOWNLINK_STATUS 46 38351 1739 0 813. 37. 2.69
52.991 1 COMMANDS 0,-4685,-1022
53.008 1 ATTITUDE -0.090088 1.13501 0.221191
53.015 1 DESIRED -0.8 0.04 5.2 -54. 40. 755. -0.1
53.018 1 IMU_GYRO -0.014893 0.008301 0.02002
53.091 1 ACTUATORS 1000,1433,1348
53.109 1 ATTITUDE -0.090088 1.13501 0.221191
53.114 1 GPS 3 50456808 356667360 920 756201 57 -4 1736 603282000 12 9
53.117 1 IMU_ACCEL -6.788086 0.782227 7.213867
53.144 1 NAVIGATION 0 1 20.1 -3.5 7441.6 416. 0 0
53.210 1 ATTITUDE -0.090576 1.134766 0.220215
53.215 1 DESIRED -0.8 0.04 5.2 -54. 40. 755. -0.1
53.217 1 ESTIMATOR 756.159424 -1.006214
53.310 1 ATTITUDE -0.090332 1.134766 0.220703
53.312 1 WP_MOVED 3 504514.8125 3566634. 755. 12
53.361 1 GPS 3 50456808 356667360 920 755981 6 6 1736 603282250 12 10
53.394 1 NAVIGATION 0 1 20.1 -3.5 7441.6 416. 0 0
53.408 1 ATTITUDE -0.090576 1.135254 0.220703
53.417 1 DESIRED -0.8 0.04 5.2 -54. 40. 755. -0.1
53.418 1 IMU_MAG 0.276367 -0.717773 -0.932129
53.509 1 ATTITUDE -0.090576 1.135254 0.220459
53.609 1 ATTITUDE -0.0896 1.135986 0.219971
53.616 1 DESIRED -0.8 0.04 5.2 -54. 40. 755. -0.1
53.621 1 GPS 3 50456808 356667360 908 755821 20 4 1736 603282500 12 11
53.623 1 SVINFO 11 19 13 4 29 39 65
53.628 1 IMU_GYRO -0.031738 0.048828 0.008301
53.644 1 NAVIGATION 0 1 20.1 -3.5 7441.6 416. 0 0
53.709 1 ATTITUDE -0.090088 1.13623 0.219482
53.711 1 ESTIMATOR 755.714661 -0.973272
53.712 1 STATE_FILTER_STATUS 3 0
53.808 1 ATTITUDE -0.089355 1.136963 0.220215
53.815 1 DESIRED -0.8 0.04 5.2 -54. 40. 755. -0.
53.818 1 WP_MOVED 4 504603.3125 3566652.5 755. 12
53.822 1 NAVIGATION 0 1 20.1 -3.5 7441.6 416. 0 0
53.861 1 GPS 3 50456808 356667360 908 755821 20 4 1736 603282500 12 12
53.864 1 SVINFO 12 23 13 7 45 25 153
53.893 1 NAVIGATION 0 1 20.1 -3.5 7441.6 416. 0 0
53.908 1 ATTITUDE -0.090332 1.136963 0.219971
53.916 1 IMU_ACCEL -6.513672 0.830078 7.451172
53.916 1 CALIBRATION 136.2 0
53.987 1 DOWNLINK_STATUS 47 39195 1778 0 844. 39. 2.69
54.008 1 ATTITUDE -0.090088 1.136719 0.220215
54.015 1 DESIRED -0.8 0.04 5.2 -54. 40. 755. -0.
54.018 1 BAT 0 0 0 121 1 131 131 0
54.021 1 DL_VALUE 3 0.
54.024 1 ENERGY 0. 0. 0 0.
54.109 1 ATTITUDE -0.090332 1.136963 0.219971
54.115 1 GPS 3 50456808 356667360 873 755338 22 3 1736 603283000 12 13
54.119 1 ALIVE 20,182,19,30,209,130,135,216,36,56,36,172,141,52,115,94
54.144 1 NAVIGATION 0 1 20.1 -3.5 7441.6 416. 0 0
54.208 1 ATTITUDE -0.091064 1.136963 0.219727
54.215 1 DESIRED -0.8 0.04 5.2 -54. 40. 755. -0.
54.217 1 ESTIMATOR 755.274841 -0.947407
54.220 1 IMU_GYRO -0.02124 -0.005127 0.015869
54.222 1 PPRZ_MODE 2 3 3 0 0 6
54.309 1 ATTITUDE -0.090332 1.137207 0.218994
54.313 1 WP_MOVED 5 504607.1875 3566709.25 755. 12
54.362 1 GPS 3 50456680 356667360 978 755078 11 -5 1736 603283250 12 14
54.393 1 NAVIGATION 0 1 18.8 -3.5 7252.3 366.2 0 0
54.408 1 ATTITUDE -0.090576 1.137207 0.219482
54.416 1 DESIRED -0.8 0.04 5.2 -54. 40. 755. -0.
54.508 1 ATTITUDE -0.09082 1.137451 0.219482
54.609 1 ATTITUDE -0.090332 1.137207 0.219727
54.615 1 DESIRED -0.8 0.04 5.2 -54. 40. 755. -0.
54.621 1 GPS 3 50456680 356667360 1029 754801 19 -6 1736 603283500 12 15
54.622 1 SVINFO 15 135 28 7 33 46 217
54.644 1 NAVIGATION 0 1 18.8 -3.5 7252.3 366.2 0 0
54.708 1 ATTITUDE -0.090088 1.137451 0.219971
54.711 1 ESTIMATOR 754.809875 -0.94312
54.714 1 IMU_ACCEL -6.605469 0.834961 7.038086
54.717 1 IMU_MAG 0.269043 -0.720215 -0.946289
54.808 1 ATTITUDE -0.090088 1.137695 0.220215
54.815 1 DESIRED -0.8 0.04 5.2 -54. 40. 755. 0.
54.819 1 WP_MOVED 0 504590. 3566719. 755. 12
54.822 1 IMU_GYRO -0.023193 -0.005127 0.02124
54.825 1 NAVIGATION 0 1 18.8 -3.5 7252.3 366.2 0 0
54.862 1 GPS 3 50456680 356667360 1029 754801 19 -6 1736 603283500 12 16
54.892 1 FBW_STATUS 2 0 1 0 0
54.896 1 NAVIGATION 0 1 18.8 -3.5 7252.3 366.2 0 0
54.909 1 ATTITUDE -0.0896 1.136719 0.220459
54.988 1 DOWNLINK_STATUS 48 40061 1817 0 866. 39. 2.69
55.009 1 ATTITUDE -0.0896 1.136719 0.220459
55.015 1 DESIRED -0.8 0.04 5.2 -54. 40. 755. 0.
55.108 1 ATTITUDE -0.0896 1.136719 0.220703
55.114 1 GPS 3 50456616 356667360 1057 754367 1 4 1736 603284000 12 17
55.118 1 BAT 0 0 0 122 1 132 132 0
55.143 1 NAVIGATION 0 1 18.2 -3.5 7156.7 341.9 0 0
55.208 1 ATTITUDE -0.0896 1.135986 0.220947
55.215 1 DESIRED -0.8 0.04 5.3 -54. 40. 755. 0.
55.217 1 WIND_INFO 1 42 0. 0. 0.
55.217 1 ESTIMATOR 754.342407 -0.940376
55.315 1 ATTITUDE -0.089111 1.136475 0.221191
55.315 1 WP_MOVED 1 504548. 3566677. 754. 12
55.362 1 GPS 3 50456616 356667360 1123 754109 22 -8 1736 603284250 12 18
55.393 1 NAVIGATION 0 1 18.2 -3.5 7156.7 341.9 0 0
55.408 1 ATTITUDE -0.089111 1.136963 0.22168
55.419 1 DESIRED -0.8 0.04 5.3 -54. 40. 755. 0.1
55.419 1 IMU_GYRO -0.00415 -0.018066 0.02124
55.509 1 ATTITUDE -0.089355 1.136963 0.221436
55.511 1 IMU_ACCEL -6.605469 0.920898 7.038086
55.513 1 DL_VALUE 4 0.
55.609 1 ATTITUDE -0.089844 1.137451 0.220947
55.615 1 DESIRED -0.8 0.04 5.3 -54. 40. 755. 0.1
55.620 1 GPS 3 50456616 356667360 1192 753823 41 -7 1736 603284500 12 19
55.623 1 GPS_SOL 1344 242 329 7
55.644 1 NAVIGATION 0 1 18.2 -3.5 7156.7 341.9 0 0
55.709 1 ATTITUDE -0.089844 1.137695 0.220947
55.712 1 ESTIMATOR 753.859924 -0.947686
55.808 1 ATTITUDE -0.090576 1.137207 0.220703
55.814 1 DESIRED -0.8 0.04 5.3 -54. 40. 755. 0.1
55.818 1 WP_MOVED 2 504493.59375 3566717. 755. 12
55.822 1 NAVIGATION 0 1 18.2 -3.5 7156.7 341.9 0 0
55.861 1 GPS 3 50456616 356667360 1192 753823 41 -7 1736 603284500 12 20
55.894 1 NAVIGATION 0 1 18.2 -3.5 7156.7 341.9 0 0
55.909 1 ATTITUDE -0.0896 1.137451 0.22168
55.910 1 STATE_FILTER_STATUS 3 0
55.988 1 DOWNLINK_STATUS 49 40834 1851 0 773. 34. 2.69
56.009 1 ATTITUDE -0.09082 1.137695 0.220947
56.015 1 DESIRED 0.8 0.04 5.3 -54. 40. 755. 0.1
56.017 1 IMU_GYRO 0.014893 -0.023193 0.026367
56.020 1 IMU_MAG 0.269043 -0.720215 -0.943848
56.022 1 CALIBRATION 128.4 0
56.109 1 ATTITUDE -0.091797 1.138184 0.220459
56.115 1 GPS 3 50456616 356667360 1231 753394 2 18 1736 603285000 12 21
56.144 1 NAVIGATION 0 1 18.2 -3.5 7156.7 341.9 0 0
56.208 1 ATTITUDE -0.092041 1.138184 0.220215
56.215 1 DESIRED 0.8 0.04 5.3 -54. 40. 755. 0.1
56.217 1 ESTIMATOR 753.393555 -0.94379
56.220 1 BAT 0 0 0 123 1 133 133 0
56.309 1 ATTITUDE -0.092285 1.137939 0.219727
56.313 1 WP_MOVED 3 504514.8125 3566634. 755. 12
56.320 1 IMU_ACCEL -6.518555 0.853516 7.170898
56.362 1 GPS 3 50456616 356667360 1231 753104 9 12 1736 603285250 12 22
56.394 1 NAVIGATION 0 1 18.2 -3.5 7156.7 341.9 0 0
56.408 1 ATTITUDE -0.092285 1.137695 0.219482
56.419 1 DESIRED 0.8 0.05 5.3 -54. 40. 755. 0.1
56.509 1 ATTITUDE -0.092041 1.137939 0.219727
56.512 1 ENERGY 0. 0. 0 0.
56.608 1 ATTITUDE -0.091797 1.137695 0.219971
56.615 1 DESIRED 0.8 0.05 5.3 -54. 40. 755. 0.1
56.621 1 GPS 3 50456616 356667360 1294 752826 18 10 1736 603285500 12 23
56.623 1 IMU_GYRO -0.016846 0.006348 0.015869
56.644 1 NAVIGATION 0 1 18.2 -3.5 7156.7 341.9 0 0
56.708 1 ATTITUDE -0.091797 1.137695 0.219727
56.711 1 ESTIMATOR 752.885315 -0.96412
56.808 1 ATTITUDE -0.091553 1.137207 0.220215
56.814 1 DESIRED 0.8 0.05 5.3 -54. 40. 755. 0.1
56.819 1 WP_MOVED 4 504603.3125 3566652.5 755. 12
56.822 1 NAVIGATION 0 1 18.2 -3.5 7156.7 341.9 0 0
56.861 1 GPS 3 50456616 356667360 1294 752826 18 10 1736 603285500 12 24
56.891 1 FBW_STATUS 2 0 1 0 0
56.895 1 NAVIGATION 0 1 18.2 -3.5 7156.7 341.9 0 0
56.909 1 ATTITUDE -0.091797 1.137207 0.219727
56.989 1 DOWNLINK_STATUS 50 41651 1887 0 817. 36. 2.69
57.008 1 ATTITUDE -0.091309 1.137451 0.220215
57.015 1 DESIRED 0.8 0.05 5.3 -54. 40. 755. 0.1
57.017 1 DL_VALUE 5 124.
57.018 1 DOWNLINK 23 820 5055
57.109 1 ATTITUDE -0.091797 1.137695 0.219727
57.114 1 GPS 3 50456616 356667360 1253 752255 14 14 1736 603286000 12 25
57.117 1 IMU_ACCEL -6.735352 0.767578 7.299805
57.144 1 NAVIGATION 0 1 18.2 -3.5 7156.7 341.9 0 0
57.209 1 ATTITUDE -0.091309 1.137451 0.220215
57.215 1 DESIRED 0.8 0.05 5.3 -54. 40. 755. 0.2
57.217 1 ESTIMATOR 752.328003 -1.004894
57.220 1 IMU_GYRO -0.019043 0. 0.018066
57.309 1 ATTITUDE -0.091309 1.136963 0.220215
57.313 1 WP_MOVED 5 504607.1875 3566709.25 755. 12
57.316 1 BAT 0 0 0 124 1 134 134 0
57.318 1 IMU_MAG 0.269043 -0.723145 -0.946289
57.362 1 GPS 3 50456616 356667360 1293 751940 12 19 1736 603286250 12 26
57.394 1 NAVIGATION 0 1 18.2 -3.5 7156.7 341.9 0 0
57.409 1 ATTITUDE -0.091064 1.136719 0.220215
57.415 1 DESIRED 0.8 0.05 5.3 -54. 40. 755. 0.2
57.455 1 PONG 
57.509 1 ATTITUDE -0.09082 1.136719 0.220703
57.611 1 ATTITUDE -0.091064 1.137207 0.219971
57.615 1 DESIRED 0.8 0.05 5.3 -54. 40. 755. 0.2
57.621 1 GPS 3 50456616 356667424 1196 751658 13 19 1736 603286500 12 27
57.623 1 GPS_SOL 1325 239 328 7
57.644 1 NAVIGATION 0 1 18.2 -2.8 7092. 337.2 0 0
57.709 1 ATTITUDE -0.091064 1.136475 0.220459
57.711 1 ESTIMATOR 751.752502 -1.045118
57.809 1 ATTITUDE -0.092529 1.136719 0.218018
57.815 1 DESIRED -0.8 0.05 5.2 -54. 40. 755. 0.2
57.818 1 WP_MOVED 0 504590. 3566719. 755. 12
57.821 1 IMU_GYRO -0.023193 0.012695 0.018066
57.826 1 NAVIGATION 0 1 18.2 -2.8 7092. 337.2 0 0
57.861 1 GPS 3 50456616 356667424 1196 751456 13 19 1736 603286500 12 28
57.894 1 NAVIGATION 0 1 18.2 -2.8 7092. 337.2 0 0
57.908 1 ATTITUDE -0.092529 1.136719 0.218262
57.911 1 IMU_ACCEL -6.620117 0.825195 7.195312
57.990 1 DOWNLINK_STATUS 51 42486 1925 0 835. 38. 2.58
57.991 1 COMMANDS 0,5885,-930
58.008 1 ATTITUDE -0.09082 1.136719 0.219482
58.015 1 DESIRED 0.8 0.05 5.2 -54. 40. 755. 0.2
58.080 1 SETTING 1 9 1.
58.086 1 DL_VALUE 9 1.
58.093 1 ACTUATORS 1000,1676,1598
58.108 1 ATTITUDE -0.090088 1.136719 0.220703
58.114 1 GPS 3 50456488 356667424 1315 751110 15 18 1736 603287000 12 29
58.116 1 CALIBRATION 119.2 0
58.117 1 STATE_FILTER_STATUS 3 0
58.144 1 NAVIGATION 0 1 16.9 -2.8 6907.7 292.3 0 0
58.209 1 ATTITUDE -0.089844 1.136719 0.220459
58.215 1 DESIRED 0.8 0.05 5.3 -54. 40. 755. 0.2
58.218 1 ESTIMATOR 751.191406 -1.067179
58.309 1 ATTITUDE -0.089844 1.136963 0.220703
58.313 1 WP_MOVED 1 504548. 3566677. 754. 12
58.362 1 GPS 3 50456488 356667424 1275 750837 12 -14 1736 603287250 12 30
58.396 1 NAVIGATION 0 1 16.9 -2.8 6907.7 292.3 0 0
58.409 1 ATTITUDE -0.089355 1.136475 0.221191
58.415 1 DESIRED 0.8 0.05 5.3 -54. 40. 755. 0.2
58.421 1 IMU_GYRO -0.008301 -0.007324 0.022217
58.421 1 BAT 0 0 0 125 1 135 135 0
58.508 1 ATTITUDE -0.089844 1.13623 0.220703
58.510 1 DL_VALUE 6 100.
58.609 1 ATTITUDE -0.089844 1.135986 0.220703
58.615 1 DESIRED 0.8 0.05 5.3 -54. 40. 755. 0.2
58.621 1 GPS 3 50456488 356667424 1275 750605 8 -6 1736 603287500 12 31
58.623 1 IMU_MAG 0.266602 -0.720215 -0.946289
58.644 1 NAVIGATION 0 1 16.9 -2.8 6907.7 292.3 0 0
58.708 1 ATTITUDE -0.0896 1.135986 0.220947
58.711 1 ESTIMATOR 750.625 -1.084646
58.714 1 IMU_ACCEL -6.620117 0.90625 7.099609
58.808 1 ATTITUDE -0.089355 1.135742 0.220947
58.815 1 DESIRED 0.8 0.05 5.3 -54. 40. 755. 0.3
58.818 1 WP_MOVED 2 504493.59375 3566717. 755. 12
58.823 1 NAVIGATION 0 1 16.9 -2.8 6907.7 292.3 0 0
58.862 1 GPS 3 50456488 356667424 1275 750307 8 -6 1736 603287500 12 32
58.863 1 SVINFO 0 3 13 4 24 23 46
58.891 1 FBW_STATUS 2 0 1 0 0
58.895 1 NAVIGATION 0 1 16.9 -2.8 6907.7 292.3 0 0
58.908 1 ATTITUDE -0.089355 1.135742 0.221436
58.990 1 DOWNLINK_STATUS 52 43336 1965 0 850. 40. 2.58
59.008 1 ATTITUDE -0.089111 1.135986 0.22168
59.015 1 DESIRED 0.8 0.05 5.3 -54. 40. 755. 0.3
59.017 1 IMU_GYRO -0.010498 -0.001953 0.023193
59.021 1 ENERGY 0. 0. 0 0.
59.108 1 ATTITUDE -0.0896 1.135742 0.22168
59.114 1 GPS 3 50456488 356667424 1237 750134 44 -5 1736 603288000 12 1
59.116 1 SVINFO 1 6 15 4 23 7 38
59.121 1 ALIVE 20,182,19,30,209,130,135,216,36,56,36,172,141,52,115,94
59.144 1 NAVIGATION 0 1 16.9 -2.8 6907.7 292.3 0 0
59.209 1 ATTITUDE -0.089355 1.135986 0.221924
59.215 1 DESIRED 0.8 0.05 5.3 -54. 40. 755. 0.3
59.216 1 ESTIMATOR 750.085571 -1.081856
59.219 1 PPRZ_MODE 2 3 3 0 0 6
59.319 1 ATTITUDE -0.089844 1.136475 0.221436
59.319 1 WP_MOVED 3 504514.8125 3566634. 755. 12
59.362 1 GPS 3 50456488 356667424 1209 750025 37 -5 1736 603288250 12 2
59.363 1 SVINFO 2 7 13 7 35 62 12
59.393 1 NAVIGATION 0 1 16.9 -2.8 6907.7 292.3 0 0
59.408 1 ATTITUDE -0.089844 1.135498 0.221191
59.415 1 DESIRED 0.8 0.05 5.3 -54. 40. 755. 0.3
59.509 1 ATTITUDE -0.089355 1.136475 0.221436
59.511 1 IMU_ACCEL -6.581055 0.873047 7.19043
59.515 1 BAT 0 0 0 126 1 136 136 0
59.517 1 NAVIGATION_REF 504548 3566677 12
59.609 1 ATTITUDE -0.089844 1.135742 0.221191
59.615 1 DESIRED 0.8 0.05 5.3 -54. 40. 755. 0.3
59.620 1 GPS 3 50456488 356667424 1171 749919 44 1 1736 603288500 12 3
59.623 1 IMU_GYRO -0.010498 0.010498 0.014893
59.626 1 GPS_SOL 1316 245 328 7
59.644 1 NAVIGATION 0 1 16.9 -2.8 6907.7 292.3 0 0
59.708 1 ATTITUDE -0.0896 1.13623 0.221191
59.711 1 ESTIMATOR 749.68689 -1.002271
59.809 1 ATTITUDE -0.090576 1.135986 0.220459
59.815 1 DESIRED -0.8 0.06 5.3 -54. 40. 755. 0.3
59.817 1 WP_MOVED 4 504603.3125 3566652.5 755. 12
59.822 1 NAVIGATION 0 1 16.9 -2.8 6907.7 292.3 0 0
59.861 1 GPS 3 50456488 356667424 1171 749919 44 1 1736 603288500 12 4
59.894 1 NAVIGATION 0 1 16.9 -2.8 6907.7 292.3 0 0
59.909 1 ATTITUDE -0.09082 1.136475 0.220459
59.911 1 IMU_MAG 0.276367 -0.729004 -0.937988
59.991 1 DOWNLINK_STATUS 53 44223 2005 0 887. 40. 2.58
60.008 1 ATTITUDE -0.090576 1.136475 0.220947
60.015 1 DESIRED -0.8 0.06 5.3 -54. 40. 755. 0.3
60.016 1 DL_VALUE 7 2.
60.108 1 ATTITUDE -0.091064 1.136475 0.220703
60.114 1 GPS 3 50456616 356667424 1143 749774 33 10 1736 603289000 12 5
60.144 1 NAVIGATION 0 1 18.2 -2.8 7092. 337.2 0 0
60.208 1 ATTITUDE -0.091064 1.136475 0.220703
60.215 1 DESIRED -0.8 0.06 5.2 -54. 40. 755. 0.3
60.216 1 ESTIMATOR 749.408752 -0.87744
60.220 1 IMU_GYRO -0.012695 0.001953 0.016846
60.221 1 CALIBRATION 107.3 0
60.308 1 ATTITUDE -0.091064 1.13623 0.220703
60.313 1 WP_MOVED 5 504607.1875 3566709.25 755. 12
60.316 1 IMU_ACCEL -6.557617 0.887695 7.175781
60.316 1 STATE_FILTER_STATUS 3 0
60.361 1 GPS 3 50456616 356667424 1118 749762 27 8 1736 603289250 12 6
60.363 1 SVINFO 6 11 15 7 33 17 122
60.394 1 NAVIGATION 0 1 18.2 -2.8 7092. 337.2 0 0
60.409 1 ATTITUDE -0.09082 1.136475 0.220703
60.415 1 DESIRED -0.8 0.06 5.2 -54. 40. 755. 0.3
60.508 1 ATTITUDE -0.091064 1.13623 0.220947
60.608 1 ATTITUDE -0.09082 1.136719 0.221191
60.614 1 DESIRED -0.8 0.06 5.2 -54. 40. 755. 0.3
60.620 1 GPS 3 50456616 356667424 1086 749817 34 -1 1736 603289500 12 7
60.623 1 BAT 0 0 0 127 1 137 137 0
60.644 1 NAVIGATION 0 1 18.2 -2.8 7092. 337.2 0 0
60.709 1 ATTITUDE -0.09082 1.136475 0.220947
60.710 1 ESTIMATOR 749.313232 -0.686863
60.809 1 ATTITUDE -0.09082 1.13623 0.220947
60.815 1 DESIRED -0.8 0.06 5.2 -54. 40. 755. 0.3
60.818 1 WP_MOVED 0 504590. 3566719. 755. 12
60.822 1 IMU_GYRO -0.016846 0.001953 0.013672
60.826 1 NAVIGATION 0 1 18.2 -2.8 7092. 337.2 0 0
60.862 1 GPS 3 50456616 356667424 1086 749817 34 -1 1736 603289500 12 8
60.863 1 SVINFO 8 13 13 7 39 51 155
60.891 1 FBW_STATUS 2 0 1 0 0
60.896 1 NAVIGATION 0 1 18.2 -2.8 7092. 337.2 0 0
60.908 1 ATTITUDE -0.091064 1.136963 0.220703
60.992 1 DOWNLINK_STATUS 54 45050 2043 0 827. 38. 2.58
61.008 1 ATTITUDE -0.091064 1.136963 0.220459
61.014 1 DESIRED -0.8 0.06 5.2 -54. 40. 755. 0.3
61.108 1 ATTITUDE -0.090576 1.137695 0.220703
61.115 1 GPS 3 50456616 356667424 1092 749672 20 17 1736 603290000 12 9
61.117 1 IMU_ACCEL -6.52832 0.858398 7.142578
61.144 1 NAVIGATION 0 1 18.2 -2.8 7092. 337.2 0 0
61.208 1 ATTITUDE -0.09082 1.137695 0.220459
61.215 1 DESIRED -0.8 0.06 5.2 -54. 40. 755. 0.3
61.216 1 ESTIMATOR 749.257141 -0.527499
61.219 1 IMU_MAG 0.276367 -0.729004 -0.943848
61.309 1 ATTITUDE -0.090332 1.137939 0.220947
61.312 1 WP_MOVED 1 504548. 3566677. 754. 12
61.362 1 GPS 3 50456616 356667424 1137 749822 14 29 1736 603290250 12 10
61.394 1 NAVIGATION 0 1 18.2 -2.8 7092. 337.2 0 0
61.409 1 ATTITUDE -0.090332 1.137939 0.220947
61.415 1 DESIRED -0.8 0.06 5.2 -54. 40. 755. 0.3
61.417 1 IMU_GYRO -0.008301 -0.00415 0.018066
61.509 1 ATTITUDE -0.090332 1.138184 0.220947
61.510 1 DL_VALUE 8 1.
61.514 1 ENERGY 0. 0. 0 0.
61.609 1 ATTITUDE -0.090332 1.138184 0.220947
61.615 1 DESIRED -0.8 0.06 5.2 -54. 40. 755. 0.3
61.620 1 GPS 3 50456616 356667424 1114 749898 37 14 1736 603290500 12 11
61.622 1 SVINFO 11 19 13 4 26 39 65
61.625 1 GPS_SOL 1329 250 328 7
61.644 1 NAVIGATION 0 1 18.2 -2.8 7092. 337.2 0 0
61.709 1 ATTITUDE -0.090332 1.138184 0.220703
61.710 1 ESTIMATOR 749.378601 -0.314806
61.714 1 BAT 0 0 0 128 1 138 138 0
61.809 1 ATTITUDE -0.090088 1.138184 0.220703
61.815 1 DESIRED -0.8 0.06 5.2 -54. 40. 755. 0.3
61.818 1 WP_MOVED 2 504493.59375 3566717. 755. 12
61.823 1 NAVIGATION 0 1 18.2 -2.8 7092. 337.2 0 0
61.862 1 GPS 3 50456616 356667424 1114 750006 37 14 1736 603290500 12 12
61.863 1 SVINFO 12 23 13 7 45 25 153
61.894 1 NAVIGATION 0 1 18.2 -2.8 7092. 337.2 0 0
61.909 1 ATTITUDE -0.090088 1.138184 0.220947
61.911 1 IMU_ACCEL -6.667969 0.848633 7.228516
61.993 1 DOWNLINK_STATUS 55 45898 2081 0 848. 38. 2.58
