14.234 1 GPS 0 0 0 0 0 0 0 0 0 0 1
14.267 1 NAVIGATION 0 1 0. 0. 8421.2 0. 0 0
14.282 1 ATTITUDE 2.851318 -2.195312 -0.681885
14.288 1 DESIRED -0.8 0.1 4.2 -80. -45. 815. 2.
14.291 1 IMU_GYRO -0.014893 -0.02002 -0.032959
14.382 1 ATTITUDE 2.851074 -2.195312 -0.681396
14.384 1 DL_VALUE 2 815.
14.482 1 ATTITUDE 2.852051 -2.19458 -0.681396
14.488 1 DESIRED -0.8 0.1 4.2 -80. -45. 815. 2.
14.494 1 GPS 0 0 0 0 0 0 0 0 0 0 1
14.517 1 NAVIGATION 0 1 0. 0. 8421.2 0. 0 0
14.582 1 ATTITUDE 2.851807 -2.194336 -0.682129
14.584 1 ESTIMATOR 0. 0.
14.586 1 CALIBRATION -150. 0
14.655 1 DOWNLINK_STATUS 2 1684 76 0 849. 38. 0.
14.682 1 ATTITUDE 2.851807 -2.194336 -0.681152
14.688 1 DESIRED -0.8 0.1 4.2 -80. -45. 815. 2.
14.691 1 WP_MOVED 4 506374.40625 3566337.75 805. 12
14.696 1 NAVIGATION 0 1 0. 0. 8421.2 0. 0 0
14.697 1 DOWNLINK 1 821 810
14.734 1 GPS 0 0 0 0 0 0 0 0 0 0 1
14.764 1 FBW_STATUS 2 0 1 0 0
14.769 1 NAVIGATION 0 1 0. 0. 8421.2 0. 0 0
14.782 1 ATTITUDE 2.852539 -2.194824 -0.681152
14.882 1 ATTITUDE 2.853271 -2.195801 -0.680664
14.888 1 DESIRED -0.8 0.1 4.2 -80. -45. 815. 2.
14.891 1 IMU_GYRO -0.006348 -0.028564 -0.015869
14.982 1 ATTITUDE 2.853027 -2.196045 -0.680664
14.987 1 GPS 0 0 0 0 0 0 0 0 0 0 1
14.990 1 IMU_ACCEL 8.911133 -2.168945 -3.314453
14.994 1 BAT 0 0 0 0 1 22 22 0
15.016 1 NAVIGATION 0 1 0. 0. 8421.2 0. 0 0
15.082 1 ATTITUDE 2.852539 -2.196289 -0.68042
15.088 1 DESIRED -0.8 0.1 4.2 -80. -45. 815. 2.
15.090 1 ESTIMATOR 0. 0.
15.182 1 ATTITUDE 2.852051 -2.197021 -0.679199
15.185 1 WP_MOVED 5 506402.3125 3566363.25 820. 12
15.236 1 GPS 0 0 0 0 0 0 0 0 0 0 1
15.266 1 NAVIGATION 0 1 0. 0. 8421.2 0. 0 0
15.283 1 ATTITUDE 2.851074 -2.196533 -0.678711
15.288 1 DESIRED -0.8 0.1 4.2 -80. -45. 815. 2.
15.384 1 ATTITUDE 2.85083 -2.196289 -0.677979
15.385 1 IMU_MAG -1.628418 -0.33252 1.890137
15.482 1 ATTITUDE 2.850586 -2.195068 -0.677734
15.487 1 DESIRED -0.8 0.1 4.2 -80. -45. 815. 2.
15.493 1 GPS 0 0 0 0 0 0 0 0 0 0 1
15.496 1 IMU_GYRO -0.014893 -0.006348 -0.029785
15.499 1 GPS_SOL 0 0 0 0
15.516 1 NAVIGATION 0 1 0. 0. 8421.2 0. 0 0
15.583 1 ATTITUDE 2.849609 -2.19458 -0.677734
15.584 1 ESTIMATOR 0. 0.
15.655 1 DOWNLINK_STATUS 3 2498 112 0 814. 36. 0.
15.682 1 ATTITUDE 2.849121 -2.193604 -0.677979
15.688 1 DESIRED -0.8 0.1 4.2 -80. -45. 815. 2.
15.691 1 WP_MOVED 6 506374.40625 3566337.75 820. 12
15.695 1 NAVIGATION 0 1 0. 0. 8421.2 0. 0 0
15.734 1 GPS 0 0 0 0 0 0 0 0 0 0 1
15.766 1 NAVIGATION 0 1 0. 0. 8421.2 0. 0 0
15.782 1 ATTITUDE 2.849365 -2.192871 -0.678223
15.788 1 IMU_ACCEL 8.901367 -2.246094 -3.295898
15.789 1 STATE_FILTER_STATUS 3 0
15.883 1 ATTITUDE 2.849365 -2.192139 -0.677979
15.887 1 DESIRED -0.8 0.1 4.2 -80. -45. 815. 2.
15.889 1 DL_VALUE 3 0.
15.982 1 ATTITUDE 2.848389 -2.19043 -0.679199
15.987 1 GPS 0 0 0 0 0 0 0 0 0 0 1
16.016 1 NAVIGATION 0 1 0. 0. 8421.2 0. 0 0
16.086 1 ATTITUDE 2.848389 -2.189941 -0.679199
16.087 1 DESIRED -0.8 0.1 4.2 -80. -45. 815. 2.
16.090 1 ESTIMATOR 0. 0.
16.093 1 IMU_GYRO -0.010498 -0.009521 -0.010498
16.096 1 BAT 0 0 0 0 1 23 23 0
16.182 1 ATTITUDE 2.848633 -2.189453 -0.680664
16.185 1 WP_MOVED 7 506350.5 3566270.75 805. 12
16.235 1 GPS 0 0 0 0 0 0 0 0 0 0 1
16.266 1 NAVIGATION 0 1 0. 0. 8421.2 0. 0 0
16.282 1 ATTITUDE 2.849365 -2.189697 -0.680176
16.287 1 DESIRED -0.8 0.1 4.2 -80. -45. 815. 2.
16.382 1 ATTITUDE 2.850586 -2.189941 -0.680664
16.385 1 ENERGY 0. 0. 0 0.
16.482 1 ATTITUDE 2.850098 -2.190186 -0.679932
16.487 1 DESIRED -0.8 0.1 4.2 -80. -45. 815. 2.
16.493 1 GPS 0 0 0 0 0 0 0 0 0 0 1
16.516 1 NAVIGATION 0 1 0. 0. 8421.2 0. 0 0
16.582 1 ATTITUDE 2.849365 -2.190186 -0.68042
16.585 1 ESTIMATOR 0. 0.
16.588 1 IMU_ACCEL 8.31543 -2.130859 -3.020508
16.657 1 DOWNLINK_STATUS 4 3292 147 0 794. 35. 0.
16.682 1 ATTITUDE 2.848389 -2.189697 -0.677979
16.687 1 DESIRED -0.8 0.1 4.2 -80. -45. 815. 2.
16.691 1 WP_MOVED 8 506254.8125 3566257.5 815. 12
16.694 1 IMU_GYRO 0.014893 0.006348 -0.00415
16.699 1 NAVIGATION 0 1 0. 0. 8421.2 0. 0 0
16.700 1 CALIBRATION -150. 0
16.736 1 GPS 0 0 0 0 0 0 0 0 0 0 1
16.766 1 NAVIGATION 0 1 0. 0. 8421.2 0. 0 0
16.769 1 FBW_STATUS 2 0 1 0 0
16.782 1 ATTITUDE 2.84375 -2.185791 -0.684326
16.882 1 ATTITUDE 2.841553 -2.183594 -0.687988
16.887 1 DESIRED -0.8 0.1 4.2 -80. -45. 815. 2.
16.981 1 ATTITUDE 2.847412 -2.186523 -0.678467
16.987 1 GPS 0 0 0 0 0 0 0 0 0 0 1
17.016 1 NAVIGATION 0 1 0. 0. 8421.2 0. 0 0
17.082 1 ATTITUDE 2.853516 -2.188965 -0.67749
17.088 1 DESIRED -0.8 0.1 4.2 -80. -45. 815. 2.
17.090 1 ESTIMATOR 0. 0.
17.181 1 ATTITUDE 2.859619 -2.192871 -0.672119
17.185 1 WP_MOVED 9 506213.8125 3566287.5 815. 12
17.188 1 BAT 0 0 0 0 1 24 24 0
17.237 1 GPS 0 0 0 0 0 0 0 0 0 0 1
17.266 1 NAVIGATION 0 1 0. 0. 8421.2 0. 0 0
17.283 1 ATTITUDE 2.86084 -2.192871 -0.674072
17.288 1 DESIRED -0.8 0.1 4.2 -80. -45. 815. 2.
17.291 1 IMU_GYRO -0.052979 0.025391 -0.055176
17.382 1 ATTITUDE 2.86499 -2.196777 -0.673584
17.385 1 IMU_ACCEL 8.896484 -1.900391 -3.533203
17.387 1 DL_VALUE 4 0.
17.481 1 ATTITUDE 2.863525 -2.197754 -0.671387
17.488 1 DESIRED -0.8 0.1 4.2 -80. -45. 815. 2.
17.493 1 GPS 0 0 0 0 0 0 0 0 0 0 1
17.496 1 GPS_SOL 0 0 0 0
17.518 1 NAVIGATION 0 1 0. 0. 8421.2 0. 0 0
17.582 1 ATTITUDE 2.859863 -2.197998 -0.670166
17.584 1 ESTIMATOR 0. 0.
17.657 1 DOWNLINK_STATUS 5 4099 183 0 807. 36. 0.
17.681 1 ATTITUDE 2.856934 -2.197266 -0.672852
17.687 1 DESIRED -0.8 0.1 4.2 -80. -45. 815. 2.
17.691 1 WP_MOVED 0 506377. 3566344. 757. 12
17.695 1 NAVIGATION 0 1 0. 0. 8421.2 0. 0 0
17.737 1 GPS 0 0 0 0 0 0 0 0 0 0 1
17.766 1 NAVIGATION 0 1 0. 0. 8421.2 0. 0 0
17.781 1 ATTITUDE 2.855469 -2.19751 -0.670654
17.864 1 COMMANDS 0,9600,-4243,0
17.881 1 ATTITUDE 2.854736 -2.196777 -0.672852
17.887 1 DESIRED -0.8 0.1 4.2 -80. -45. 815. 2.
17.890 1 IMU_GYRO 0.008301 -0.032959 0.019043
17.964 1 ACTUATORS 1000,1901,1548,1500
17.981 1 ATTITUDE 2.852539 -2.195068 -0.670898
17.987 1 GPS 0 0 0 0 0 0 0 0 0 0 1
17.990 1 IMU_MAG -1.628418 -0.320801 1.898926
17.992 1 STATE_FILTER_STATUS 3 0
18.016 1 NAVIGATION 0 1 0. 0. 8421.2 0. 0 0
18.081 1 ATTITUDE 2.852295 -2.194336 -0.671143
18.087 1 DESIRED -0.8 0.1 4.2 -80. -45. 815. 2.
18.090 1 ESTIMATOR 0. 0.
18.157 1 PONG 
18.181 1 ATTITUDE 2.85083 -2.193115 -0.671387
18.185 1 WP_MOVED 1 506335. 3566302. 765. 12
18.188 1 IMU_ACCEL 8.882812 -2.264648 -3.418945
18.237 1 GPS 0 0 0 0 0 0 0 0 0 0 1
18.266 1 NAVIGATION 0 1 0. 0. 8421.2 0. 0 0
18.281 1 ATTITUDE 2.85083 -2.192383 -0.670898
18.287 1 DESIRED -0.8 0.1 4.2 -80. -45. 815. 2.
18.291 1 BAT 0 0 0 0 1 25 25 0
18.381 1 ATTITUDE 2.849854 -2.19165 -0.670898
18.481 1 ATTITUDE 2.850098 -2.191406 -0.67041
18.487 1 DESIRED -0.8 0.1 4.2 -80. -45. 815. 2.
18.493 1 GPS 0 0 0 0 0 0 0 0 0 0 1
18.496 1 IMU_GYRO -0.008301 0.052979 0.009521
18.516 1 NAVIGATION 0 1 0. 0. 8421.2 0. 0 0
18.581 1 ATTITUDE 2.849854 -2.190918 -0.669678
18.584 1 ESTIMATOR 0. 0.
18.658 1 DOWNLINK_STATUS 6 4916 220 0 817. 37. 2.6
18.681 1 ATTITUDE 2.8479 -2.188721 -0.67041
18.687 1 DESIRED -0.8 0.1 4.2 -80. -45. 815. 2.
18.693 1 WP_MOVED 2 506254.8125 3566257.5 815. 12
18.695 1 NAVIGATION 0 1 0. 0. 8421.2 0. 0 0
18.734 1 GPS 0 0 0 0 0 0 0 0 0 0 1
18.764 1 FBW_STATUS 2 0 1 0 0
18.769 1 NAVIGATION 0 1 0. 0. 8421.2 0. 0 0
18.781 1 ATTITUDE 2.845947 -2.186523 -0.672363
18.783 1 CALIBRATION -150. 0
18.881 1 ATTITUDE 2.846191 -2.186768 -0.670654
18.887 1 DESIRED -0.8 0.1 4.2 -80. -45. 815. 2.
18.889 1 DL_VALUE 5 0.
18.893 1 ENERGY 0. 0. 0 0.
18.981 1 ATTITUDE 2.84668 -2.187256 -0.670654
18.987 1 GPS 0 0 0 0 0 0 0 0 0 0 1
18.990 1 IMU_ACCEL 8.853516 -2.198242 -3.295898
18.995 1 ALIVE 174,222,138,243,180,132,213,161,20,137,147,153,212,68,69,225
19.016 1 NAVIGATION 0 1 0. 0. 8421.2 0. 0 0
19.081 1 ATTITUDE 2.846191 -2.187256 -0.668701
19.087 1 DESIRED -0.8 0.1 4.2 -80. -45. 815. 2.
19.090 1 ESTIMATOR 0. 0.
19.093 1 IMU_GYRO -0.010498 0.007324 -0.014893
19.095 1 PPRZ_MODE 2 3 3 0 0 6
19.181 1 ATTITUDE 2.846191 -2.1875 -0.67041
19.185 1 WP_MOVED 3 506350.5 3566257. 805. 12
19.234 1 GPS 0 0 0 0 0 0 0 0 0 0 1
19.266 1 NAVIGATION 0 1 0. 0. 8421.2 0. 0 0
19.281 1 ATTITUDE 2.845215 -2.186279 -0.672363
19.287 1 DESIRED -0.8 0.1 4.2 -80. -45. 815. 2.
19.290 1 IMU_MAG -1.623535 -0.32373 1.904785
19.381 1 ATTITUDE 2.845703 -2.186768 -0.671875
19.385 1 BAT 0 0 0 0 1 26 26 0
19.481 1 ATTITUDE 2.8479 -2.188477 -0.670654
19.487 1 DESIRED -0.8 0.1 4.2 -80. -45. 815. 2.
19.493 1 GPS 0 0 0 0 0 0 0 0 0 0 1
19.496 1 GPS_SOL 0 0 0 0
19.516 1 NAVIGATION 0 1 0. 0. 8421.2 0. 0 0
19.581 1 ATTITUDE 2.845947 -2.187744 -0.670898
19.584 1 ESTIMATOR 0. 0.
19.659 1 DOWNLINK_STATUS 7 5778 259 0 862. 39. 2.6
19.681 1 ATTITUDE 2.845703 -2.186768 -0.671143
19.687 1 DESIRED -0.8 0.1 4.2 -80. -45. 815. 2.
19.691 1 WP_MOVED 4 506374.40625 3566337.75 805. 12
19.694 1 IMU_GYRO 0.012695 -0.009521 -0.023193
19.698 1 NAVIGATION 0 1 0. 0. 8421.2 0. 0 0
19.734 1 GPS 0 0 0 0 0 0 0 0 0 0 1
19.766 1 NAVIGATION 0 1 0. 0. 8421.2 0. 0 0
19.781 1 ATTITUDE 2.846436 -2.186768 -0.672607
19.784 1 IMU_ACCEL 8.87793 -2.178711 -3.329102
19.786 1 DOWNLINK 2 824 998
19.881 1 ATTITUDE 2.846436 -2.187256 -0.674561
19.887 1 DESIRED -0.8 0.1 4.2 -80. -45. 815. 2.
19.981 1 ATTITUDE 2.845459 -2.186523 -0.675049
19.987 1 GPS 0 0 0 0 0 0 0 0 0 0 1
20.016 1 NAVIGATION 0 1 0. 0. 8421.2 0. 0 0
20.081 1 ATTITUDE 2.845215 -2.185791 -0.675049
20.087 1 DESIRED -0.8 0.1 4.2 -80. -45. 815. 2.
20.090 1 ESTIMATOR 0. 0.
20.181 1 ATTITUDE 2.844238 -2.185059 -0.676514
20.185 1 WP_MOVED 5 506402.3125 3566363.25 820. 12
20.186 1 STATE_FILTER_STATUS 3 0
20.234 1 GPS 0 0 0 0 0 0 0 0 0 0 1
20.266 1 NAVIGATION 0 1 0. 0. 8421.2 0. 0 0
20.281 1 ATTITUDE 2.844482 -2.184814 -0.675537
20.287 1 DESIRED -0.8 0.1 4.2 -80. -45. 815. 2.
20.290 1 IMU_GYRO -0.008301 -0.015869 -0.015869
20.381 1 ATTITUDE 2.845459 -2.184814 -0.675537
20.383 1 DL_VALUE 6 100.
20.481 1 ATTITUDE 2.845459 -2.184326 -0.675293
20.487 1 DESIRED -0.8 0.1 4.2 -80. -45. 815. 2.
20.493 1 GPS 0 0 0 0 0 0 0 0 0 0 1
20.496 1 BAT 0 0 0 0 1 27 27 0
20.516 1 NAVIGATION 0 1 0. 0. 8421.2 0. 0 0
20.581 1 ATTITUDE 2.844482 -2.184326 -0.67627
20.584 1 ESTIMATOR 0. 0.
20.587 1 IMU_ACCEL 8.795898 -2.293945 -3.209961
20.590 1 IMU_MAG -1.623535 -0.32373 1.890137
20.660 1 DOWNLINK_STATUS 8 6599 296 0 821. 37. 2.6
20.681 1 ATTITUDE 2.843018 -2.184326 -0.677979
20.687 1 DESIRED -0.8 0.1 4.2 -80. -45. 815. 2.
20.691 1 WP_MOVED 6 506374.40625 3566337.75 820. 12
20.695 1 NAVIGATION 0 1 0. 0. 8421.2 0. 0 0
20.734 1 GPS 0 0 0 0 0 0 0 0 0 0 1
20.765 1 FBW_STATUS 2 0 1 0 0
20.768 1 NAVIGATION 0 1 0. 0. 8421.2 0. 0 0
20.781 1 ATTITUDE 2.843262 -2.18457 -0.675537
20.881 1 ATTITUDE 2.847656 -2.187012 -0.674072
20.887 1 DESIRED -0.8 0.1 4.2 -80. -45. 815. 2.
20.890 1 IMU_GYRO 0.006348 0.052979 0.036133
20.892 1 CALIBRATION -150. 0
20.981 1 ATTITUDE 2.845459 -2.184814 -0.676758
20.987 1 GPS 0 0 0 0 0 0 0 0 0 0 1
21.016 1 NAVIGATION 0 1 0. 0. 8421.2 0. 0 0
21.081 1 ATTITUDE 2.847168 -2.187744 -0.674805
21.087 1 DESIRED -0.8 0.1 4.2 -80. -45. 815. 2.
21.090 1 ESTIMATOR 0. 0.
21.181 1 ATTITUDE 2.8479 -2.188232 -0.675293
21.185 1 WP_MOVED 7 506350.5 3566270.75 805. 12
21.234 1 GPS 0 0 0 0 0 0 0 0 0 0 1
21.266 1 NAVIGATION 0 1 0. 0. 8421.2 0. 0 0
21.281 1 ATTITUDE 2.845947 -2.187012 -0.676514
21.287 1 DESIRED -0.8 0.1 4.2 -80. -45. 815. 2.
21.381 1 ATTITUDE 2.845459 -2.1875 -0.674561
21.384 1 IMU_ACCEL 9.016602 -2.28418 -3.286133
21.388 1 ENERGY 0. 0. 0 0.
21.390 1 NAVIGATION_REF 506335 3566302 12
21.481 1 ATTITUDE 2.844482 -2.186279 -0.676758
21.487 1 DESIRED -0.8 0.1 4.2 -80. -45. 815. 2.
21.493 1 GPS 0 0 0 0 0 0 0 0 0 0 1
21.496 1 IMU_GYRO 0. -0.062744 -0.015869
21.499 1 GPS_SOL 0 0 0 0
21.516 1 NAVIGATION 0 1 0. 0. 8421.2 0. 0 0
21.581 1 ATTITUDE 2.842041 -2.18457 -0.676514
21.584 1 ESTIMATOR 0. 0.
21.587 1 BAT 0 0 0 0 1 28 28 0
21.661 1 DOWNLINK_STATUS 9 7430 333 0 831. 37. 2.6
21.681 1 ATTITUDE 2.843018 -2.186035 -0.676025
21.687 1 DESIRED -0.8 0.1 4.2 -80. -45. 815. 2.
21.691 1 WP_MOVED 8 506254.8125 3566257.5 815. 12
21.695 1 NAVIGATION 0 1 0. 0. 8421.2 0. 0 0
21.734 1 GPS 0 0 0 0 0 0 0 0 0 0 1
21.766 1 NAVIGATION 0 1 0. 0. 8421.2 0. 0 0
21.781 1 ATTITUDE 2.842285 -2.18457 -0.67749
21.881 1 ATTITUDE 2.841553 -2.185303 -0.677002
21.887 1 DESIRED -0.8 0.1 4.2 -80. -45. 815. 2.
21.890 1 IMU_MAG -1.628418 -0.31543 1.884766
21.892 1 DL_VALUE 7 2.
21.981 1 ATTITUDE 2.842285 -2.185059 -0.675537
21.987 1 GPS 0 0 0 0 0 0 0 0 0 0 1
22.016 1 NAVIGATION 0 1 0. 0. 8421.2 0. 0 0
22.081 1 ATTITUDE 2.841064 -2.183105 -0.678223
22.087 1 DESIRED -0.8 0.1 4.2 -80. -45. 815. 2.
22.090 1 ESTIMATOR 0. 0.
22.093 1 IMU_GYRO -0.019043 -0.083008 -0.037109
22.181 1 ATTITUDE 2.841553 -2.183105 -0.676514
22.185 1 WP_MOVED 9 506213.8125 3566287.5 815. 12
22.188 1 IMU_ACCEL 8.945312 -2.356445 -3.267578
22.234 1 GPS 0 0 0 0 0 0 0 0 0 0 1
22.266 1 NAVIGATION 0 1 0. 0. 8421.2 0. 0 0
22.281 1 ATTITUDE 2.842529 -2.182617 -0.675049
22.287 1 DESIRED -0.8 0.1 4.2 -80. -45. 815. 2.
22.381 1 ATTITUDE 2.841797 -2.181641 -0.675537
22.383 1 STATE_FILTER_STATUS 3 0
22.481 1 ATTITUDE 2.836426 -2.178955 -0.677246
22.487 1 DESIRED -0.8 0.1 4.2 -80. -45. 815. 2.
22.493 1 GPS 0 0 0 0 0 0 0 0 0 0 1
22.516 1 NAVIGATION 0 1 0. 0. 8421.2 0. 0 0
22.581 1 ATTITUDE 2.833252 -2.177002 -0.673828
22.584 1 ESTIMATOR 0. 0.
22.662 1 DOWNLINK_STATUS 10 8184 366 0 754. 33. 2.6
22.681 1 ATTITUDE 2.83252 -2.175293 -0.676758
22.687 1 DESIRED -0.8 0.1 4.2 -80. -45. 815. 2.
22.691 1 WP_MOVED 0 506377. 3566344. 757. 12
22.694 1 IMU_GYRO -0.025391 0.029785 -0.010498
22.698 1 NAVIGATION 0 1 0. 0. 8421.2 0. 0 0
22.734 1 GPS 0 0 0 0 0 0 0 0 0 0 1
22.768 1 NAVIGATION 0 1 0. 0. 8421.2 0. 0 0
22.769 1 FBW_STATUS 2 0 1 0 0
22.781 1 ATTITUDE 2.833496 -2.175049 -0.67627
22.864 1 COMMANDS 0,9600,-4260,0
22.881 1 ATTITUDE 2.834961 -2.176025 -0.674561
22.889 1 DESIRED -0.8 0.1 4.2 -80. -45. 815. 2.
22.964 1 ACTUATORS 1000,1903,1546,1500
22.981 1 ATTITUDE 2.834961 -2.174561 -0.677246
22.987 1 GPS 0 0 0 0 0 0 0 0 0 0 1
22.990 1 IMU_ACCEL 8.873047 -2.351562 -3.342773
22.992 1 CALIBRATION -150. 0
23.017 1 NAVIGATION 0 1 0. 0. 8421.2 0. 0 0
23.081 1 ATTITUDE 2.834473 -2.175537 -0.673584
23.087 1 DESIRED -0.8 0.1 4.2 -80. -45. 815. 2.
23.089 1 ESTIMATOR 0. 0.
23.158 1 PONG 
23.181 1 ATTITUDE 2.833984 -2.175537 -0.674316
23.185 1 WP_MOVED 1 506335. 3566302. 765. 12
23.188 1 IMU_MAG -1.623535 -0.318359 1.887695
23.234 1 GPS 0 0 0 0 0 0 0 0 0 0 1
23.266 1 NAVIGATION 0 1 0. 0. 8421.2 0. 0 0
23.281 1 ATTITUDE 2.833496 -2.174805 -0.674561
23.287 1 DESIRED -0.8 0.1 4.2 -80. -45. 815. 2.
23.290 1 IMU_GYRO 0.00415 -0.037109 -0.011475
23.381 1 ATTITUDE 2.834961 -2.176758 -0.672852
23.383 1 DL_VALUE 8 0.
23.481 1 ATTITUDE 2.834473 -2.176025 -0.673096
23.487 1 DESIRED -0.8 0.1 4.2 -80. -45. 815. 2.
23.493 1 GPS 0 0 0 0 0 0 0 0 0 0 1
23.496 1 GPS_SOL 0 0 0 0
23.516 1 NAVIGATION 0 1 0. 0. 8421.2 0. 0 0
23.581 1 ATTITUDE 2.834473 -2.175293 -0.673584
23.584 1 ESTIMATOR 0. 0.
23.663 1 DOWNLINK_STATUS 11 9025 405 0 841. 39. 2.69
23.681 1 ATTITUDE 2.835205 -2.17627 -0.673584
23.687 1 DESIRED -0.8 0.1 4.2 -80. -45. 815. 2.
23.690 1 WP_MOVED 2 506254.8125 3566257.5 815. 12
23.695 1 NAVIGATION 0 1 0. 0. 8421.2 0. 0 0
23.734 1 GPS 0 0 0 0 0 0 0 0 0 0 1
23.767 1 NAVIGATION 0 1 0. 0. 8421.2 0. 0 0
23.781 1 ATTITUDE 2.835449 -2.175537 -0.674072
23.784 1 IMU_ACCEL 8.887695 -2.317383 -3.291016
23.788 1 BAT 0 0 0 0 1 31 31 0
23.881 1 ATTITUDE 2.835449 -2.175781 -0.672607
23.887 1 DESIRED -0.8 0.1 4.2 -80. -45. 815. 2.
23.890 1 IMU_GYRO -0.00415 0.001953 -0.005127
23.894 1 ENERGY 0. 0. 0 0.
23.981 1 ATTITUDE 2.834473 -2.174805 -0.672607
23.987 1 GPS 0 0 0 0 0 0 0 0 0 0 1
23.991 1 ALIVE 174,222,138,243,180,132,213,161,20,137,147,153,212,68,69,225
24.016 1 NAVIGATION 0 1 0. 0. 8421.2 0. 0 0
24.081 1 ATTITUDE 2.835938 -2.174805 -0.671875
24.088 1 DESIRED -0.8 0.1 4.2 -80. -45. 815. 2.
24.089 1 ESTIMATOR 0. 0.
24.093 1 PPRZ_MODE 2 3 3 0 0 6
24.181 1 ATTITUDE 2.835449 -2.173828 -0.672852
24.185 1 WP_MOVED 3 506350.5 3566257. 805. 12
24.234 1 GPS 0 0 0 0 0 0 0 0 0 0 1
24.266 1 NAVIGATION 0 1 0. 0. 8421.2 0. 0 0
24.281 1 ATTITUDE 2.834473 -2.172852 -0.67334
24.287 1 DESIRED -0.8 0.1 4.2 -80. -45. 815. 2.
24.381 1 ATTITUDE 2.834961 -2.173096 -0.672363
24.481 1 ATTITUDE 2.835205 -2.172363 -0.671875
24.487 1 DESIRED -0.8 0.1 4.2 -80. -45. 815. 2.
24.493 1 GPS 0 0 0 0 0 0 0 0 0 0 1
24.496 1 IMU_GYRO 0. 0.001953 -0.006348
24.499 1 IMU_MAG -1.618652 -0.3125 1.893066
24.516 1 NAVIGATION 0 1 0. 0. 8421.2 0. 0 0
24.581 1 ATTITUDE 2.834229 -2.170898 -0.673828
24.583 1 ESTIMATOR 0. 0.
24.587 1 IMU_ACCEL 8.858398 -2.313477 -3.329102
24.590 1 STATE_FILTER_STATUS 3 0
24.664 1 DOWNLINK_STATUS 12 9879 443 0 854. 38. 2.69
24.681 1 ATTITUDE 2.834473 -2.171875 -0.673096
24.687 1 DESIRED -0.8 0.1 4.2 -80. -45. 815. 2.
24.690 1 WP_MOVED 4 506374.40625 3566337.75 805. 12
24.695 1 NAVIGATION 0 1 0. 0. 8421.2 0. 0 0
24.734 1 GPS 0 0 0 0 0 0 0 0 0 0 1
24.766 1 NAVIGATION 0 1 0. 0. 8421.2 0. 0 0
24.768 1 FBW_STATUS 2 0 1 0 0
24.781 1 ATTITUDE 2.836182 -2.172119 -0.673096
24.881 1 ATTITUDE 2.836182 -2.172852 -0.672607
24.887 1 DESIRED -0.8 0.1 4.2 -80. -45. 815. 2.
24.890 1 BAT 0 0 0 0 1 32 32 0
24.892 1 DL_VALUE 9 1.
24.894 1 DOWNLINK 3 816 1185
24.981 1 ATTITUDE 2.837158 -2.174316 -0.671387
24.987 1 GPS 0 0 0 0 0 0 0 0 0 0 1
25.016 1 NAVIGATION 0 1 0. 0. 8421.2 0. 0 0
25.081 1 ATTITUDE 2.836426 -2.17334 -0.672852
25.087 1 DESIRED -0.8 0.1 4.2 -80. -45. 815. 2.
25.089 1 ESTIMATOR 0. 0.
25.092 1 IMU_GYRO -0.00415 -0.010498 -0.006348
25.094 1 CALIBRATION -150. 0
25.181 1 ATTITUDE 2.836914 -2.173828 -0.671143
25.184 1 WP_MOVED 5 506402.3125 3566363.25 820. 12
25.234 1 GPS 0 0 0 0 0 0 0 0 0 0 1
25.266 1 NAVIGATION 0 1 0. 0. 8421.2 0. 0 0
25.281 1 ATTITUDE 2.837402 -2.174561 -0.671143
25.287 1 DESIRED -0.8 0.1 4.2 -80. -45. 815. 2.
25.381 1 ATTITUDE 2.836182 -2.174072 -0.671143
25.384 1 IMU_ACCEL 8.925781 -2.341797 -3.304688
25.481 1 ATTITUDE 2.837158 -2.175537 -0.670898
25.487 1 DESIRED -0.8 0.1 4.2 -80. -45. 815. 2.
25.493 1 GPS 0 0 0 0 0 0 0 0 0 0 1
25.496 1 GPS_SOL 0 0 0 0
25.517 1 NAVIGATION 0 1 0. 0. 8421.2 0. 0 0
25.581 1 ATTITUDE 2.83667 -2.175781 -0.670898
25.583 1 ESTIMATOR 0. 0.
25.627 1 WIND_INFO 1 42 0. 0. 0.
25.664 1 DOWNLINK_STATUS 13 10679 479 0 800. 36. 2.69
25.681 1 ATTITUDE 2.835938 -2.175049 -0.671631
25.688 1 DESIRED -0.8 0.1 4.2 -80. -45. 815. 2.
25.690 1 WP_MOVED 6 506374.40625 3566337.75 820. 12
25.693 1 IMU_GYRO -0.012695 -0.043457 -0.052979
25.698 1 NAVIGATION 0 1 0. 0. 8421.2 0. 0 0
25.734 1 GPS 0 0 0 0 0 0 0 0 0 0 1
25.767 1 NAVIGATION 0 1 0. 0. 8421.2 0. 0 0
25.781 1 ATTITUDE 2.836426 -2.175049 -0.670898
25.784 1 IMU_MAG -1.621094 -0.303711 1.901855
25.881 1 ATTITUDE 2.837402 -2.175781 -0.670898
25.887 1 DESIRED -0.8 0.1 4.2 -80. -45. 815. 2.
25.981 1 ATTITUDE 2.836426 -2.174561 -0.671631
25.987 1 GPS 0 0 0 0 0 0 0 0 0 0 1
25.990 1 BAT 0 0 0 0 1 33 33 0
26.016 1 NAVIGATION 0 1 0. 0. 8421.2 0. 0 0
26.081 1 ATTITUDE 2.835938 -2.174072 -0.671875
26.087 1 DESIRED -0.8 0.1 4.2 -80. -45. 815. 2.
26.089 1 ESTIMATOR 0. 0.
26.181 1 ATTITUDE 2.838135 -2.175293 -0.67041
26.184 1 WP_MOVED 7 506350.5 3566270.75 805. 12
26.188 1 IMU_ACCEL 8.930664 -2.418945 -3.342773
26.234 1 GPS 0 0 0 0 0 0 0 0 0 0 1
26.266 1 NAVIGATION 0 1 0. 0. 8421.2 0. 0 0
26.281 1 ATTITUDE 2.836914 -2.173584 -0.671875
26.287 1 DESIRED -0.8 0.1 4.2 -80. -45. 815. 2.
26.290 1 IMU_GYRO -0.010498 -0.011475 -0.019043
26.381 1 ATTITUDE 2.837158 -2.174072 -0.671631
26.383 1 DL_VALUE 10 0.
26.386 1 ENERGY 0. 0. 0 0.
26.481 1 ATTITUDE 2.837402 -2.173584 -0.672363
26.488 1 DESIRED -0.8 0.1 4.2 -80. -45. 815. 2.
26.493 1 GPS 0 0 0 0 0 0 0 0 0 0 1
26.517 1 NAVIGATION 0 1 0. 0. 8421.2 0. 0 0
26.577 1 SETTING 1 8 1.
26.581 1 ATTITUDE 2.836914 -2.172852 -0.67334
26.583 1 ESTIMATOR 0. 0.
26.585 1 DL_VALUE 8 1.
26.665 1 DOWNLINK_STATUS 14 11493 515 0 814. 36. 2.69
26.681 1 ATTITUDE 2.837158 -2.173584 -0.672119
26.687 1 DESIRED -0.8 0.1 4.2 -80. -45. 815. 2.
26.690 1 WP_MOVED 8 506254.8125 3566257.5 815. 12
26.695 1 NAVIGATION 0 1 0. 0. 8421.2 0. 0 0
26.733 1 GPS 0 0 0 0 0 0 0 0 0 0 1
26.763 1 FBW_STATUS 2 0 1 0 0
26.767 1 PPRZ_MODE 4 3 3 0 0 6
26.770 1 NAVIGATION 0 1 0. 0. 8421.2 0. 0 0
26.781 1 ATTITUDE 2.837646 -2.173828 -0.672119
26.782 1 STATE_FILTER_STATUS 3 0
26.881 1 ATTITUDE 2.838867 -2.175537 -0.670898
26.887 1 DESIRED 0.3 0.5 4.2 -80. -45. 815. 2.
26.890 1 IMU_GYRO -0.00415 -0.016846 -0.009521
26.981 1 ATTITUDE 2.837158 -2.174805 -0.672852
26.989 1 GPS 0 0 0 0 0 0 0 0 0 0 1
26.990 1 IMU_ACCEL 8.896484 -2.202148 -3.30957
27.016 1 NAVIGATION 0 1 0. 0. 8421.2 0. 0 0
27.081 1 ATTITUDE 2.837891 -2.175293 -0.671875
27.087 1 DESIRED 0.3 0.5 4.2 -80. -45. 815. 2.
27.089 1 ESTIMATOR 0. 0.
27.093 1 BAT 0 0 0 0 1 34 34 0
27.096 1 IMU_MAG -1.616211 -0.320801 1.893066
27.181 1 ATTITUDE 2.838135 -2.175781 -0.672607
27.184 1 WP_MOVED 9 506213.8125 3566287.5 815. 12
27.186 1 CALIBRATION -150. 0
27.233 1 GPS 0 0 0 0 0 0 0 0 0 0 1
27.267 1 NAVIGATION 0 1 0. 0. 8421.2 0. 0 0
27.281 1 ATTITUDE 2.836914 -2.175293 -0.671631
27.287 1 DESIRED 0.3 0.5 4.2 -80. -45. 815. 2.
27.381 1 ATTITUDE 2.837891 -2.175049 -0.673096
27.481 1 ATTITUDE 2.837891 -2.175293 -0.671631
27.487 1 DESIRED 0.3 0.5 4.2 -80. -45. 815. 2.
27.492 1 GPS 0 0 0 0 0 0 0 0 0 0 1
27.496 1 IMU_GYRO -0.006348 0.008301 -0.009521
27.499 1 GPS_SOL 0 0 0 0
27.516 1 NAVIGATION 0 1 0. 0. 8421.2 0. 0 0
27.581 1 ATTITUDE 2.837158 -2.175293 -0.671875
27.583 1 ESTIMATOR 0. 0.
27.666 1 DOWNLINK_STATUS 15 12328 553 0 835. 38. 2.69
27.681 1 ATTITUDE 2.837158 -2.175781 -0.671631
27.687 1 DESIRED 0.3 0.5 4.2 -80. -45. 815. 2.
27.690 1 WP_MOVED 0 506377. 3566344. 757. 12
27.695 1 NAVIGATION 0 1 0. 0. 8421.2 0. 0 0
27.733 1 GPS 0 0 0 0 0 0 0 0 0 0 1
27.766 1 NAVIGATION 0 1 0. 0. 8421.2 0. 0 0
27.781 1 ATTITUDE 2.836914 -2.175781 -0.671631
27.784 1 IMU_ACCEL 8.873047 -2.293945 -3.380859
27.864 1 COMMANDS 0,9600,-6444,0
27.881 1 ATTITUDE 2.837402 -2.175781 -0.672119
27.887 1 DESIRED 0.3 0.5 4.2 -80. -45. 815. 2.
27.889 1 DL_VALUE 11 1.
27.964 1 ACTUATORS 1000,1993,1457,1500
27.981 1 ATTITUDE 2.838623 -2.176514 -0.671387
27.987 1 GPS 0 0 0 0 0 0 0 0 0 0 1
28.016 1 NAVIGATION 0 1 0. 0. 8421.2 0. 0 0
28.081 1 ATTITUDE 2.838623 -2.176514 -0.671143
28.087 1 DESIRED 0.3 0.5 4.2 -80. -45. 815. 2.
28.089 1 ESTIMATOR 0. 0.
28.092 1 IMU_GYRO -0.025391 0.019043 -0.012695
28.159 1 PONG 
28.181 1 ATTITUDE 2.839111 -2.176514 -0.669922
28.184 1 WP_MOVED 1 506335. 3566302. 765. 12
28.188 1 BAT 0 0 0 0 1 35 35 0
28.233 1 GPS 0 0 0 0 0 0 0 0 0 0 1
28.265 1 NAVIGATION 0 1 0. 0. 8421.2 0. 0 0
28.281 1 ATTITUDE 2.838867 -2.176025 -0.67041
28.287 1 DESIRED 0.3 0.5 4.2 -80. -45. 815. 2.
28.381 1 ATTITUDE 2.837646 -2.174561 -0.67041
28.384 1 IMU_MAG -1.623535 -0.30957 1.895996
28.481 1 ATTITUDE 2.837402 -2.174072 -0.671387
28.487 1 DESIRED 0.3 0.5 4.2 -80. -45. 815. 2.
28.492 1 GPS 0 0 0 0 0 0 0 0 0 0 1
28.515 1 NAVIGATION 0 1 0. 0. 8421.2 0. 0 0
28.581 1 ATTITUDE 2.837891 -2.174316 -0.670166
28.583 1 ESTIMATOR 0. 0.
28.586 1 IMU_ACCEL 8.896484 -2.336914 -3.324219
28.666 1 DOWNLINK_STATUS 16 13147 590 0 819. 37. 2.73
28.681 1 ATTITUDE 2.837891 -2.173828 -0.670898
28.687 1 DESIRED 0.3 0.5 4.2 -80. -45. 815. 2.
28.690 1 WP_MOVED 2 506254.8125 3566257.5 815. 12
28.693 1 IMU_GYRO -0.014893 -0.010498 -0.006348
28.698 1 NAVIGATION 0 1 0. 0. 8421.2 0. 0 0
28.733 1 GPS 0 0 0 0 0 0 0 0 0 0 1
28.765 1 FBW_STATUS 2 0 1 0 0
28.768 1 NAVIGATION 0 1 0. 0. 8421.2 0. 0 0
28.781 1 ATTITUDE 2.837646 -2.173828 -0.670898
28.881 1 ATTITUDE 2.837402 -2.174316 -0.670654
28.887 1 DESIRED 0.3 0.5 4.2 -80. -45. 815. 2.
28.890 1 ENERGY 0. 0. 0 0.
28.981 1 ATTITUDE 2.837646 -2.173828 -0.671143
28.986 1 GPS 0 0 0 0 0 0 0 0 0 0 1
28.988 1 STATE_FILTER_STATUS 3 0
28.992 1 ALIVE 174,222,138,243,180,132,213,161,20,137,147,153,212,68,69,225
29.015 1 NAVIGATION 0 1 0. 0. 8421.2 0. 0 0
29.081 1 ATTITUDE 2.8396 -2.175049 -0.67041
29.087 1 DESIRED 0.3 0.5 4.2 -80. -45. 815. 2.
29.089 1 ESTIMATOR 0. 0.
29.091 1 PPRZ_MODE 4 1 2 0 0 6
29.181 1 ATTITUDE 2.838135 -2.174316 -0.671143
29.184 1 WP_MOVED 3 506350.5 3566257. 805. 12
29.233 1 GPS 0 0 0 0 0 0 0 0 0 0 1
29.265 1 NAVIGATION 0 1 0. 0. 8421.2 0. 0 0
29.281 1 ATTITUDE 2.838623 -2.175537 -0.670654
29.287 1 DESIRED 0.3 0.5 4.2 -80. -45. 815. 2.
29.290 1 IMU_GYRO -0.012695 -0.007324 -0.022217
29.293 1 BAT 0 0 0 0 1 36 36 0
29.295 1 CALIBRATION -150. 0
29.381 1 ATTITUDE 2.839355 -2.176514 -0.669678
29.384 1 IMU_ACCEL 8.90625 -2.269531 -3.380859
29.386 1 DL_VALUE 0 0.
29.481 1 ATTITUDE 2.839355 -2.176758 -0.669922
29.487 1 DESIRED 0.3 0.5 4.2 -80. -45. 815. 2.
29.492 1 GPS 0 0 0 0 0 0 0 0 0 0 1
29.495 1 GPS_SOL 0 0 0 0
29.515 1 NAVIGATION 0 1 0. 0. 8421.2 0. 0 0
29.581 1 ATTITUDE 2.838623 -2.177002 -0.669678
29.583 1 ESTIMATOR 0. 0.
29.668 1 DOWNLINK_STATUS 17 14018 630 0 871. 40. 2.73
29.681 1 ATTITUDE 2.840088 -2.178223 -0.669678
29.687 1 DESIRED 0.3 0.5 4.2 -80. -45. 815. 2.
29.690 1 WP_MOVED 4 506374.40625 3566337.75 805. 12
29.695 1 NAVIGATION 0 1 0. 0. 8421.2 0. 0 0
29.698 1 IMU_MAG -1.623535 -0.320801 1.895996
29.733 1 GPS 0 0 0 0 0 0 0 0 0 0 1
29.765 1 NAVIGATION 0 1 0. 0. 8421.2 0. 0 0
29.781 1 ATTITUDE 2.838135 -2.176758 -0.67041
29.881 1 ATTITUDE 2.838623 -2.177002 -0.669189
29.887 1 DESIRED 0.3 0.5 4.2 -80. -45. 815. 2.
29.890 1 IMU_GYRO 0. 0.023193 0.001953
29.981 1 ATTITUDE 2.8396 -2.177002 -0.669678
29.986 1 GPS 0 0 0 0 0 0 0 0 0 0 1
29.988 1 DOWNLINK 3 819 1373
30.015 1 NAVIGATION 0 1 0. 0. 8421.2 0. 0 0
30.081 1 ATTITUDE 2.838623 -2.176514 -0.668457
30.087 1 DESIRED 0.3 0.5 4.2 -80. -45. 815. 2.
30.089 1 ESTIMATOR 0. 0.
30.181 1 ATTITUDE 2.838379 -2.175781 -0.668945
30.184 1 WP_MOVED 5 506402.3125 3566363.25 820. 12
30.187 1 IMU_ACCEL 8.882812 -2.322266 -3.433594
30.233 1 GPS 0 0 0 0 0 0 0 0 0 0 1
30.265 1 NAVIGATION 0 1 0. 0. 8421.2 0. 0 0
30.281 1 ATTITUDE 2.837646 -2.174561 -0.669189
30.287 1 DESIRED 0.3 0.5 4.2 -80. -45. 815. 2.
30.381 1 ATTITUDE 2.836914 -2.173584 -0.669189
30.384 1 BAT 0 0 0 0 1 37 37 0
30.387 1 NAVIGATION_REF 506335 3566302 12
30.481 1 ATTITUDE 2.839355 -2.175049 -0.667725
30.487 1 DESIRED 0.3 0.5 4.2 -80. -45. 815. 2.
30.492 1 GPS 0 0 0 0 0 0 0 0 0 0 1
30.495 1 IMU_GYRO -0.010498 -0.023193 -0.007324
30.515 1 NAVIGATION 0 1 0. 0. 8421.2 0. 0 0
30.582 1 ATTITUDE 2.839111 -2.173828 -0.668945
30.583 1 ESTIMATOR 0. 0.
30.669 1 DOWNLINK_STATUS 18 14816 665 0 798. 35. 2.73
30.681 1 ATTITUDE 2.837646 -2.172607 -0.669434
30.687 1 DESIRED 0.3 0.5 4.2 -80. -45. 815. 2.
30.690 1 WP_MOVED 6 506374.40625 3566337.75 820. 12
30.695 1 NAVIGATION 0 1 0. 0. 8421.2 0. 0 0
30.733 1 GPS 0 0 0 0 0 0 0 0 0 0 1
30.763 1 FBW_STATUS 2 0 1 0 0
30.768 1 NAVIGATION 0 1 0. 0. 8421.2 0. 0 0
30.781 1 ATTITUDE 2.838623 -2.173096 -0.668213
30.881 1 ATTITUDE 2.839111 -2.173584 -0.667969
30.887 1 DESIRED 0.3 0.5 4.2 -80. -45. 815. 2.
30.888 1 DL_VALUE 1 0.
30.981 1 ATTITUDE 2.837402 -2.172607 -0.667725
30.986 1 GPS 0 0 0 0 0 0 0 0 0 0 1
30.989 1 IMU_ACCEL 8.830078 -2.351562 -3.423828
30.993 1 IMU_MAG -1.623535 -0.3125 1.904785
31.015 1 NAVIGATION 0 1 0. 0. 8421.2 0. 0 0
31.081 1 ATTITUDE 2.838623 -2.173828 -0.667725
31.087 1 DESIRED 0.3 0.5 4.2 -80. -45. 815. 2.
31.089 1 ESTIMATOR 0. 0.
31.092 1 IMU_GYRO -0.008301 -0.039307 -0.003174
31.181 1 ATTITUDE 2.839111 -2.174072 -0.665039
31.184 1 WP_MOVED 7 506350.5 3566270.75 805. 12
31.186 1 STATE_FILTER_STATUS 3 0
31.233 1 GPS 0 0 0 0 0 0 0 0 0 0 1
31.265 1 NAVIGATION 0 1 0. 0. 8421.2 0. 0 0
31.281 1 ATTITUDE 2.837402 -2.172363 -0.66626
31.287 1 DESIRED 0.3 0.5 4.2 -80. -45. 815. 2.
31.381 1 ATTITUDE 2.838867 -2.173584 -0.663818
31.383 1 CALIBRATION -150. 0
31.386 1 ENERGY 0. 0. 0 0.
31.481 1 ATTITUDE 2.838867 -2.172852 -0.665039
31.486 1 DESIRED 0.3 0.5 4.2 -80. -45. 815. 2.
31.492 1 GPS 0 0 0 0 0 0 0 0 0 0 1
31.496 1 BAT 0 0 0 0 1 38 38 0
31.499 1 GPS_SOL 0 0 0 0
31.515 1 NAVIGATION 0 1 0. 0. 8421.2 0. 0 0
31.581 1 ATTITUDE 2.83667 -2.171631 -0.664795
31.583 1 ESTIMATOR 0. 0.
31.669 1 DOWNLINK_STATUS 19 15652 703 0 836. 38. 2.73
31.681 1 ATTITUDE 2.837158 -2.172852 -0.665039
31.686 1 DESIRED 0.3 0.5 4.2 -80. -45. 815. 2.
31.690 1 WP_MOVED 8 506254.8125 3566257.5 815. 12
31.693 1 IMU_GYRO 0.014893 0.02124 0.003174
31.698 1 NAVIGATION 0 1 0. 0. 8421.2 0. 0 0
31.733 1 GPS 0 0 0 0 0 0 0 0 0 0 1
31.765 1 NAVIGATION 0 1 0. 0. 8421.2 0. 0 0
31.781 1 ATTITUDE 2.837646 -2.172607 -0.66626
31.784 1 IMU_ACCEL 8.810547 -2.198242 -3.40918
31.881 1 ATTITUDE 2.83667 -2.171875 -0.664551
31.886 1 DESIRED 0.3 0.5 4.2 -80. -45. 815. 2.
31.981 1 ATTITUDE 2.837891 -2.171631 -0.66626
31.986 1 GPS 0 0 0 0 0 0 0 0 0 0 1
32.016 1 NAVIGATION 0 1 0. 0. 8421.2 0. 0 0
32.081 1 ATTITUDE 2.840088 -2.173584 -0.662842
32.086 1 DESIRED 0.3 0.5 4.2 -80. -45. 815. 2.
32.089 1 ESTIMATOR 0. 0.
32.181 1 ATTITUDE 2.839355 -2.172363 -0.664062
32.184 1 WP_MOVED 9 506213.8125 3566287.5 815. 12
32.233 1 GPS 0 0 0 0 0 0 0 0 0 0 1
32.265 1 NAVIGATION 0 1 0. 0. 8421.2 0. 0 0
32.281 1 ATTITUDE 2.838867 -2.172607 -0.662354
32.286 1 DESIRED 0.3 0.5 4.2 -80. -45. 815. 2.
32.290 1 IMU_GYRO -0.016846 -0.055176 -0.030762
32.293 1 IMU_MAG -1.61377 -0.31543 1.898926
32.381 1 ATTITUDE 2.839111 -2.172119 -0.662354
32.382 1 DL_VALUE 2 815.
32.481 1 ATTITUDE 2.838135 -2.17041 -0.663574
32.486 1 DESIRED 0.3 0.5 4.2 -80. -45. 815. 2.
32.492 1 GPS 0 0 0 0 0 0 0 0 0 0 1
32.515 1 NAVIGATION 0 1 0. 0. 8421.2 0. 0 0
32.581 1 ATTITUDE 2.839111 -2.170654 -0.662842
32.583 1 ESTIMATOR 0. 0.
32.586 1 IMU_ACCEL 8.90625 -2.341797 -3.47168
32.590 1 BAT 0 0 0 0 1 39 39 0
32.670 1 DOWNLINK_STATUS 20 16453 738 0 801. 35. 2.73
32.681 1 ATTITUDE 2.838623 -2.170166 -0.663086
32.686 1 DESIRED 0.3 0.5 4.2 -80. -45. 815. 2.
32.690 1 WP_MOVED 0 506377. 3566344. 757. 12
32.694 1 NAVIGATION 0 1 0. 0. 8421.2 0. 0 0
32.733 1 GPS 0 0 0 0 0 0 0 0 0 0 1
32.763 1 FBW_STATUS 2 0 1 0 0
32.768 1 NAVIGATION 0 1 0. 0. 8421.2 0. 0 0
32.781 1 ATTITUDE 2.8396 -2.169922 -0.663574
32.863 1 COMMANDS 0,9600,-6405,0
32.881 1 ATTITUDE 2.839844 -2.17041 -0.664062
32.887 1 DESIRED 0.3 0.5 4.2 -80. -45. 815. 2.
32.890 1 IMU_GYRO -0.012695 -0.04248 -0.033936
32.963 1 ACTUATORS 1000,1991,1459,1500
32.970 1 SETTING 1 9 0.
32.975 1 DL_VALUE 9 0.
32.981 1 ATTITUDE 2.838379 -2.169922 -0.664307
32.986 1 GPS 0 0 0 0 0 0 0 0 0 0 1
33.015 1 NAVIGATION 0 1 0. 0. 8421.2 0. 0 0
33.081 1 ATTITUDE 2.838867 -2.170654 -0.662598
33.086 1 DESIRED 0.3 0.5 4.2 -80. -45. 815. 2.
33.089 1 ESTIMATOR 0. 0.
33.160 1 PONG 
33.181 1 ATTITUDE 2.838867 -2.16748 -0.66333
33.184 1 WP_MOVED 1 506335. 3566302. 765. 12
33.233 1 GPS 0 0 0 0 0 0 0 0 0 0 1
33.265 1 NAVIGATION 0 1 0. 0. 8421.2 0. 0 0
33.280 1 ATTITUDE 2.839111 -2.167969 -0.665527
33.286 1 DESIRED 0.3 0.5 4.2 -80. -45. 815. 2.
33.380 1 ATTITUDE 2.837891 -2.167969 -0.66333
33.384 1 IMU_ACCEL 9.848633 -2.264648 -3.751953
33.385 1 STATE_FILTER_STATUS 3 0
33.480 1 ATTITUDE 2.834229 -2.165283 -0.665283
33.486 1 DESIRED 0.3 0.5 4.2 -80. -45. 815. 2.
33.492 1 GPS 0 0 0 0 0 0 0 0 0 0 1
33.495 1 IMU_GYRO 0.048828 0.012695 -0.048828
33.498 1 GPS_SOL 0 0 0 0
33.515 1 NAVIGATION 0 1 0. 0. 8421.2 0. 0 0
33.580 1 ATTITUDE 2.832764 -2.165771 -0.67334
33.583 1 ESTIMATOR 0. 0.
33.586 1 IMU_MAG -1.611328 -0.32373 1.884766
33.672 1 DOWNLINK_STATUS 21 17292 777 0 839. 39. 2.68
33.680 1 ATTITUDE 2.836426 -2.168701 -0.668945
33.686 1 DESIRED 0.3 0.5 4.2 -80. -45. 815. 2.
33.690 1 WP_MOVED 2 506254.8125 3566257.5 815. 12
33.694 1 NAVIGATION 0 1 0. 0. 8421.2 0. 0 0
33.698 1 BAT 2880 0 0 0 0 40 40 0
33.733 1 GPS 0 0 0 0 0 0 0 0 0 0 1
33.766 1 NAVIGATION 0 1 0. 0. 8421.2 0. 0 0
33.780 1 ATTITUDE 2.8396 -2.169434 -0.675781
33.880 1 ATTITUDE 2.839355 -2.169434 -0.675537
33.886 1 DESIRED 0.3 0.5 4.2 -80. -45. 815. 2.
33.888 1 DL_VALUE 3 0.
33.892 1 ENERGY 0. 0. 0 0.
33.980 1 ATTITUDE 2.834961 -2.168457 -0.673584
33.986 1 GPS 0 0 0 0 0 0 0 0 0 0 1
33.990 1 ALIVE 174,222,138,243,180,132,213,161,20,137,147,153,212,68,69,225
34.015 1 NAVIGATION 0 1 0. 0. 8421.2 0. 0 0
34.080 1 ATTITUDE 2.832275 -2.169434 -0.679199
34.086 1 DESIRED 0.3 0.5 4.2 -80. -45. 815. 2.
34.089 1 ESTIMATOR 0. 0.
34.092 1 IMU_GYRO 0.006348 -0.049805 0.056396
34.094 1 PPRZ_MODE 4 1 2 0 0 6
34.180 1 ATTITUDE 2.821289 -2.162109 -0.68042
34.184 1 WP_MOVED 3 506350.5 3566257. 805. 12
34.187 1 IMU_ACCEL 8.12793 -1.477539 -3.086914
34.233 1 GPS 0 0 0 0 0 0 0 0 0 0 1
34.265 1 NAVIGATION 0 1 0. 0. 8421.2 0. 0 0
34.280 1 ATTITUDE 2.821289 -2.161133 -0.679688
34.286 1 DESIRED 0.3 0.5 4.2 -80. -45. 815. 2.
34.380 1 ATTITUDE 2.824707 -2.161133 -0.677002
34.480 1 ATTITUDE 2.826172 -2.161621 -0.674316
34.486 1 DESIRED 0.3 0.5 4.2 -80. -45. 815. 2.
34.492 1 GPS 0 0 0 0 0 0 0 0 0 0 1
34.515 1 NAVIGATION 0 1 0. 0. 8421.2 0. 0 0
34.580 1 ATTITUDE 2.822266 -2.155762 -0.671143
34.583 1 ESTIMATOR 0. 0.
34.673 1 DOWNLINK_STATUS 22 18094 812 0 802. 35. 2.68
34.680 1 ATTITUDE 2.820557 -2.153809 -0.670654
34.686 1 DESIRED 0.3 0.5 4.2 -80. -45. 815. 2.
34.690 1 WP_MOVED 4 506374.40625 3566337.75 805. 12
34.693 1 IMU_GYRO -0.016846 -0.033936 -0.036133
34.697 1 NAVIGATION 0 1 0. 0. 8421.2 0. 0 0
34.733 1 GPS 0 0 0 0 0 0 0 0 0 0 1
34.763 1 FBW_STATUS 2 0 1 0 0
34.767 1 NAVIGATION 0 1 0. 0. 8421.2 0. 0 0
34.780 1 ATTITUDE 2.820068 -2.152832 -0.671875
34.784 1 BAT 0 0 0 0 1 42 42 0
34.880 1 ATTITUDE 2.821533 -2.1521 -0.671875
34.886 1 DESIRED 0.3 0.5 4.2 -80. -45. 815. 2.
34.889 1 IMU_MAG -1.640625 -0.294922 1.864258
34.980 1 ATTITUDE 2.822266 -2.152344 -0.671875
34.986 1 GPS 0 0 0 0 0 0 0 0 0 0 1
34.989 1 IMU_ACCEL 8.920898 -2.375 -3.25293
35.015 1 NAVIGATION 0 1 0. 0. 8421.2 0. 0 0
35.080 1 ATTITUDE 2.822021 -2.151367 -0.672852
35.086 1 DESIRED 0.3 0.5 4.2 -80. -45. 815. 2.
35.089 1 ESTIMATOR 0. 0.
35.091 1 DOWNLINK 4 827 1562
35.180 1 ATTITUDE 2.823242 -2.151123 -0.67334
35.184 1 WP_MOVED 5 506402.3125 3566363.25 820. 12
35.233 1 GPS 0 0 0 0 0 0 0 0 0 0 1
35.265 1 NAVIGATION 0 1 0. 0. 8421.2 0. 0 0
35.280 1 ATTITUDE 2.82373 -2.151367 -0.673828
35.286 1 DESIRED 0.3 0.5 4.2 -80. -45. 815. 2.
35.289 1 IMU_GYRO 0. 0.003174 -0.007324
35.380 1 ATTITUDE 2.822754 -2.151367 -0.674561
35.382 1 DL_VALUE 4 0.
35.480 1 ATTITUDE 2.823242 -2.152588 -0.673828
35.486 1 DESIRED 0.3 0.5 4.2 -80. -45. 815. 2.
35.492 1 GPS 0 0 0 0 0 0 0 0 0 0 1
35.495 1 GPS_SOL 0 0 0 0
35.515 1 NAVIGATION 0 1 0. 0. 8421.2 0. 0 0
35.580 1 ATTITUDE 2.82251 -2.152344 -0.675293
35.583 1 ESTIMATOR 0. 0.
35.585 1 CALIBRATION -150. 0
35.586 1 STATE_FILTER_STATUS 3 0
35.628 1 WIND_INFO 1 42 0. 0. 0.
35.673 1 DOWNLINK_STATUS 23 18939 851 0 845. 39. 2.68
35.680 1 ATTITUDE 2.822266 -2.153564 -0.673828
35.686 1 DESIRED 0.3 0.5 4.2 -80. -45. 815. 2.
35.690 1 WP_MOVED 6 506374.40625 3566337.75 820. 12
35.694 1 NAVIGATION 0 1 0. 0. 8421.2 0. 0 0
35.733 1 GPS 0 0 0 0 0 0 0 0 0 0 1
35.765 1 NAVIGATION 0 1 0. 0. 8421.2 0. 0 0
35.780 1 ATTITUDE 2.82251 -2.15332 -0.67749
35.783 1 IMU_ACCEL 8.892578 -2.447266 -3.224609
35.880 1 ATTITUDE 2.820312 -2.151611 -0.678711
35.886 1 DESIRED 0.3 0.5 4.2 -80. -45. 815. 2.
35.889 1 IMU_GYRO -0.012695 -0.044678 -0.040283
35.893 1 BAT 0 0 0 0 1 43 43 0
35.980 1 ATTITUDE 2.820801 -2.15332 -0.676514
35.986 1 GPS 0 0 0 0 0 0 0 0 0 0 1
36.015 1 NAVIGATION 0 1 0. 0. 8421.2 0. 0 0
36.080 1 ATTITUDE 2.821045 -2.15332 -0.67749
36.086 1 DESIRED 0.3 0.5 4.2 -80. -45. 815. 2.
36.089 1 ESTIMATOR 0. 0.
36.182 1 ATTITUDE 2.822021 -2.154053 -0.67627
36.184 1 WP_MOVED 7 506350.5 3566270.75 805. 12
36.187 1 IMU_MAG -1.625977 -0.3125 1.873047
36.233 1 GPS 0 0 0 0 0 0 0 0 0 0 1
36.265 1 NAVIGATION 0 1 0. 0. 8421.2 0. 0 0
36.280 1 ATTITUDE 2.822998 -2.153809 -0.677002
36.286 1 DESIRED 0.3 0.5 4.2 -80. -45. 815. 2.
36.380 1 ATTITUDE 2.822754 -2.15332 -0.677002
36.384 1 ENERGY 0. 0. 0 0.
36.480 1 ATTITUDE 2.822266 -2.153564 -0.677002
36.486 1 DESIRED 0.3 0.5 4.2 -80. -45. 815. 2.
36.493 1 GPS 0 0 0 0 0 0 0 0 0 0 1
36.495 1 IMU_GYRO 0.008301 0.016846 0.001953
36.515 1 NAVIGATION 0 1 0. 0. 8421.2 0. 0 0
36.580 1 ATTITUDE 2.822021 -2.154053 -0.67627
36.583 1 ESTIMATOR 0. 0.
36.586 1 IMU_ACCEL 8.901367 -2.332031 -3.205078
36.675 1 DOWNLINK_STATUS 24 19749 886 0 810. 35. 2.68
36.680 1 ATTITUDE 2.821533 -2.15332 -0.675781
36.686 1 DESIRED 0.3 0.5 4.2 -80. -45. 815. 2.
36.690 1 WP_MOVED 8 506254.8125 3566257.5 815. 12
36.694 1 NAVIGATION 0 1 0. 0. 8421.2 0. 0 0
36.733 1 GPS 0 0 0 0 0 0 0 0 0 0 1
36.763 1 FBW_STATUS 2 0 1 0 0
36.767 1 NAVIGATION 0 1 0. 0. 8421.2 0. 0 0
36.780 1 ATTITUDE 2.822021 -2.154297 -0.672852
36.880 1 ATTITUDE 2.824219 -2.156494 -0.671143
36.886 1 DESIRED 0.3 0.5 4.2 -80. -45. 815. 2.
36.888 1 DL_VALUE 5 0.
36.980 1 ATTITUDE 2.824951 -2.156006 -0.671875
36.986 1 GPS 0 0 0 0 0 0 0 0 0 0 1
36.989 1 BAT 0 0 0 0 1 44 44 0
37.015 1 NAVIGATION 0 1 0. 0. 8421.2 0. 0 0
37.080 1 ATTITUDE 2.825928 -2.158447 -0.670654
37.086 1 DESIRED 0.3 0.5 4.2 -80. -45. 815. 2.
37.089 1 ESTIMATOR 0. 0.
37.092 1 IMU_GYRO 0.036133 0.014893 0.012695
37.180 1 ATTITUDE 2.817871 -2.154053 -0.676514
37.184 1 WP_MOVED 9 506213.8125 3566287.5 815. 12
37.233 1 GPS 0 0 0 0 0 0 0 0 0 0 1
37.265 1 NAVIGATION 0 1 0. 0. 8421.2 0. 0 0
37.280 1 ATTITUDE 2.822021 -2.157227 -0.675049
37.286 1 DESIRED 0.3 0.5 4.2 -80. -45. 815. 2.
37.380 1 ATTITUDE 2.826904 -2.1604 -0.671387
37.383 1 IMU_ACCEL 8.776367 -2.379883 -3.400391
37.484 1 ATTITUDE 2.831787 -2.162842 -0.67041
37.486 1 DESIRED 0.3 0.5 4.2 -80. -45. 815. 2.
37.492 1 GPS 0 0 0 0 0 0 0 0 0 0 1
37.496 1 IMU_MAG -1.623535 -0.30957 1.893066
37.498 1 GPS_SOL 0 0 0 0
37.515 1 NAVIGATION 0 1 0. 0. 8421.2 0. 0 0
37.581 1 ATTITUDE 2.8396 -2.170166 -0.664795
37.583 1 ESTIMATOR 0. 0.
37.675 1 DOWNLINK_STATUS 25 20545 921 0 796. 35. 2.68
37.680 1 ATTITUDE 2.836914 -2.171143 -0.667236
37.686 1 DESIRED 0.3 0.5 4.2 -80. -45. 815. 2.
37.690 1 WP_MOVED 0 506377. 3566344. 757. 12
37.693 1 IMU_GYRO 0.05957 0.074463 -0.023193
37.697 1 NAVIGATION 0 1 0. 0. 8421.2 0. 0 0
37.699 1 CALIBRATION -150. 0
37.733 1 GPS 0 0 0 0 0 0 0 0 0 0 1
37.767 1 NAVIGATION 0 1 0. 0. 8421.2 0. 0 0
37.780 1 ATTITUDE 2.823242 -2.16748 -0.685059
37.782 1 STATE_FILTER_STATUS 3 0
37.864 1 COMMANDS 0,9600,-6600,0
37.880 1 ATTITUDE 2.807129 -2.164307 -0.710938
37.886 1 DESIRED 0.3 0.5 4.2 -80. -45. 815. 2.
37.963 1 ACTUATORS 1000,2000,1445,1500
37.981 1 ATTITUDE 2.794434 -2.152588 -0.727783
37.986 1 GPS 0 0 0 0 0 0 0 0 0 0 1
38.015 1 NAVIGATION 0 1 0. 0. 8421.2 0. 0 0
38.080 1 ATTITUDE 2.793701 -2.150391 -0.761719
38.086 1 DESIRED 0.3 0.5 4.2 -80. -45. 815. 2.
38.090 1 ESTIMATOR 0. 0.
38.092 1 BAT 0 0 0 0 1 45 45 0
38.163 1 PONG 
38.180 1 ATTITUDE 2.752686 -2.131836 -0.795654
38.184 1 WP_MOVED 1 506335. 3566302. 765. 12
38.188 1 IMU_ACCEL 9.348633 -2.567383 -2.088867
38.233 1 GPS 0 0 0 0 0 0 0 0 0 0 1
38.265 1 NAVIGATION 0 1 0. 0. 8421.2 0. 0 0
38.280 1 ATTITUDE 2.7229 -2.114258 -0.813721
38.286 1 DESIRED 0.3 0.5 4.2 -80. -45. 815. 2.
38.289 1 IMU_GYRO 0.102051 0.297852 0.185059
38.380 1 ATTITUDE 2.691406 -2.088379 -0.834717
38.382 1 DL_VALUE 6 100.
38.480 1 ATTITUDE 2.711426 -2.105713 -0.828613
38.486 1 DESIRED 0.3 0.5 4.2 -80. -45. 815. 2.
38.492 1 GPS 0 0 0 0 0 0 0 0 0 0 1
38.515 1 NAVIGATION 0 1 0. 0. 8421.2 0. 0 0
38.580 1 ATTITUDE 2.699951 -2.102051 -0.831299
38.583 1 ESTIMATOR 0. 0.
38.677 1 DOWNLINK_STATUS 26 21366 959 0 821. 38. 4.13
38.680 1 ATTITUDE 2.646973 -2.062744 -0.854492
38.688 1 DESIRED 0.3 0.5 4.2 -80. -45. 815. 2.
38.690 1 WP_MOVED 2 506254.8125 3566257.5 815. 12
38.694 1 NAVIGATION 0 1 0. 0. 8421.2 0. 0 0
38.733 1 GPS 0 0 0 0 0 0 0 0 0 0 1
38.766 1 NAVIGATION 0 1 0. 0. 8421.2 0. 0 0
38.767 1 FBW_STATUS 2 0 1 0 0
38.780 1 ATTITUDE 2.65625 -2.070801 -0.855957
38.783 1 IMU_MAG -1.638184 -0.251465 1.654297
38.880 1 ATTITUDE 2.712158 -2.121338 -0.813721
38.886 1 DESIRED 0.3 0.5 4.2 -80. -45. 815. 2.
38.889 1 IMU_GYRO -0.0979 -0.5979 -0.148926
38.893 1 ENERGY 0. 0. 0 0.
38.980 1 ATTITUDE 2.716064 -2.118164 -0.801514
38.986 1 GPS 0 0 0 0 0 0 0 0 0 0 1
38.989 1 IMU_ACCEL 9.21875 -2.875 -1.771484
38.993 1 ALIVE 174,222,138,243,180,132,213,161,20,137,147,153,212,68,69,225
39.015 1 NAVIGATION 0 1 0. 0. 8421.2 0. 0 0
39.080 1 ATTITUDE 2.732422 -2.115723 -0.828857
39.086 1 DESIRED 0.3 0.5 4.2 -80. -45. 815. 2.
39.088 1 ESTIMATOR 0. 0.
39.091 1 PPRZ_MODE 4 1 2 0 0 6
39.180 1 ATTITUDE 2.710449 -2.10083 -0.858154
39.184 1 WP_MOVED 3 506350.5 3566257. 805. 12
39.187 1 BAT 0 0 0 0 1 46 46 0
39.233 1 GPS 0 0 0 0 0 0 0 0 0 0 1
39.268 1 NAVIGATION 0 1 0. 0. 8421.2 0. 0 0
39.280 1 ATTITUDE 2.708008 -2.109863 -0.868652
39.286 1 DESIRED 0.3 0.5 4.2 -80. -45. 815. 2.
39.380 1 ATTITUDE 2.583252 -2.020508 -0.914307
39.383 1 NAVIGATION_REF 506335 3566302 12
39.480 1 ATTITUDE 2.592285 -2.032715 -0.915527
39.486 1 DESIRED 0.3 0.5 4.2 -80. -45. 815. 2.
39.492 1 GPS 0 0 0 0 0 0 0 0 0 0 1
39.495 1 IMU_GYRO -0.193604 -0.293701 0.005127
39.498 1 GPS_SOL 0 0 0 0
39.515 1 NAVIGATION 0 1 0. 0. 8421.2 0. 0 0
39.580 1 ATTITUDE 2.600586 -2.020752 -0.912842
39.582 1 ESTIMATOR 0. 0.
39.677 1 DOWNLINK_STATUS 27 22239 998 0 873. 39. 4.13
39.680 1 ATTITUDE 2.591553 -2.009277 -0.929688
39.686 1 DESIRED 0.3 0.5 4.2 -80. -45. 815. 2.
39.689 1 WP_MOVED 4 506374.40625 3566337.75 805. 12
39.694 1 NAVIGATION 0 1 0. 0. 8421.2 0. 0 0
39.733 1 GPS 0 0 0 0 0 0 0 0 0 0 1
39.765 1 NAVIGATION 0 1 0. 0. 8421.2 0. 0 0
39.780 1 ATTITUDE 2.604736 -2.044189 -0.925049
39.783 1 IMU_ACCEL 9.516602 -1.847656 -0.655273
39.785 1 CALIBRATION -150. 0
39.833 1 SETTING 1 9 1.
39.838 1 DL_VALUE 9 1.
39.880 1 ATTITUDE 2.610107 -2.051025 -0.908203
39.886 1 DESIRED 0.3 0.5 4.2 -80. -45. 815. 2.
39.888 1 DL_VALUE 7 4.
39.980 1 ATTITUDE 2.603271 -2.015869 -0.904053
39.986 1 GPS 0 0 0 0 0 0 0 0 0 0 1
39.987 1 STATE_FILTER_STATUS 3 0
40.015 1 NAVIGATION 0 1 0. 0. 8421.2 0. 0 0
40.080 1 ATTITUDE 2.69165 -2.050049 -0.873779
40.086 1 DESIRED 0.3 0.5 4.2 -80. -45. 815. 2.
40.088 1 ESTIMATOR 0. 0.
40.092 1 IMU_GYRO -0.308594 -0.093506 -0.277588
40.095 1 IMU_MAG -1.674805 -0.294922 1.643066
40.180 1 ATTITUDE 2.755615 -2.106201 -0.862305
40.184 1 WP_MOVED 5 506402.3125 3566363.25 820. 12
40.185 1 DOWNLINK 4 821 1752
40.233 1 GPS 0 0 0 0 0 0 0 0 0 0 1
40.265 1 NAVIGATION 0 1 0. 0. 8421.2 0. 0 0
40.280 1 ATTITUDE 2.697754 -2.078857 -0.842041
40.286 1 DESIRED 0.3 0.5 4.2 -80. -45. 815. 2.
40.289 1 BAT 0 0 0 0 1 47 47 0
40.380 1 ATTITUDE 2.683594 -2.058838 -0.865234
40.480 1 ATTITUDE 2.702881 -2.072998 -0.880371
40.486 1 DESIRED 0.3 0.5 4.2 -80. -45. 815. 2.
40.492 1 GPS 0 0 0 0 0 0 0 0 0 0 1
40.515 1 NAVIGATION 0 1 0. 0. 8421.2 0. 0 0
40.580 1 ATTITUDE 2.6875 -2.089111 -0.892578
40.582 1 ESTIMATOR 0. 0.
40.586 1 IMU_ACCEL 9.199219 -2.802734 -1.167969
40.677 1 DOWNLINK_STATUS 28 23064 1036 0 825. 38. 4.13
40.680 1 ATTITUDE 2.599365 -2.051758 -0.910156
40.686 1 DESIRED 0.3 0.5 4.2 -80. -45. 815. 2.
40.689 1 WP_MOVED 6 506374.40625 3566337.75 820. 12
40.693 1 IMU_GYRO 0.212646 0.281982 0.286133
40.697 1 NAVIGATION 0 1 0. 0. 8421.2 0. 0 0
40.733 1 GPS 0 0 0 0 0 0 0 0 0 0 1
40.767 1 NAVIGATION 0 1 0. 0. 8421.2 0. 0 0
40.767 1 FBW_STATUS 2 0 1 0 0
40.780 1 ATTITUDE 2.580322 -2.022705 -0.91626
40.880 1 ATTITUDE 2.63623 -2.053223 -0.907471
40.886 1 DESIRED 0.3 0.5 4.2 -80. -45. 815. 2.
40.980 1 ATTITUDE 2.641357 -2.05957 -0.913818
40.986 1 GPS 0 0 0 0 0 0 0 0 0 0 1
41.015 1 NAVIGATION 0 1 0. 0. 8421.2 0. 0 0
41.080 1 ATTITUDE 2.650391 -2.068848 -0.916992
41.087 1 DESIRED 0.3 0.5 4.2 -80. -45. 815. 2.
41.088 1 ESTIMATOR 0. 0.
41.180 1 ATTITUDE 2.644287 -2.064941 -0.91748
41.183 1 WP_MOVED 7 506350.5 3566270.75 805. 12
41.233 1 GPS 0 0 0 0 0 0 0 0 0 0 1
41.267 1 NAVIGATION 0 1 0. 0. 8421.2 0. 0 0
41.281 1 ATTITUDE 2.635986 -2.059326 -0.921143
41.287 1 DESIRED 0.3 0.5 4.2 -80. -45. 815. 2.
41.289 1 IMU_GYRO -0.025391 0.000977 0.02124
41.380 1 ATTITUDE 2.640625 -2.061279 -0.921631
41.383 1 IMU_ACCEL 9.151367 -2.8125 -0.550781
41.387 1 BAT 0 0 0 0 1 48 48 0
41.390 1 IMU_MAG -1.645508 -0.269043 1.57959
41.392 1 DL_VALUE 8 1.
41.395 1 ENERGY 0. 0. 0 0.
41.480 1 ATTITUDE 2.645996 -2.069336 -0.918213
41.486 1 DESIRED 0.3 0.5 4.2 -80. -45. 815. 2.
41.492 1 GPS 0 0 0 0 0 0 0 0 0 0 1
41.495 1 GPS_SOL 0 0 0 0
41.515 1 NAVIGATION 0 1 0. 0. 8421.2 0. 0 0
41.580 1 ATTITUDE 2.648193 -2.074951 -0.918701
41.583 1 ESTIMATOR 0. 0.
41.677 1 DOWNLINK_STATUS 29 23898 1073 0 834. 37. 4.13
41.682 1 ATTITUDE 2.647461 -2.074707 -0.917969
41.686 1 DESIRED 0.3 0.5 4.2 -80. -45. 815. 2.
41.689 1 WP_MOVED 8 506254.8125 3566257.5 815. 12
41.694 1 NAVIGATION 0 1 0. 0. 8421.2 0. 0 0
41.733 1 GPS 0 0 0 0 0 0 0 0 0 0 1
41.768 1 NAVIGATION 0 1 0. 0. 8421.2 0. 0 0
41.781 1 ATTITUDE 2.647217 -2.075439 -0.91748
41.880 1 ATTITUDE 2.652588 -2.074707 -0.920166
41.887 1 DESIRED 0.3 0.5 4.2 -80. -45. 815. 2.
41.889 1 IMU_GYRO -0.095703 -0.125488 -0.030762
41.891 1 CALIBRATION -150. 0
41.980 1 ATTITUDE 2.644043 -2.060059 -0.925537
41.986 1 GPS 0 0 0 0 0 0 0 0 0 0 1
42.016 1 NAVIGATION 0 1 0. 0. 8421.2 0. 0 0
42.080 1 ATTITUDE 2.648682 -2.05127 -0.927246
42.086 1 DESIRED 0.3 0.5 4.2 -80. -45. 815. 2.
42.088 1 ESTIMATOR 0. 0.
42.180 1 ATTITUDE 2.666016 -2.067139 -0.912598
42.183 1 WP_MOVED 9 506213.8125 3566287.5 815. 12
42.188 1 IMU_ACCEL 9.929688 -2.495117 -0.630859
42.188 1 STATE_FILTER_STATUS 3 0
42.233 1 GPS 0 0 0 0 0 0 0 0 0 0 1
42.270 1 NAVIGATION 0 1 0. 0. 8421.2 0. 0 0
42.280 1 ATTITUDE 2.733398 -2.115234 -0.909668
42.288 1 DESIRED 0.3 0.5 4.2 -80. -45. 815. 2.
42.380 1 ATTITUDE 2.822266 -2.159424 -0.936035
42.480 1 ATTITUDE 2.840088 -2.184814 -0.916016
42.486 1 DESIRED 0.3 0.5 4.2 -80. -45. 815. 2.
42.492 1 GPS 0 0 0 0 0 0 0 0 0 0 1
42.497 1 IMU_GYRO 0.012695 0.181885 0.062744
42.498 1 BAT 0 0 0 0 1 49 49 0
42.515 1 NAVIGATION 0 1 0. 0. 8421.2 0. 0 0
42.580 1 ATTITUDE 2.878906 -2.228271 -0.902344
42.582 1 ESTIMATOR 0. 0.
42.677 1 DOWNLINK_STATUS 30 24672 1107 0 774. 34. 4.13
42.680 1 ATTITUDE 2.871094 -2.237061 -0.903809
42.686 1 DESIRED 0.3 0.5 4.2 -80. -45. 815. 2.
42.689 1 WP_MOVED 0 506377. 3566344. 757. 12
42.694 1 NAVIGATION 0 1 0. 0. 8421.2 0. 0 0
42.697 1 IMU_MAG -1.714355 -0.399414 1.671875
42.732 1 GPS 0 0 0 0 0 0 0 0 0 0 1
42.762 1 FBW_STATUS 2 0 1 0 0
42.769 1 NAVIGATION 0 1 0. 0. 8421.2 0. 0 0
42.780 1 ATTITUDE 2.847412 -2.22998 -0.90625
42.863 1 COMMANDS 0,9600,-7686,0
42.880 1 ATTITUDE 2.809082 -2.215332 -0.896973
42.886 1 DESIRED 0.3 0.5 4.2 -80. -45. 815. 2.
42.888 1 DL_VALUE 9 1.
42.963 1 ACTUATORS 1000,2000,1410,1500
42.981 1 ATTITUDE 2.751221 -2.180176 -0.873291
42.986 1 GPS 0 0 0 0 0 0 0 0 0 0 1
42.989 1 IMU_ACCEL 8.772461 -2.557617 -1.552734
43.015 1 NAVIGATION 0 1 0. 0. 8421.2 0. 0 0
43.080 1 ATTITUDE 2.713379 -2.147705 -0.875977
43.086 1 DESIRED 0.3 0.5 4.2 -80. -45. 815. 2.
43.088 1 ESTIMATOR 0. 0.
43.091 1 IMU_GYRO -0.087158 -0.335205 0.022217
43.162 1 PONG 
43.180 1 ATTITUDE 2.726318 -2.157227 -0.829834
43.183 1 WP_MOVED 1 506335. 3566302. 765. 12
43.232 1 GPS 0 0 0 0 0 0 0 0 0 0 1
43.269 1 NAVIGATION 0 1 0. 0. 8421.2 0. 0 0
43.280 1 ATTITUDE 2.676514 -2.125977 -0.830566
43.286 1 DESIRED 0.3 0.5 4.2 -80. -45. 815. 2.
43.380 1 ATTITUDE 2.644043 -2.102295 -0.847412
43.480 1 ATTITUDE 2.623779 -2.078369 -0.866943
43.486 1 DESIRED 0.3 0.5 4.2 -80. -45. 815. 2.
43.491 1 GPS 0 0 0 0 0 0 0 0 0 0 1
43.494 1 GPS_SOL 0 0 0 0
43.515 1 NAVIGATION 0 1 0. 0. 8421.2 0. 0 0
43.580 1 ATTITUDE 2.640381 -2.083008 -0.861328
43.582 1 ESTIMATOR 0. 0.
43.586 1 BAT 0 0 0 0 1 50 50 0
43.677 1 DOWNLINK_STATUS 31 25504 1145 0 832. 38. 2.66
43.680 1 ATTITUDE 2.672119 -2.101318 -0.83374
43.686 1 DESIRED 0.3 0.5 4.2 -80. -45. 815. 2.
43.689 1 WP_MOVED 2 506254.8125 3566257.5 815. 12
43.692 1 IMU_GYRO -0.146729 -0.074463 -0.101074
43.697 1 NAVIGATION 0 1 0. 0. 8421.2 0. 0 0
43.732 1 GPS 0 0 0 0 0 0 0 0 0 0 1
43.770 1 NAVIGATION 0 1 0. 0. 8421.2 0. 0 0
43.782 1 ATTITUDE 2.675049 -2.100098 -0.815674
43.783 1 IMU_ACCEL 9.271484 -2.855469 -2.075195
43.881 1 ATTITUDE 2.679688 -2.096436 -0.807129
43.889 1 DESIRED 0.3 0.5 4.2 -80. -45. 815. 2.
43.889 1 ENERGY 0. 0. 0 0.
43.981 1 ATTITUDE 2.68042 -2.085205 -0.821289
43.986 1 GPS 0 0 0 0 0 0 0 0 0 0 1
43.989 1 IMU_MAG -1.630859 -0.251465 1.691895
43.991 1 CALIBRATION -150. 0
43.995 1 ALIVE 174,222,138,243,180,132,213,161,20,137,147,153,212,68,69,225
44.015 1 NAVIGATION 0 1 0. 0. 8421.2 0. 0 0
44.080 1 ATTITUDE 2.629639 -2.046631 -0.841797
44.087 1 DESIRED 0.3 0.5 4.2 -80. -45. 815. 2.
44.088 1 ESTIMATOR 0. 0.
44.090 1 PPRZ_MODE 4 1 2 0 0 6
44.180 1 ATTITUDE 2.599854 -2.028564 -0.836182
44.183 1 WP_MOVED 3 506350.5 3566257. 805. 12
44.232 1 GPS 0 0 0 0 0 0 0 0 0 0 1
44.268 1 NAVIGATION 0 1 0. 0. 8421.2 0. 0 0
44.280 1 ATTITUDE 2.571777 -2.008301 -0.840332
44.287 1 DESIRED 0.3 0.5 4.2 -80. -45. 815. 2.
44.289 1 IMU_GYRO 0.031738 0.205322 0.105225
44.380 1 ATTITUDE 2.573486 -2.006348 -0.835693
44.382 1 DL_VALUE 10 0.
44.383 1 STATE_FILTER_STATUS 3 0
44.480 1 ATTITUDE 2.575928 -1.994385 -0.836914
44.486 1 DESIRED 0.3 0.5 4.2 -80. -45. 815. 2.
44.491 1 GPS 0 0 0 0 0 0 0 0 0 0 1
44.514 1 NAVIGATION 0 1 0. 0. 8421.2 0. 0 0
44.580 1 ATTITUDE 2.570312 -1.987061 -0.840088
44.582 1 ESTIMATOR 0. 0.
44.585 1 IMU_ACCEL 8.892578 -3.762695 -0.930664
44.677 1 DOWNLINK_STATUS 32 26360 1184 0 856. 39. 2.66
44.680 1 ATTITUDE 2.584717 -2.007568 -0.824463
44.687 1 DESIRED 0.3 0.5 4.2 -80. -45. 815. 2.
44.689 1 WP_MOVED 4 506374.40625 3566337.75 805. 12
44.694 1 NAVIGATION 0 1 0. 0. 8421.2 0. 0 0
44.697 1 BAT 0 0 0 0 1 51 51 0
44.732 1 GPS 0 0 0 0 0 0 0 0 0 0 1
44.762 1 FBW_STATUS 2 0 1 0 0
44.770 1 NAVIGATION 0 1 0. 0. 8421.2 0. 0 0
44.780 1 ATTITUDE 2.58374 -2.000732 -0.824463
44.880 1 ATTITUDE 2.590332 -1.996338 -0.840332
44.886 1 DESIRED 0.3 0.5 4.2 -80. -45. 815. 2.
44.889 1 IMU_GYRO -0.027588 0.028564 -0.102051
44.980 1 ATTITUDE 2.591309 -1.998047 -0.846436
44.985 1 GPS 0 0 0 0 0 0 0 0 0 0 1
45.014 1 NAVIGATION 0 1 0. 0. 8421.2 0. 0 0
45.080 1 ATTITUDE 2.591797 -2.003174 -0.843262
45.087 1 DESIRED 0.3 0.5 4.2 -80. -45. 815. 2.
45.088 1 ESTIMATOR 0. 0.
45.180 1 ATTITUDE 2.573975 -1.988525 -0.858154
45.183 1 WP_MOVED 5 506402.3125 3566363.25 820. 12
45.232 1 GPS 0 0 0 0 0 0 0 0 0 0 1
45.264 1 NAVIGATION 0 1 0. 0. 8421.2 0. 0 0
45.280 1 ATTITUDE 2.559326 -1.985352 -0.860596
45.286 1 DESIRED 0.3 0.5 4.2 -80. -45. 815. 2.
45.289 1 IMU_MAG -1.59668 -0.205078 1.619629
45.291 1 DOWNLINK 4 824 1939
45.380 1 ATTITUDE 2.563965 -2.001465 -0.844482
45.383 1 IMU_ACCEL 9.256836 -3.426758 -0.982422
45.480 1 ATTITUDE 2.549561 -1.982666 -0.851562
45.486 1 DESIRED 0.3 0.5 4.2 -80. -45. 815. 2.
45.491 1 GPS 0 0 0 0 0 0 0 0 0 0 1
45.494 1 IMU_GYRO 0.029785 0.005127 -0.033936
45.497 1 GPS_SOL 0 0 0 0
45.514 1 NAVIGATION 0 1 0. 0. 8421.2 0. 0 0
45.581 1 ATTITUDE 2.548828 -1.985352 -0.853516
45.582 1 ESTIMATOR 0. 0.
45.677 1 DOWNLINK_STATUS 33 27174 1220 0 814. 36. 2.66
45.680 1 ATTITUDE 2.553467 -1.987305 -0.848877
45.686 1 DESIRED 0.3 0.5 4.2 -80. -45. 815. 2.
45.689 1 WP_MOVED 6 506374.40625 3566337.75 820. 12
45.695 1 NAVIGATION 0 1 0. 0. 8421.2 0. 0 0
45.732 1 GPS 0 0 0 0 0 0 0 0 0 0 1
45.764 1 NAVIGATION 0 1 0. 0. 8421.2 0. 0 0
45.780 1 ATTITUDE 2.562744 -1.999756 -0.844727
45.783 1 BAT 0 0 0 0 1 53 53 0
45.880 1 ATTITUDE 2.566406 -2.001465 -0.8396
45.887 1 DESIRED 0.3 0.5 4.2 -80. -45. 815. 2.
45.887 1 DL_VALUE 11 1.
45.980 1 ATTITUDE 2.57251 -2.005371 -0.834961
45.985 1 GPS 0 0 0 0 0 0 0 0 0 0 1
46.014 1 NAVIGATION 0 1 0. 0. 8421.2 0. 0 0
46.080 1 ATTITUDE 2.57666 -2.003174 -0.8396
46.087 1 DESIRED 0.3 0.5 4.2 -80. -45. 815. 2.
46.088 1 ESTIMATOR 0. 0.
46.091 1 IMU_GYRO -0.051025 -0.028564 -0.105225
46.093 1 CALIBRATION -150. 0
46.180 1 ATTITUDE 2.584961 -2.005371 -0.837646
46.183 1 WP_MOVED 7 506350.5 3566270.75 805. 12
46.186 1 IMU_ACCEL 9.060547 -3.580078 -1.144531
46.232 1 GPS 0 0 0 0 0 0 0 0 0 0 1
46.264 1 NAVIGATION 0 1 0. 0. 8421.2 0. 0 0
46.280 1 ATTITUDE 2.581055 -1.997314 -0.8396
46.287 1 DESIRED 0.3 0.5 4.2 -80. -45. 815. 2.
46.380 1 ATTITUDE 2.585693 -1.997803 -0.839355
46.383 1 ENERGY 0. 0. 0 0.
46.480 1 ATTITUDE 2.580566 -1.987305 -0.846436
46.486 1 DESIRED 0.3 0.5 4.2 -80. -45. 815. 2.
46.491 1 GPS 0 0 0 0 0 0 0 0 0 0 1
46.514 1 NAVIGATION 0 1 0. 0. 8421.2 0. 0 0
46.581 1 ATTITUDE 2.58252 -1.992188 -0.841064
46.582 1 ESTIMATOR 0. 0.
46.585 1 IMU_MAG -1.608887 -0.205078 1.645996
46.587 1 STATE_FILTER_STATUS 3 0
46.678 1 DOWNLINK_STATUS 34 27979 1256 0 805. 36. 2.66
46.680 1 ATTITUDE 2.584473 -1.99585 -0.837646
46.686 1 DESIRED 0.3 0.5 4.2 -80. -45. 815. 2.
46.689 1 WP_MOVED 8 506254.8125 3566257.5 815. 12
46.692 1 IMU_GYRO -0.008301 0.090332 0.02124
46.697 1 NAVIGATION 0 1 0. 0. 8421.2 0. 0 0
46.732 1 GPS 0 0 0 0 0 0 0 0 0 0 1
46.762 1 FBW_STATUS 2 0 1 0 0
46.767 1 NAVIGATION 0 1 0. 0. 8421.2 0. 0 0
46.780 1 ATTITUDE 2.582275 -1.993164 -0.8396
46.880 1 ATTITUDE 2.583984 -1.996094 -0.837402
46.886 1 DESIRED 0.3 0.5 4.2 -80. -45. 815. 2.
46.889 1 BAT 0 0 0 0 1 54 54 0
46.980 1 ATTITUDE 2.571533 -1.980469 -0.846924
46.985 1 GPS 0 0 0 0 0 0 0 0 0 0 1
46.988 1 IMU_ACCEL 8.973633 -3.609375 -1.086914
47.014 1 NAVIGATION 0 1 0. 0. 8421.2 0. 0 0
47.081 1 ATTITUDE 2.568359 -1.978271 -0.847412
47.087 1 DESIRED 0.3 0.5 4.2 -80. -45. 815. 2.
47.088 1 ESTIMATOR 0. 0.
47.180 1 ATTITUDE 2.566162 -1.976562 -0.849121
47.183 1 WP_MOVED 9 506213.8125 3566287.5 815. 12
47.232 1 GPS 0 0 0 0 0 0 0 0 0 0 1
47.264 1 NAVIGATION 0 1 0. 0. 8421.2 0. 0 0
47.280 1 ATTITUDE 2.5625 -1.97583 -0.851562
47.287 1 DESIRED 0.3 0.5 4.2 -80. -45. 815. 2.
47.289 1 IMU_GYRO 0.025391 0.109375 -0.00415
47.381 1 ATTITUDE 2.557861 -1.974121 -0.855713
47.382 1 DL_VALUE 0 0.
47.480 1 ATTITUDE 2.558838 -1.975586 -0.85498
47.485 1 DESIRED 0.3 0.5 4.2 -80. -45. 815. 2.
47.491 1 GPS 0 0 0 0 0 0 0 0 0 0 1
47.494 1 GPS_SOL 0 0 0 0
47.514 1 NAVIGATION 0 1 0. 0. 8421.2 0. 0 0
47.581 1 ATTITUDE 2.560059 -1.977295 -0.855225
47.582 1 ESTIMATOR 0. 0.
47.678 1 DOWNLINK_STATUS 35 28775 1291 0 796. 35. 2.66
47.680 1 ATTITUDE 2.559814 -1.978027 -0.854736
47.685 1 DESIRED 0.3 0.5 4.2 -80. -45. 815. 2.
47.689 1 WP_MOVED 0 506377. 3566344. 757. 12
47.693 1 NAVIGATION 0 1 0. 0. 8421.2 0. 0 0
47.732 1 GPS 0 0 0 0 0 0 0 0 0 0 1
47.765 1 NAVIGATION 0 1 0. 0. 8421.2 0. 0 0
47.780 1 ATTITUDE 2.562012 -1.979492 -0.85376
47.783 1 IMU_ACCEL 8.973633 -3.426758 -0.930664
47.862 1 COMMANDS 0,9600,-7447,0
47.881 1 ATTITUDE 2.562012 -1.980469 -0.85376
47.885 1 DESIRED 0.3 0.5 4.2 -80. -45. 815. 2.
47.889 1 IMU_GYRO -0.027588 -0.011475 -0.003174
47.892 1 IMU_MAG -1.611328 -0.199707 1.631348
47.962 1 ACTUATORS 1000,2000,1416,1500
47.980 1 ATTITUDE 2.561279 -1.980225 -0.851562
47.985 1 GPS 0 0 0 0 0 0 0 0 0 0 1
47.989 1 BAT 0 0 0 0 1 55 55 0
48.014 1 NAVIGATION 0 1 0. 0. 8421.2 0. 0 0
48.080 1 ATTITUDE 2.561035 -1.980713 -0.851562
48.085 1 DESIRED 0.3 0.5 4.2 -80. -45. 815. 2.
48.088 1 ESTIMATOR 0. 0.
48.163 1 PONG 
48.180 1 ATTITUDE 2.560059 -1.980225 -0.850342
48.183 1 WP_MOVED 1 506335. 3566302. 765. 12
48.185 1 CALIBRATION -150. 0
48.232 1 GPS 0 0 0 0 0 0 0 0 0 0 1
48.264 1 NAVIGATION 0 1 0. 0. 8421.2 0. 0 0
48.279 1 ATTITUDE 2.562012 -1.981201 -0.846191
48.285 1 DESIRED 0.3 0.5 4.2 -80. -45. 815. 2.
48.380 1 ATTITUDE 2.561279 -1.981689 -0.842529
48.382 1 NAVIGATION_REF 506335 3566302 12
48.479 1 ATTITUDE 2.560547 -1.982422 -0.83667
48.485 1 DESIRED 0.3 0.5 4.2 -80. -45. 815. 2.
48.491 1 GPS 0 0 0 0 0 0 0 0 0 0 1
48.495 1 IMU_GYRO -0.001953 -0.17334 -0.018066
48.514 1 NAVIGATION 0 1 0. 0. 8421.2 0. 0 0
48.581 1 ATTITUDE 2.567871 -1.987549 -0.831055
48.582 1 ESTIMATOR 0. 0.
48.585 1 IMU_ACCEL 8.955078 -3.484375 -1.125
48.679 1 DOWNLINK_STATUS 36 29627 1330 0 852. 39. 2.79
48.682 1 ATTITUDE 2.565186 -1.980225 -0.835938
48.685 1 DESIRED 0.3 0.5 4.2 -80. -45. 815. 2.
48.689 1 WP_MOVED 2 506254.8125 3566257.5 815. 12
48.693 1 NAVIGATION 0 1 0. 0. 8421.2 0. 0 0
48.732 1 GPS 0 0 0 0 0 0 0 0 0 0 1
