18.146 1 GPS 0 1130805120 0 0 -17000 0 0 0 45750 12 7
18.179 1 NAVIGATION 0 1 10804865. -3567889. 1.2947394501e+14 1.29474934866e+14 0 0
18.194 1 ATTITUDE 2.570801 -1.065918 0.389404
18.200 1 DESIRED -0.74 1.22 5. 11. -106. 755. 2.
18.203 1 IMU_GYRO -0.010498 0.00415 0.018066
18.294 1 ATTITUDE 2.570801 -1.065674 0.389404
18.297 1 IMU_ACCEL -2.46875 -4.900391 -8.296875
18.299 1 DL_VALUE 0 0.
18.300 1 STATE_FILTER_STATUS 3 0
18.394 1 ATTITUDE 2.570801 -1.065674 0.389404
18.400 1 DESIRED -0.74 1.22 5. 11. -106. 755. 2.
18.405 1 GPS 0 1130805120 0 0 -17000 0 0 0 46000 12 8
18.408 1 GPS_SOL 795631232 100124 9999 0
18.429 1 NAVIGATION 0 1 10804865. -3567889. 1.2947394501e+14 1.29474934866e+14 0 0
18.488 1 DOWNLINK_STATUS 5 4103 184 0 896. 41. 0.
18.494 1 ATTITUDE 2.571045 -1.065674 0.389404
18.496 1 ESTIMATOR -17. 0.
18.597 1 ATTITUDE 2.571045 -1.065674 0.389404
18.600 1 DESIRED -0.74 1.22 5. 11. -106. 755. 2.
18.603 1 WP_MOVED 2 503197.09375 3567783. 755. 12
18.608 1 NAVIGATION 0 1 10804865. -3567889. 1.2947394501e+14 1.29474934866e+14 0 0
18.611 1 BAT 0 0 0 0 1 216 45 0
18.646 1 GPS 0 1130805120 0 0 -17000 0 0 0 46250 12 9
18.682 1 NAVIGATION 0 1 10804865. -3567889. 1.2947394501e+14 1.29474934866e+14 0 0
18.694 1 ATTITUDE 2.570801 -1.065918 0.389404
18.795 1 ATTITUDE 2.571045 -1.065918 0.389404
18.801 1 DESIRED -0.74 1.22 5. 11. -106. 755. 2.
18.803 1 IMU_GYRO -0.012695 0.005127 0.016846
18.805 1 CALIBRATION -150. 0
18.895 1 ATTITUDE 2.570801 -1.065674 0.389404
18.899 1 GPS 0 1130805120 0 0 -17000 0 0 0 46500 12 10
18.929 1 NAVIGATION 0 1 10804865. -3567889. 1.2947394501e+14 1.29474934866e+14 0 0
18.987 1 PONG 
18.994 1 ATTITUDE 2.570801 -1.065918 0.389404
19.001 1 DESIRED -0.74 1.22 5. 11. -106. 755. 2.
19.002 1 ESTIMATOR -17. 0.
19.094 1 ATTITUDE 2.570801 -1.065918 0.389404
19.097 1 WP_MOVED 0 503228. 3567931. 755. 12
19.100 1 IMU_ACCEL -2.458984 -4.900391 -8.268555
19.147 1 GPS 0 1130805120 0 0 -17000 0 0 0 46750 12 11
19.179 1 NAVIGATION 0 1 10804865. -3567889. 1.2947394501e+14 1.29474934866e+14 0 0
19.195 1 ATTITUDE 2.571045 -1.065918 0.389404
19.201 1 DESIRED -0.74 1.22 5. 11. -106. 755. 2.
19.295 1 ATTITUDE 2.571045 -1.065918 0.389404
19.299 1 IMU_MAG -0.634277 -1.218262 0.799805
19.300 1 NAVIGATION_REF 503186 3567889 12
19.395 1 ATTITUDE 2.571045 -1.065918 0.389404
19.401 1 DESIRED -0.74 1.22 5. 11. -106. 755. 2.
19.405 1 GPS 0 1130805120 0 0 -17000 0 0 0 47000 12 12
19.408 1 IMU_GYRO -0.010498 0.001953 0.018066
19.429 1 NAVIGATION 0 1 10804865. -3567889. 1.2947394501e+14 1.29474934866e+14 0 0
19.488 1 DOWNLINK_STATUS 6 4907 220 0 804. 36. 2.53
19.494 1 ATTITUDE 2.571045 -1.065674 0.389404
19.496 1 ESTIMATOR -17. 0.
19.594 1 ATTITUDE 2.571289 -1.065674 0.389404
19.601 1 DESIRED -0.74 1.22 5. 11. -106. 755. 2.
19.603 1 WP_MOVED 1 503186. 3567889. 755. 12
19.608 1 NAVIGATION 0 1 10804865. -3567889. 1.2947394501e+14 1.29474934866e+14 0 0
19.647 1 GPS 0 1130805120 0 0 -17000 0 0 0 47250 12 13
19.676 1 FBW_STATUS 2 0 1 0 0
19.682 1 NAVIGATION 0 1 10804865. -3567889. 1.2947394501e+14 1.29474934866e+14 0 0
19.694 1 ATTITUDE 2.571045 -1.065918 0.389404
19.697 1 BAT 0 0 0 0 1 218 47 0
19.795 1 ATTITUDE 2.571045 -1.065918 0.389648
19.801 1 DESIRED -0.74 1.22 5. 11. -106. 755. 2.
19.801 1 DL_VALUE 1 0.
19.895 1 ATTITUDE 2.571045 -1.06543 0.389404
19.900 1 GPS 0 1130805120 0 0 -17000 0 0 0 47500 12 14
19.902 1 IMU_ACCEL -2.458984 -4.895508 -8.287109
19.929 1 NAVIGATION 0 1 10804865. -3567889. 1.2947394501e+14 1.29474934866e+14 0 0
19.995 1 ATTITUDE 2.571045 -1.065674 0.389648
20.001 1 DESIRED -0.74 1.22 5. 11. -106. 755. 2.
20.002 1 ESTIMATOR -17. 0.
20.005 1 IMU_GYRO -0.010498 0.00415 0.015869
20.095 1 ATTITUDE 2.571045 -1.065674 0.389648
20.099 1 WP_MOVED 2 503197.09375 3567783. 755. 12
20.148 1 GPS 0 1130805120 0 0 -17000 0 0 0 47750 12 15
20.178 1 NAVIGATION 0 1 10804865. -3567889. 1.2947394501e+14 1.29474934866e+14 0 0
20.194 1 ATTITUDE 2.571045 -1.065674 0.389648
20.201 1 DESIRED -0.74 1.22 5. 11. -106. 755. 2.
20.295 1 ATTITUDE 2.571045 -1.065674 0.389648
20.297 1 ENERGY 0. 0. 0 0.
20.394 1 ATTITUDE 2.571045 -1.065674 0.389648
20.400 1 DESIRED -0.74 1.22 5. 11. -106. 755. 2.
20.405 1 GPS 0 1130805120 0 0 -17000 0 0 0 48000 12 16
20.408 1 GPS_SOL 795632960 100129 9999 0
20.429 1 NAVIGATION 0 1 10804865. -3567889. 1.2947394501e+14 1.29474934866e+14 0 0
20.489 1 DOWNLINK_STATUS 7 5705 255 0 798. 35. 2.53
20.494 1 ATTITUDE 2.571045 -1.065674 0.389648
20.496 1 ESTIMATOR -17. 0.
20.498 1 STATE_FILTER_STATUS 3 0
20.594 1 ATTITUDE 2.571045 -1.065186 0.389648
20.600 1 DESIRED -0.74 1.22 5. 11. -106. 755. 2.
20.603 1 WP_MOVED 0 503228. 3567931. 755. 12
20.606 1 IMU_GYRO -0.008301 0.003174 0.015869
20.612 1 NAVIGATION 0 1 10804865. -3567889. 1.2947394501e+14 1.29474934866e+14 0 0
20.647 1 GPS 0 1130805120 0 0 -17000 0 0 0 48250 12 1
20.679 1 NAVIGATION 0 1 10804865. -3567889. 1.2947394501e+14 1.29474934866e+14 0 0
20.694 1 ATTITUDE 2.571045 -1.065186 0.389404
20.697 1 IMU_ACCEL -2.463867 -4.885742 -8.291992
20.794 1 ATTITUDE 2.571289 -1.065186 0.389404
20.800 1 DESIRED -0.74 1.22 5. 11. -106. 755. 2.
20.803 1 BAT 0 0 0 0 1 219 48 0
20.894 1 ATTITUDE 2.571289 -1.065186 0.389404
20.899 1 GPS 0 1130805120 0 0 -17000 0 0 0 48500 12 2
20.901 1 CALIBRATION -150. 0
20.928 1 NAVIGATION 0 1 10804865. -3567889. 1.2947394501e+14 1.29474934866e+14 0 0
20.994 1 ATTITUDE 2.571045 -1.06543 0.389404
21.000 1 DESIRED -0.74 1.22 5. 11. -106. 755. 2.
21.002 1 ESTIMATOR -17. 0.
21.094 1 ATTITUDE 2.571289 -1.065674 0.389648
21.097 1 WP_MOVED 1 503186. 3567889. 755. 12
21.147 1 GPS 0 1130805120 0 0 -17000 0 0 0 48750 12 3
21.178 1 NAVIGATION 0 1 10804865. -3567889. 1.2947394501e+14 1.29474934866e+14 0 0
21.195 1 ATTITUDE 2.571045 -1.065918 0.389404
21.200 1 DESIRED -0.74 1.22 5. 11. -106. 755. 2.
21.204 1 IMU_GYRO -0.008301 0.003174 0.015869
21.294 1 ATTITUDE 2.571045 -1.065918 0.389648
21.295 1 DL_VALUE 2 755.
21.395 1 ATTITUDE 2.571045 -1.065918 0.389648
21.400 1 DESIRED -0.74 1.22 5. 11. -106. 755. 2.
21.408 1 GPS 0 1130805120 0 0 -17000 0 0 0 49000 12 4
21.429 1 NAVIGATION 0 1 10804865. -3567889. 1.2947394501e+14 1.29474934866e+14 0 0
21.490 1 DOWNLINK_STATUS 8 6490 290 0 785. 35. 2.53
21.494 1 ATTITUDE 2.571045 -1.066162 0.389648
21.496 1 ESTIMATOR -17. 0.
21.500 1 IMU_ACCEL -2.478516 -4.900391 -8.287109
21.594 1 ATTITUDE 2.571045 -1.066162 0.389648
21.600 1 DESIRED -0.74 1.22 5. 11. -106. 755. 2.
21.604 1 WP_MOVED 2 503197.09375 3567783. 755. 12
21.608 1 NAVIGATION 0 1 10804865. -3567889. 1.2947394501e+14 1.29474934866e+14 0 0
21.648 1 GPS 0 1130805120 0 0 -17000 0 0 0 49250 12 5
21.676 1 FBW_STATUS 2 0 1 0 0
21.681 1 NAVIGATION 0 1 10804865. -3567889. 1.2947394501e+14 1.29474934866e+14 0 0
21.694 1 ATTITUDE 2.571289 -1.066162 0.389648
21.776 1 COMMANDS 0,-9600,4578
21.795 1 ATTITUDE 2.571045 -1.066406 0.389648
21.800 1 DESIRED -0.74 1.22 5. 11. -106. 755. 2.
21.803 1 IMU_GYRO -0.010498 0.00415 0.015869
21.876 1 ACTUATORS 1000,1085,1466
21.896 1 ATTITUDE 2.571045 -1.066162 0.389648
21.900 1 GPS 0 1130805120 0 0 -17000 0 0 0 49500 12 6
21.903 1 BAT 0 0 0 0 1 220 49 0
21.906 1 IMU_MAG -0.636719 -1.218262 0.796875
21.929 1 NAVIGATION 0 1 10804865. -3567889. 1.2947394501e+14 1.29474934866e+14 0 0
21.994 1 ATTITUDE 2.571045 -1.065918 0.389648
22.000 1 DESIRED -0.74 1.22 5. 11. -106. 755. 2.
22.002 1 ESTIMATOR -17. 0.
22.094 1 ATTITUDE 2.571045 -1.065674 0.389648
22.097 1 WP_MOVED 0 503228. 3567931. 755. 12
22.148 1 GPS 0 1130805120 0 0 -17000 0 0 0 49750 12 7
22.179 1 NAVIGATION 0 1 10804865. -3567889. 1.2947394501e+14 1.29474934866e+14 0 0
22.193 1 ATTITUDE 2.571289 -1.065674 0.389648
22.200 1 DESIRED -0.74 1.22 5. 11. -106. 755. 2.
22.293 1 ATTITUDE 2.571045 -1.06543 0.389648
22.297 1 IMU_ACCEL -2.454102 -4.890625 -8.311523
22.393 1 ATTITUDE 2.571289 -1.06543 0.389648
22.400 1 DESIRED -0.74 1.22 5. 11. -106. 755. 2.
22.405 1 GPS 0 1130805120 0 0 -17000 0 0 0 50000 12 8
22.408 1 IMU_GYRO -0.012695 0.00415 0.015869
22.411 1 GPS_SOL 795634688 100135 9999 0
22.429 1 NAVIGATION 0 1 10804865. -3567889. 1.2947394501e+14 1.29474934866e+14 0 0
22.491 1 DOWNLINK_STATUS 9 7337 328 0 847. 38. 2.53
22.493 1 ATTITUDE 2.571289 -1.065918 0.389893
22.496 1 ESTIMATOR -17. 0.
22.498 1 DOWNLINK 25 823 8121
22.594 1 ATTITUDE 2.571289 -1.065674 0.389893
22.600 1 DESIRED -0.74 1.22 5. 11. -106. 755. 2.
22.605 1 WP_MOVED 1 503186. 3567889. 755. 12
22.608 1 NAVIGATION 0 1 10804865. -3567889. 1.2947394501e+14 1.29474934866e+14 0 0
22.648 1 GPS 0 1130805120 0 0 -17000 0 0 0 50250 12 9
22.679 1 NAVIGATION 0 1 10804865. -3567889. 1.2947394501e+14 1.29474934866e+14 0 0
22.694 1 ATTITUDE 2.571533 -1.065186 0.389893
22.695 1 STATE_FILTER_STATUS 3 0
22.794 1 ATTITUDE 2.571533 -1.065186 0.389893
22.800 1 DESIRED -0.74 1.22 5. 11. -106. 755. 2.
22.801 1 DL_VALUE 3 0.
22.805 1 ENERGY 0. 0. 0 0.
22.893 1 ATTITUDE 2.571533 -1.065186 0.389893
22.900 1 GPS 0 1130805120 0 0 -17000 0 0 0 50500 12 10
22.904 1 ALIVE 202,233,219,16,31,75,154,108,154,116,222,5,16,81,225,166
22.929 1 NAVIGATION 0 1 10804865. -3567889. 1.2947394501e+14 1.29474934866e+14 0 0
22.993 1 ATTITUDE 2.571533 -1.065186 0.389893
23.000 1 DESIRED -0.74 1.22 5. 11. -106. 755. 2.
23.002 1 ESTIMATOR -17. 0.
23.005 1 IMU_GYRO -0.012695 0.00415 0.015869
23.008 1 BAT 0 0 0 0 1 221 50 0
23.010 1 CALIBRATION -150. 0
23.012 1 PPRZ_MODE 2 3 3 0 0 6
23.093 1 ATTITUDE 2.571777 -1.06543 0.389893
23.097 1 WP_MOVED 2 503197.09375 3567783. 755. 12
23.100 1 IMU_ACCEL -2.483398 -4.90918 -8.282227
23.150 1 GPS 0 1130805120 0 0 -17000 0 0 0 50750 12 11
23.178 1 NAVIGATION 0 1 10804865. -3567889. 1.2947394501e+14 1.29474934866e+14 0 0
23.193 1 ATTITUDE 2.571777 -1.06543 0.390137
23.200 1 DESIRED -0.74 1.22 5. 11. -106. 755. 2.
23.202 1 IMU_MAG -0.631836 -1.221191 0.793945
23.295 1 ATTITUDE 2.571777 -1.06543 0.390137
23.394 1 ATTITUDE 2.571777 -1.065674 0.389893
23.400 1 DESIRED -0.74 1.22 5. 11. -106. 755. 2.
23.406 1 GPS 0 1130805120 0 0 -17000 0 0 0 51000 12 12
23.429 1 NAVIGATION 0 1 10804865. -3567889. 1.2947394501e+14 1.29474934866e+14 0 0
23.491 1 DOWNLINK_STATUS 10 8188 367 0 851. 39. 2.53
23.493 1 ATTITUDE 2.571777 -1.065918 0.389893
23.496 1 ESTIMATOR -17. 0.
23.593 1 ATTITUDE 2.571777 -1.065918 0.389893
23.600 1 DESIRED -0.74 1.22 5. 11. -106. 755. 2.
23.603 1 WP_MOVED 0 503228. 3567931. 755. 12
23.606 1 IMU_GYRO -0.008301 0.00415 0.015869
23.611 1 NAVIGATION 0 1 10804865. -3567889. 1.2947394501e+14 1.29474934866e+14 0 0
23.650 1 GPS 0 1130805120 0 0 -17000 0 0 0 51250 12 13
23.676 1 FBW_STATUS 2 0 1 0 0
23.681 1 NAVIGATION 0 1 10804865. -3567889. 1.2947394501e+14 1.29474934866e+14 0 0
23.693 1 ATTITUDE 2.571777 -1.065918 0.389893
23.793 1 ATTITUDE 2.572021 -1.066162 0.389893
23.800 1 DESIRED -0.74 1.22 5. 11. -106. 755. 2.
23.893 1 ATTITUDE 2.572021 -1.066162 0.389893
23.900 1 GPS 0 1130805120 0 0 -17000 0 0 0 51500 12 14
23.902 1 IMU_ACCEL -2.488281 -4.900391 -8.296875
23.929 1 NAVIGATION 0 1 10804865. -3567889. 1.2947394501e+14 1.29474934866e+14 0 0
23.989 1 PONG 
23.993 1 ATTITUDE 2.572021 -1.065918 0.389893
24.000 1 DESIRED -0.74 1.22 5. 11. -106. 755. 2.
24.002 1 ESTIMATOR -17. 0.
24.093 1 ATTITUDE 2.572021 -1.065674 0.389893
24.097 1 WP_MOVED 1 503186. 3567889. 755. 12
24.100 1 BAT 0 0 0 0 1 222 51 0
24.147 1 GPS 0 1130805120 0 0 -17000 0 0 0 51750 12 15
24.178 1 NAVIGATION 0 1 10804865. -3567889. 1.2947394501e+14 1.29474934866e+14 0 0
24.193 1 ATTITUDE 2.572021 -1.06543 0.389893
24.200 1 DESIRED -0.74 1.22 5. 11. -106. 755. 2.
24.202 1 IMU_GYRO -0.008301 0.001953 0.016846
24.293 1 ATTITUDE 2.572021 -1.06543 0.389893
24.295 1 DL_VALUE 4 0.
24.393 1 ATTITUDE 2.572021 -1.06543 0.389893
24.400 1 DESIRED -0.74 1.22 5. 11. -106. 755. 2.
24.405 1 GPS 0 1130805120 0 0 -17000 0 0 0 52000 12 16
24.408 1 GPS_SOL 795636544 100141 9999 0
24.429 1 NAVIGATION 0 1 10804865. -3567889. 1.2947394501e+14 1.29474934866e+14 0 0
24.491 1 DOWNLINK_STATUS 11 8990 403 0 802. 36. 3.52
24.493 1 ATTITUDE 2.572021 -1.06543 0.389893
24.496 1 ESTIMATOR -17. 0.
24.499 1 IMU_MAG -0.631836 -1.218262 0.796875
24.593 1 ATTITUDE 2.572266 -1.06543 0.390137
24.600 1 DESIRED -0.74 1.22 5. 11. -106. 755. 2.
24.603 1 WP_MOVED 2 503197.09375 3567783. 755. 12
24.608 1 NAVIGATION 0 1 10804865. -3567889. 1.2947394501e+14 1.29474934866e+14 0 0
24.646 1 GPS 0 1130805120 0 0 -17000 0 0 0 52250 12 1
24.678 1 NAVIGATION 0 1 10804865. -3567889. 1.2947394501e+14 1.29474934866e+14 0 0
24.693 1 ATTITUDE 2.572021 -1.06543 0.390137
24.696 1 IMU_ACCEL -2.473633 -4.905273 -8.27832
24.793 1 ATTITUDE 2.572266 -1.06543 0.390137
24.800 1 DESIRED -0.74 1.22 5. 11. -106. 755. 2.
24.802 1 IMU_GYRO -0.012695 0.00415 0.015869
24.893 1 ATTITUDE 2.572266 -1.06543 0.390381
24.899 1 GPS 0 1130805120 0 0 -17000 0 0 0 52500 12 2
24.901 1 STATE_FILTER_STATUS 3 0
24.928 1 NAVIGATION 0 1 10804865. -3567889. 1.2947394501e+14 1.29474934866e+14 0 0
24.993 1 ATTITUDE 2.572266 -1.06543 0.390381
25.000 1 DESIRED -0.74 1.22 5. 11. -106. 755. 2.
25.002 1 ESTIMATOR -17. 0.
25.093 1 ATTITUDE 2.572266 -1.065918 0.390381
25.097 1 WP_MOVED 0 503228. 3567931. 755. 12
25.099 1 CALIBRATION -150. 0
25.147 1 GPS 0 1130805120 0 0 -17000 0 0 0 52750 12 3
25.178 1 NAVIGATION 0 1 10804865. -3567889. 1.2947394501e+14 1.29474934866e+14 0 0
25.193 1 ATTITUDE 2.572266 -1.065918 0.390381
25.200 1 DESIRED -0.74 1.22 5. 11. -106. 755. 2.
25.203 1 BAT 0 0 0 0 1 223 52 0
25.293 1 ATTITUDE 2.572266 -1.065918 0.390381
25.297 1 ENERGY 0. 0. 0 0.
25.394 1 ATTITUDE 2.572266 -1.066162 0.390381
25.400 1 DESIRED -0.74 1.22 5. 11. -106. 755. 2.
25.405 1 GPS 0 1130805120 0 0 -17000 0 0 0 53000 12 4
25.408 1 IMU_GYRO -0.014893 0.006348 0.013672
25.428 1 NAVIGATION 0 1 10804865. -3567889. 1.2947394501e+14 1.29474934866e+14 0 0
25.491 1 DOWNLINK_STATUS 12 9802 439 0 812. 36. 3.52
25.493 1 ATTITUDE 2.572266 -1.066162 0.390381
25.496 1 ESTIMATOR -17. 0.
25.499 1 IMU_ACCEL -2.463867 -4.890625 -8.306641
25.593 1 ATTITUDE 2.572021 -1.066406 0.390381
25.600 1 DESIRED -0.74 1.22 5. 11. -106. 755. 2.
25.603 1 WP_MOVED 1 503186. 3567889. 755. 12
25.608 1 NAVIGATION 0 1 10804865. -3567889. 1.2947394501e+14 1.29474934866e+14 0 0
25.646 1 GPS 0 1130805120 0 0 -17000 0 0 0 53250 12 5
25.676 1 FBW_STATUS 2 0 1 0 0
25.680 1 NAVIGATION 0 1 10804865. -3567889. 1.2947394501e+14 1.29474934866e+14 0 0
25.693 1 ATTITUDE 2.572021 -1.066162 0.390381
25.793 1 ATTITUDE 2.572021 -1.066162 0.390381
25.800 1 DESIRED -0.74 1.22 5. 11. -106. 755. 2.
25.802 1 IMU_MAG -0.629395 -1.215332 0.811035
25.804 1 DL_VALUE 5 0.
25.893 1 ATTITUDE 2.572021 -1.066162 0.390381
25.899 1 GPS 0 1130805120 0 0 -17000 0 0 0 53500 12 6
25.928 1 NAVIGATION 0 1 10804865. -3567889. 1.2947394501e+14 1.29474934866e+14 0 0
25.993 1 ATTITUDE 2.572021 -1.065918 0.390381
26.000 1 DESIRED -0.74 1.22 5. 11. -106. 755. 2.
26.002 1 ESTIMATOR -17. 0.
26.005 1 IMU_GYRO -0.016846 0.005127 0.015869
26.093 1 ATTITUDE 2.572266 -1.065918 0.390381
26.097 1 WP_MOVED 2 503197.09375 3567783. 755. 12
26.146 1 GPS 0 1130805120 0 0 -17000 0 0 0 53750 12 7
26.178 1 NAVIGATION 0 1 10804865. -3567889. 1.2947394501e+14 1.29474934866e+14 0 0
26.193 1 ATTITUDE 2.572266 -1.066162 0.390381
26.199 1 DESIRED -0.74 1.22 5. 11. -106. 755. 2.
26.293 1 ATTITUDE 2.572021 -1.065918 0.390381
26.296 1 IMU_ACCEL -2.46875 -4.890625 -8.311523
26.300 1 BAT 0 0 0 0 1 224 53 0
26.393 1 ATTITUDE 2.572021 -1.065674 0.390381
26.400 1 DESIRED -0.74 1.22 5. 11. -106. 755. 2.
26.405 1 GPS 0 1130805120 0 0 -17000 0 0 0 54000 12 8
26.408 1 GPS_SOL 795638528 100146 9999 0
26.429 1 NAVIGATION 0 1 10804865. -3567889. 1.2947394501e+14 1.29474934866e+14 0 0
26.492 1 DOWNLINK_STATUS 13 10616 475 0 814. 36. 3.52
26.493 1 ATTITUDE 2.572021 -1.065674 0.390381
26.496 1 ESTIMATOR -17. 0.
26.594 1 ATTITUDE 2.572266 -1.065674 0.390381
26.600 1 DESIRED -0.74 1.22 5. 11. -106. 755. 2.
26.604 1 WP_MOVED 0 503228. 3567931. 755. 12
26.606 1 IMU_GYRO -0.008301 0.00415 0.015869
26.610 1 NAVIGATION 0 1 10804865. -3567889. 1.2947394501e+14 1.29474934866e+14 0 0
26.647 1 GPS 0 1130805120 0 0 -17000 0 0 0 54250 12 9
26.678 1 NAVIGATION 0 1 10804865. -3567889. 1.2947394501e+14 1.29474934866e+14 0 0
26.693 1 ATTITUDE 2.572266 -1.06543 0.390381
26.776 1 COMMANDS 0,-9600,4576
26.793 1 ATTITUDE 2.572266 -1.065674 0.390381
26.800 1 DESIRED -0.74 1.22 5. 11. -106. 755. 2.
26.876 1 ACTUATORS 1000,1085,1466
26.893 1 ATTITUDE 2.572021 -1.065674 0.390381
26.899 1 GPS 0 1130805120 0 0 -17000 0 0 0 54500 12 10
26.929 1 NAVIGATION 0 1 10804865. -3567889. 1.2947394501e+14 1.29474934866e+14 0 0
26.994 1 ATTITUDE 2.572021 -1.06543 0.390625
27.000 1 DESIRED -0.74 1.22 5. 11. -106. 755. 2.
27.002 1 ESTIMATOR -17. 0.
27.093 1 ATTITUDE 2.572021 -1.065186 0.390625
27.097 1 WP_MOVED 1 503186. 3567889. 755. 12
27.100 1 IMU_ACCEL -2.498047 -4.875977 -8.253906
27.103 1 IMU_MAG -0.629395 -1.224121 0.802734
27.104 1 STATE_FILTER_STATUS 3 0
27.146 1 GPS 0 1130805120 0 0 -17000 0 0 0 54750 12 11
27.178 1 NAVIGATION 0 1 10804865. -3567889. 1.2947394501e+14 1.29474934866e+14 0 0
27.194 1 ATTITUDE 2.572266 -1.06543 0.390625
27.200 1 DESIRED -0.74 1.22 5. 11. -106. 755. 2.
27.202 1 IMU_GYRO -0.014893 0.000977 0.018066
27.204 1 CALIBRATION -150. 0
27.293 1 ATTITUDE 2.572266 -1.066162 0.390625
27.295 1 DL_VALUE 6 100.
27.393 1 ATTITUDE 2.57251 -1.065918 0.390625
27.400 1 DESIRED -0.74 1.22 5. 11. -106. 755. 2.
27.405 1 GPS 0 1130805120 0 0 -17000 0 0 0 55000 12 12
27.408 1 BAT 0 0 0 0 1 225 54 0
27.429 1 NAVIGATION 0 1 10804865. -3567889. 1.2947394501e+14 1.29474934866e+14 0 0
27.491 1 DOWNLINK_STATUS 14 11445 513 0 829. 38. 3.52
27.493 1 ATTITUDE 2.57251 -1.06543 0.390625
27.496 1 ESTIMATOR -17. 0.
27.594 1 ATTITUDE 2.572754 -1.06543 0.390869
27.600 1 DESIRED -0.74 1.22 5. 11. -106. 755. 2.
27.605 1 WP_MOVED 2 503197.09375 3567783. 755. 12
27.608 1 NAVIGATION 0 1 10804865. -3567889. 1.2947394501e+14 1.29474934866e+14 0 0
27.609 1 DOWNLINK 25 824 8310
27.647 1 GPS 0 1130805120 0 0 -17000 0 0 0 55250 12 13
27.676 1 FBW_STATUS 2 0 1 0 0
27.680 1 NAVIGATION 0 1 10804865. -3567889. 1.2947394501e+14 1.29474934866e+14 0 0
27.693 1 ATTITUDE 2.57251 -1.06543 0.390625
27.794 1 ATTITUDE 2.57251 -1.065186 0.390869
27.800 1 DESIRED -0.74 1.22 5. 11. -106. 755. 2.
27.803 1 IMU_GYRO -0.010498 0.00415 0.015869
27.807 1 ENERGY 0. 0. 0 0.
27.881 1 SETTING 1 8 1.
27.886 1 DL_VALUE 8 1.
27.894 1 ATTITUDE 2.572754 -1.06543 0.390869
27.899 1 GPS 0 1130805120 0 0 -17000 0 0 0 55500 12 14
27.902 1 IMU_ACCEL -2.488281 -4.90918 -8.296875
27.907 1 ALIVE 202,233,219,16,31,75,154,108,154,116,222,5,16,81,225,166
27.908 1 PPRZ_MODE 3 3 3 0 0 6
27.925 1 PPRZ_MODE 4 3 3 0 0 6
27.931 1 NAVIGATION 0 1 10804865. -3567889. 1.2947394501e+14 1.29474934866e+14 0 0
27.993 1 ATTITUDE 2.572754 -1.06543 0.390625
28.000 1 DESIRED 0.3 1.62 5. 11. -106. 755. 2.
28.001 1 ESTIMATOR -17. 0.
28.004 1 PPRZ_MODE 4 1 2 0 0 6
28.093 1 ATTITUDE 2.573242 -1.065186 0.390625
28.097 1 WP_MOVED 0 503228. 3567931. 755. 12
28.147 1 GPS 0 1130805120 0 0 -17000 0 0 0 55750 12 15
28.178 1 NAVIGATION 0 1 10804865. -3567889. 1.2947394501e+14 1.29474934866e+14 0 0
28.193 1 ATTITUDE 2.573486 -1.064941 0.390625
28.199 1 DESIRED 0.3 1.62 5. 11. -106. 755. 2.
28.293 1 ATTITUDE 2.57373 -1.065186 0.390625
28.296 1 NAVIGATION_REF 503186 3567889 12
28.393 1 ATTITUDE 2.57373 -1.065186 0.390869
28.400 1 DESIRED 0.3 1.62 5. 11. -106. 755. 2.
28.405 1 GPS 0 1130805120 0 0 -17000 0 0 0 56000 12 16
28.408 1 IMU_GYRO -0.010498 0.00415 0.014893
28.411 1 IMU_MAG -0.626953 -1.215332 0.796875
28.429 1 NAVIGATION 0 1 10804865. -3567889. 1.2947394501e+14 1.29474934866e+14 0 0
28.484 1 WIND_INFO 1 42 0. 0. 0.
28.491 1 DOWNLINK_STATUS 15 12327 554 0 882. 41. 3.52
28.493 1 ATTITUDE 2.573486 -1.065186 0.390869
28.496 1 ESTIMATOR -17. 0.
28.499 1 BAT 0 0 0 0 1 226 55 0
28.593 1 ATTITUDE 2.573486 -1.065186 0.390869
28.600 1 DESIRED 0.3 1.62 5. 11. -106. 755. 2.
28.602 1 WP_MOVED 1 503186. 3567889. 755. 12
28.608 1 NAVIGATION 0 1 10804865. -3567889. 1.2947394501e+14 1.29474934866e+14 0 0
28.646 1 GPS 0 1130805120 0 0 -17000 0 0 0 56250 12 1
28.678 1 NAVIGATION 0 1 10804865. -3567889. 1.2947394501e+14 1.29474934866e+14 0 0
28.693 1 ATTITUDE 2.573486 -1.064941 0.390869
28.696 1 IMU_ACCEL -2.493164 -4.871094 -8.311523
28.793 1 ATTITUDE 2.573242 -1.064697 0.390869
28.800 1 DESIRED 0.3 1.62 5. 11. -106. 755. 2.
28.801 1 DL_VALUE 7 4.
28.893 1 ATTITUDE 2.573242 -1.064941 0.390869
28.899 1 GPS 0 1130805120 0 0 -17000 0 0 0 56500 12 2
28.929 1 NAVIGATION 0 1 10804865. -3567889. 1.2947394501e+14 1.29474934866e+14 0 0
28.989 1 PONG 
28.993 1 ATTITUDE 2.572998 -1.065186 0.390869
29.000 1 DESIRED 0.3 1.62 5. 11. -106. 755. 2.
29.001 1 ESTIMATOR -17. 0.
29.004 1 IMU_GYRO -0.014893 0.006348 0.013672
29.093 1 ATTITUDE 2.572998 -1.06543 0.390869
29.097 1 WP_MOVED 2 503197.09375 3567783. 755. 12
29.146 1 GPS 0 1130805120 0 0 -17000 0 0 0 56750 12 3
29.178 1 NAVIGATION 0 1 10804865. -3567889. 1.2947394501e+14 1.29474934866e+14 0 0
29.193 1 ATTITUDE 2.572998 -1.065674 0.390869
29.200 1 DESIRED 0.3 1.62 5. 11. -106. 755. 2.
29.293 1 ATTITUDE 2.573242 -1.065674 0.391113
29.295 1 CALIBRATION -150. 0
29.296 1 STATE_FILTER_STATUS 3 0
29.393 1 ATTITUDE 2.572998 -1.065918 0.391113
29.400 1 DESIRED 0.3 1.62 5. 11. -106. 755. 2.
29.405 1 GPS 0 1130805120 0 0 -17000 0 0 0 57000 12 4
29.428 1 NAVIGATION 0 1 10804865. -3567889. 1.2947394501e+14 1.29474934866e+14 0 0
29.491 1 DOWNLINK_STATUS 16 13100 589 0 773. 35. 2.54
29.493 1 ATTITUDE 2.572998 -1.065918 0.391113
29.495 1 ESTIMATOR -17. 0.
29.499 1 IMU_ACCEL -2.478516 -4.895508 -8.311523
29.593 1 ATTITUDE 2.573242 -1.066162 0.391113
29.600 1 DESIRED 0.3 1.62 5. 11. -106. 755. 2.
29.602 1 WP_MOVED 0 503228. 3567931. 755. 12
29.606 1 IMU_GYRO -0.014893 0.006348 0.014893
29.610 1 NAVIGATION 0 1 10804865. -3567889. 1.2947394501e+14 1.29474934866e+14 0 0
29.646 1 GPS 0 1130805120 0 0 -17000 0 0 0 57250 12 5
29.676 1 FBW_STATUS 2 0 1 0 0
29.680 1 NAVIGATION 0 1 10804865. -3567889. 1.2947394501e+14 1.29474934866e+14 0 0
29.693 1 ATTITUDE 2.573242 -1.065918 0.391113
29.696 1 IMU_MAG -0.634277 -1.215332 0.799805
29.793 1 ATTITUDE 2.573486 -1.065674 0.391113
29.800 1 DESIRED 0.3 1.62 5. 11. -106. 755. 2.
29.894 1 ATTITUDE 2.573486 -1.065186 0.391113
29.899 1 GPS 0 1130805120 0 0 -17000 0 0 0 57500 12 6
29.929 1 NAVIGATION 0 1 10804865. -3567889. 1.2947394501e+14 1.29474934866e+14 0 0
29.993 1 ATTITUDE 2.573486 -1.064941 0.391113
30.000 1 DESIRED 0.3 1.62 5. 11. -106. 755. 2.
30.001 1 ESTIMATOR -17. 0.
30.094 1 ATTITUDE 2.573486 -1.065186 0.391113
30.096 1 WP_MOVED 1 503186. 3567889. 755. 12
30.146 1 GPS 0 1130805120 0 0 -17000 0 0 0 57750 12 7
30.178 1 NAVIGATION 0 1 10804865. -3567889. 1.2947394501e+14 1.29474934866e+14 0 0
30.193 1 ATTITUDE 2.573486 -1.065186 0.391113
30.200 1 DESIRED 0.3 1.62 5. 11. -106. 755. 2.
30.202 1 IMU_GYRO -0.010498 0.001953 0.016846
30.293 1 ATTITUDE 2.573486 -1.064941 0.391357
30.296 1 IMU_ACCEL -2.483398 -4.895508 -8.301758
30.298 1 DL_VALUE 8 1.
30.301 1 ENERGY 0. 0. 0 0.
30.394 1 ATTITUDE 2.57373 -1.064697 0.391357
30.400 1 DESIRED 0.3 1.62 5. 11. -106. 755. 2.
30.405 1 GPS 0 1130805120 0 0 -17000 0 0 0 58000 12 8
30.408 1 GPS_SOL 795642560 100157 9999 0
30.429 1 NAVIGATION 0 1 10804865. -3567889. 1.2947394501e+14 1.29474934866e+14 0 0
30.492 1 DOWNLINK_STATUS 17 13932 626 0 832. 37. 2.54
30.493 1 ATTITUDE 2.57373 -1.064941 0.391357
30.495 1 ESTIMATOR -17. 0.
30.593 1 ATTITUDE 2.57373 -1.064941 0.391357
30.600 1 DESIRED 0.3 1.62 5. 11. -106. 755. 2.
30.602 1 WP_MOVED 2 503197.09375 3567783. 755. 12
30.608 1 NAVIGATION 0 1 10804865. -3567889. 1.2947394501e+14 1.29474934866e+14 0 0
30.646 1 GPS 0 1130805120 0 0 -17000 0 0 0 58250 12 9
30.678 1 NAVIGATION 0 1 10804865. -3567889. 1.2947394501e+14 1.29474934866e+14 0 0
30.693 1 ATTITUDE 2.57373 -1.064941 0.391357
30.696 1 BAT 0 0 0 0 1 229 58 0
30.793 1 ATTITUDE 2.57373 -1.065186 0.391357
30.800 1 DESIRED 0.3 1.62 5. 11. -106. 755. 2.
30.802 1 IMU_GYRO -0.006348 0.003174 0.018066
30.893 1 ATTITUDE 2.57373 -1.065186 0.391357
30.899 1 GPS 0 1130805120 0 0 -17000 0 0 0 58500 12 10
30.929 1 NAVIGATION 0 1 10804865. -3567889. 1.2947394501e+14 1.29474934866e+14 0 0
30.993 1 ATTITUDE 2.57373 -1.065186 0.391357
31.000 1 DESIRED 0.3 1.62 5. 11. -106. 755. 2.
31.001 1 ESTIMATOR -17. 0.
31.004 1 IMU_MAG -0.636719 -1.224121 0.791016
31.094 1 ATTITUDE 2.573486 -1.065186 0.391357
31.096 1 WP_MOVED 0 503228. 3567931. 755. 12
31.100 1 IMU_ACCEL -2.50293 -4.875977 -8.258789
31.146 1 GPS 0 1130805120 0 0 -17000 0 0 0 58750 12 11
31.178 1 NAVIGATION 0 1 10804865. -3567889. 1.2947394501e+14 1.29474934866e+14 0 0
31.193 1 ATTITUDE 2.57373 -1.065186 0.391357
31.200 1 DESIRED 0.3 1.62 5. 11. -106. 755. 2.
31.293 1 ATTITUDE 2.57373 -1.064941 0.391357
31.394 1 ATTITUDE 2.573975 -1.064941 0.391357
31.400 1 DESIRED 0.3 1.62 5. 11. -106. 755. 2.
31.404 1 GPS 0 1130805120 0 0 -17000 0 0 0 59000 12 12
31.408 1 IMU_GYRO -0.012695 0.00415 0.015869
31.410 1 CALIBRATION -150. 0
31.429 1 NAVIGATION 0 1 10804865. -3567889. 1.2947394501e+14 1.29474934866e+14 0 0
31.492 1 DOWNLINK_STATUS 18 14715 660 0 783. 34. 2.54
31.493 1 ATTITUDE 2.57373 -1.065186 0.391357
31.498 1 ESTIMATOR -17. 0.
31.498 1 STATE_FILTER_STATUS 3 0
31.561 1 SETTING 1 9 0.
31.566 1 DL_VALUE 9 0.
31.593 1 ATTITUDE 2.57373 -1.065186 0.391357
31.600 1 DESIRED 0.3 1.62 5. 11. -106. 755. 2.
31.602 1 WP_MOVED 1 503186. 3567889. 755. 12
31.608 1 NAVIGATION 0 1 10804865. -3567889. 1.2947394501e+14 1.29474934866e+14 0 0
31.646 1 GPS 0 1130805120 0 0 -17000 0 0 0 59250 12 13
31.679 1 FBW_STATUS 2 0 1 0 0
31.680 1 NAVIGATION 0 1 10804865. -3567889. 1.2947394501e+14 1.29474934866e+14 0 0
31.693 1 ATTITUDE 2.57373 -1.064697 0.391357
31.775 1 COMMANDS 2880,-9600,6772
31.793 1 ATTITUDE 2.575195 -1.064209 0.391846
31.800 1 DESIRED 0.3 1.62 5. 11. -106. 755. 2.
31.803 1 BAT 2880 0 0 0 1 230 59 0
31.804 1 DL_VALUE 9 1.
31.875 1 ACTUATORS 1300,1000,1558
31.893 1 ATTITUDE 2.59375 -1.038574 0.391846
31.899 1 GPS 0 1130805120 0 0 -17000 0 0 0 59500 12 14
31.902 1 IMU_ACCEL -2.723633 -5.629883 -9.275391
31.928 1 NAVIGATION 0 1 10804865. -3567889. 1.2947394501e+14 1.29474934866e+14 0 0
31.993 1 ATTITUDE 2.596191 -1.038086 0.394287
32.000 1 DESIRED 0.3 1.63 5. 11. -106. 755. 2.
32.001 1 ESTIMATOR -17. 0.
32.004 1 IMU_GYRO -0.146729 -0.00415 0.024414
32.093 1 ATTITUDE 2.611084 -1.036865 0.395508
32.096 1 WP_MOVED 2 503197.09375 3567783. 755. 12
32.145 1 GPS 0 1130805120 0 0 -17000 0 0 0 59750 12 15
32.178 1 NAVIGATION 0 1 10804865. -3567889. 1.2947394501e+14 1.29474934866e+14 0 0
32.193 1 ATTITUDE 2.610596 -1.038086 0.395508
32.200 1 DESIRED 0.3 1.64 5. 11. -106. 755. 2.
32.293 1 ATTITUDE 2.610107 -1.037354 0.394775
32.296 1 IMU_MAG -0.675781 -1.241211 0.759277
32.393 1 ATTITUDE 2.610107 -1.036865 0.394287
32.399 1 DESIRED 0.3 1.64 5. 11. -106. 755. 2.
32.404 1 GPS 0 1130805120 0 0 -17000 0 0 0 60000 12 16
32.407 1 GPS_SOL 795644672 100163 9999 0
32.428 1 NAVIGATION 0 1 10804865. -3567889. 1.2947394501e+14 1.29474934866e+14 0 0
32.493 1 ATTITUDE 2.610596 -1.036377 0.393799
32.494 1 DOWNLINK_STATUS 19 15575 700 0 860. 40. 2.54
32.495 1 ESTIMATOR -17. 0.
32.593 1 ATTITUDE 2.61084 -1.035889 0.393799
32.599 1 DESIRED 0.3 1.64 5. 11. -106. 755. 2.
32.602 1 WP_MOVED 0 503228. 3567931. 755. 12
32.605 1 IMU_GYRO -0.014893 0.006348 0.015869
32.610 1 NAVIGATION 0 1 10804865. -3567889. 1.2947394501e+14 1.29474934866e+14 0 0
32.645 1 GPS 0 1130805120 0 0 -17000 0 0 0 60250 12 1
32.678 1 NAVIGATION 0 1 10804865. -3567889. 1.2947394501e+14 1.29474934866e+14 0 0
32.693 1 ATTITUDE 2.611084 -1.035645 0.393555
32.696 1 IMU_ACCEL -2.430664 -4.564453 -8.491211
32.698 1 DOWNLINK 27 828 8501
32.793 1 ATTITUDE 2.611572 -1.035156 0.393066
32.799 1 DESIRED 0.3 1.64 5. 11. -106. 755. 2.
32.802 1 ENERGY 0. 0. 0 0.
32.893 1 ATTITUDE 2.611816 -1.034912 0.393066
32.899 1 GPS 0 1130805120 0 0 -17000 0 0 0 60500 12 2
32.902 1 BAT 0 0 0 0 1 231 60 0
32.906 1 ALIVE 202,233,219,16,31,75,154,108,154,116,222,5,16,81,225,166
32.928 1 NAVIGATION 0 1 10804865. -3567889. 1.2947394501e+14 1.29474934866e+14 0 0
32.993 1 ATTITUDE 2.612061 -1.034668 0.392578
32.999 1 DESIRED 0.3 1.64 5. 11. -106. 755. 2.
33.001 1 ESTIMATOR -17. 0.
33.003 1 PPRZ_MODE 4 1 2 0 0 6
33.093 1 ATTITUDE 2.612305 -1.034668 0.392578
33.096 1 WP_MOVED 1 503186. 3567889. 755. 12
33.145 1 GPS 0 1130805120 0 0 -17000 0 0 0 60750 12 3
33.180 1 NAVIGATION 0 1 10804865. -3567889. 1.2947394501e+14 1.29474934866e+14 0 0
33.194 1 ATTITUDE 2.612549 -1.034424 0.392334
33.199 1 DESIRED 0.3 1.64 5. 11. -106. 755. 2.
33.202 1 IMU_GYRO -0.012695 0.005127 0.015869
33.293 1 ATTITUDE 2.612549 -1.034424 0.39209
33.295 1 DL_VALUE 10 0.
33.393 1 ATTITUDE 2.612793 -1.03418 0.39209
33.399 1 DESIRED 0.3 1.64 5. 11. -106. 755. 2.
33.404 1 GPS 0 1130805120 0 0 -17000 0 0 0 61000 12 4
33.427 1 NAVIGATION 0 1 10804865. -3567889. 1.2947394501e+14 1.29474934866e+14 0 0
33.493 1 ATTITUDE 2.613037 -1.033936 0.391846
33.494 1 DOWNLINK_STATUS 20 16406 737 0 831. 37. 2.54
33.495 1 ESTIMATOR -17. 0.
33.498 1 IMU_ACCEL -2.425781 -4.564453 -8.496094
33.500 1 CALIBRATION -150. 0
33.593 1 ATTITUDE 2.613281 -1.033936 0.391602
33.599 1 DESIRED 0.3 1.64 5. 11. -106. 755. 2.
33.602 1 WP_MOVED 2 503197.09375 3567783. 755. 12
33.607 1 NAVIGATION 0 1 10804865. -3567889. 1.2947394501e+14 1.29474934866e+14 0 0
33.610 1 IMU_MAG -0.670898 -1.23584 0.750977
33.645 1 GPS 0 1130805120 0 0 -17000 0 0 0 61250 12 5
33.677 1 FBW_STATUS 2 0 1 0 0
33.680 1 NAVIGATION 0 1 10804865. -3567889. 1.2947394501e+14 1.29474934866e+14 0 0
33.693 1 ATTITUDE 2.613525 -1.033691 0.391357
33.694 1 STATE_FILTER_STATUS 3 0
33.793 1 ATTITUDE 2.613525 -1.033691 0.391357
33.799 1 DESIRED 0.3 1.64 5. 11. -106. 755. 2.
33.802 1 IMU_GYRO -0.014893 0.001953 0.018066
33.893 1 ATTITUDE 2.61377 -1.033691 0.391113
33.898 1 GPS 0 1130805120 0 0 -17000 0 0 0 61500 12 6
33.927 1 NAVIGATION 0 1 10804865. -3567889. 1.2947394501e+14 1.29474934866e+14 0 0
33.990 1 PONG 
33.994 1 ATTITUDE 2.61377 -1.033203 0.390869
33.999 1 DESIRED 0.3 1.64 5. 11. -106. 755. 2.
34.002 1 ESTIMATOR -17. 0.
34.005 1 BAT 0 0 0 0 1 232 61 0
34.093 1 ATTITUDE 2.614014 -1.033203 0.390869
34.096 1 WP_MOVED 0 503228. 3567931. 755. 12
34.145 1 GPS 0 1130805120 0 0 -17000 0 0 0 61750 12 7
34.177 1 NAVIGATION 0 1 10804865. -3567889. 1.2947394501e+14 1.29474934866e+14 0 0
34.193 1 ATTITUDE 2.614014 -1.032715 0.390381
34.199 1 DESIRED 0.3 1.64 5. 11. -106. 755. 2.
34.293 1 ATTITUDE 2.614014 -1.032715 0.390381
34.296 1 IMU_ACCEL -2.420898 -4.583008 -8.5625
34.393 1 ATTITUDE 2.614258 -1.032471 0.390381
34.399 1 DESIRED 0.3 1.64 5. 11. -106. 755. 2.
34.404 1 GPS 0 1130805120 0 0 -17000 0 0 0 62000 12 8
34.408 1 IMU_GYRO -0.010498 0.003174 0.015869
34.410 1 GPS_SOL 795646912 100169 9999 0
34.427 1 NAVIGATION 0 1 10804865. -3567889. 1.2947394501e+14 1.29474934866e+14 0 0
34.493 1 ATTITUDE 2.614258 -1.032471 0.390137
34.494 1 DOWNLINK_STATUS 21 17253 776 0 847. 39. 2.55
34.495 1 ESTIMATOR -17. 0.
34.593 1 ATTITUDE 2.614502 -1.032471 0.390137
34.599 1 DESIRED 0.3 1.64 5. 11. -106. 755. 2.
34.602 1 WP_MOVED 1 503186. 3567889. 755. 12
34.607 1 NAVIGATION 0 1 10804865. -3567889. 1.2947394501e+14 1.29474934866e+14 0 0
34.645 1 GPS 0 1130805120 0 0 -17000 0 0 0 62250 12 9
34.678 1 NAVIGATION 0 1 10804865. -3567889. 1.2947394501e+14 1.29474934866e+14 0 0
34.693 1 ATTITUDE 2.614258 -1.032471 0.389893
34.793 1 ATTITUDE 2.614502 -1.032227 0.389648
34.799 1 DESIRED 0.3 1.64 5. 11. -106. 755. 2.
34.801 1 DL_VALUE 11 1.
34.893 1 ATTITUDE 2.614502 -1.032227 0.389648
34.898 1 GPS 0 1130805120 0 0 -17000 0 0 0 62500 12 10
34.902 1 IMU_MAG -0.670898 -1.23291 0.753906
34.927 1 NAVIGATION 0 1 10804865. -3567889. 1.2947394501e+14 1.29474934866e+14 0 0
34.993 1 ATTITUDE 2.61499 -1.031982 0.389648
34.999 1 DESIRED 0.3 1.64 5. 11. -106. 755. 2.
35.001 1 ESTIMATOR -17. 0.
35.004 1 IMU_GYRO -0.014893 0.00415 0.018066
35.093 1 ATTITUDE 2.61499 -1.032227 0.389648
35.096 1 WP_MOVED 2 503197.09375 3567783. 755. 12
35.099 1 IMU_ACCEL -2.420898 -4.587891 -8.524414
35.103 1 BAT 0 0 0 0 1 233 62 0
35.145 1 GPS 0 1130805120 0 0 -17000 0 0 0 62750 12 11
35.177 1 NAVIGATION 0 1 10804865. -3567889. 1.2947394501e+14 1.29474934866e+14 0 0
35.193 1 ATTITUDE 2.615234 -1.032227 0.389648
35.200 1 DESIRED 0.3 1.64 5. 11. -106. 755. 2.
35.293 1 ATTITUDE 2.615234 -1.032471 0.389648
35.296 1 ENERGY 0. 0. 0 0.
35.393 1 ATTITUDE 2.615234 -1.032471 0.389404
35.399 1 DESIRED 0.3 1.64 5. 11. -106. 755. 2.
35.404 1 GPS 0 1130805120 0 0 -17000 0 0 0 63000 12 12
35.427 1 NAVIGATION 0 1 10804865. -3567889. 1.2947394501e+14 1.29474934866e+14 0 0
35.493 1 ATTITUDE 2.615234 -1.032715 0.389404
35.494 1 DOWNLINK_STATUS 22 18038 810 0 785. 34. 2.55
35.495 1 ESTIMATOR -17. 0.
35.593 1 ATTITUDE 2.615234 -1.032715 0.38916
35.599 1 DESIRED 0.3 1.64 5. 11. -106. 755. 2.
35.602 1 WP_MOVED 0 503228. 3567931. 755. 12
35.605 1 IMU_GYRO -0.012695 0.005127 0.015869
35.610 1 NAVIGATION 0 1 10804865. -3567889. 1.2947394501e+14 1.29474934866e+14 0 0
35.612 1 CALIBRATION -150. 0
35.645 1 GPS 0 1130805120 0 0 -17000 0 0 0 63250 12 13
35.677 1 NAVIGATION 0 1 10804865. -3567889. 1.2947394501e+14 1.29474934866e+14 0 0
35.680 1 FBW_STATUS 2 0 1 0 0
35.693 1 ATTITUDE 2.615234 -1.032715 0.38916
35.793 1 ATTITUDE 2.615234 -1.032715 0.38916
35.799 1 DESIRED 0.3 1.64 5. 11. -106. 755. 2.
35.893 1 ATTITUDE 2.615234 -1.032715 0.38916
35.898 1 GPS 0 1130805120 0 0 -17000 0 0 0 63500 12 14
35.901 1 IMU_ACCEL -2.391602 -4.587891 -8.53418
35.903 1 STATE_FILTER_STATUS 3 0
35.927 1 NAVIGATION 0 1 10804865. -3567889. 1.2947394501e+14 1.29474934866e+14 0 0
35.993 1 ATTITUDE 2.615234 -1.032227 0.388916
35.999 1 DESIRED 0.3 1.64 5. 11. -106. 755. 2.
36.001 1 ESTIMATOR -17. 0.
36.093 1 ATTITUDE 2.615723 -1.031982 0.388916
36.096 1 WP_MOVED 1 503186. 3567889. 755. 12
36.145 1 GPS 0 1130805120 0 0 -17000 0 0 0 63750 12 15
36.181 1 NAVIGATION 0 1 10804865. -3567889. 1.2947394501e+14 1.29474934866e+14 0 0
36.193 1 ATTITUDE 2.615723 -1.031982 0.388916
36.199 1 DESIRED 0.3 1.64 5. 11. -106. 755. 2.
36.202 1 IMU_GYRO -0.010498 0.005127 0.015869
36.205 1 BAT 0 0 0 0 1 234 63 0
36.208 1 IMU_MAG -0.67334 -1.22998 0.773926
36.293 1 ATTITUDE 2.615723 -1.031982 0.388916
36.295 1 DL_VALUE 0 0.
36.393 1 ATTITUDE 2.615723 -1.031494 0.388916
36.399 1 DESIRED 0.3 1.64 5. 11. -106. 755. 2.
36.404 1 GPS 0 1130805120 0 0 -17000 0 0 0 64000 12 16
36.407 1 GPS_SOL 795649280 100174 9999 0
36.427 1 NAVIGATION 0 1 10804865. -3567889. 1.2947394501e+14 1.29474934866e+14 0 0
36.493 1 ATTITUDE 2.615967 -1.031738 0.388916
36.494 1 DOWNLINK_STATUS 23 18872 848 0 834. 38. 2.55
36.495 1 ESTIMATOR -17. 0.
36.593 1 ATTITUDE 2.615967 -1.031494 0.388672
36.598 1 DESIRED 0.3 1.64 5. 11. -106. 755. 2.
36.602 1 WP_MOVED 2 503197.09375 3567783. 755. 12
36.606 1 NAVIGATION 0 1 10804865. -3567889. 1.2947394501e+14 1.29474934866e+14 0 0
36.645 1 GPS 0 1130805120 0 0 -17000 0 0 0 64250 12 1
36.679 1 NAVIGATION 0 1 10804865. -3567889. 1.2947394501e+14 1.29474934866e+14 0 0
36.693 1 ATTITUDE 2.615967 -1.03125 0.388672
36.696 1 IMU_ACCEL -2.411133 -4.592773 -8.482422
36.775 1 COMMANDS 0,-9600,6890
36.793 1 ATTITUDE 2.615967 -1.03125 0.388672
36.798 1 DESIRED 0.3 1.64 5. 11. -106. 755. 2.
36.802 1 IMU_GYRO -0.012695 0.001953 0.016846
36.875 1 ACTUATORS 1000,1000,1562
36.893 1 ATTITUDE 2.615967 -1.03125 0.388672
36.898 1 GPS 0 1130805120 0 0 -17000 0 0 0 64500 12 2
36.927 1 NAVIGATION 0 1 10804865. -3567889. 1.2947394501e+14 1.29474934866e+14 0 0
36.993 1 ATTITUDE 2.615967 -1.031494 0.388672
36.998 1 DESIRED 0.3 1.64 5. 11. -106. 755. 2.
37.001 1 ESTIMATOR -17. 0.
37.093 1 ATTITUDE 2.615967 -1.031494 0.388672
37.096 1 WP_MOVED 0 503228. 3567931. 755. 12
37.145 1 GPS 0 1130805120 0 0 -17000 0 0 0 64750 12 3
37.177 1 NAVIGATION 0 1 10804865. -3567889. 1.2947394501e+14 1.29474934866e+14 0 0
37.193 1 ATTITUDE 2.616211 -1.031738 0.388672
37.198 1 DESIRED 0.3 1.64 5. 11. -106. 755. 2.
37.293 1 ATTITUDE 2.616699 -1.031738 0.388428
37.296 1 BAT 0 0 0 0 1 235 64 0
37.299 1 NAVIGATION_REF 503186 3567889 12
37.393 1 ATTITUDE 2.617432 -1.031494 0.388184
37.398 1 DESIRED 0.3 1.64 5. 11. -106. 755. 2.
37.404 1 GPS 0 1130805120 0 0 -17000 0 0 0 65000 12 4
37.407 1 IMU_GYRO 0.00415 0.001953 0.014893
37.427 1 NAVIGATION 0 1 10804865. -3567889. 1.2947394501e+14 1.29474934866e+14 0 0
37.493 1 ATTITUDE 2.616943 -1.031494 0.388184
37.494 1 DOWNLINK_STATUS 24 19667 883 0 795. 35. 2.55
37.495 1 ESTIMATOR -17. 0.
37.498 1 IMU_ACCEL -2.416016 -4.549805 -8.505859
37.501 1 IMU_MAG -0.670898 -1.23291 0.745117
37.593 1 ATTITUDE 2.617188 -1.031494 0.388184
37.598 1 DESIRED 0.3 1.64 5. 11. -106. 755. 2.
37.602 1 WP_MOVED 1 503186. 3567889. 755. 12
37.606 1 NAVIGATION 0 1 10804865. -3567889. 1.2947394501e+14 1.29474934866e+14 0 0
37.645 1 GPS 0 1130805120 0 0 -17000 0 0 0 65250 12 5
37.676 1 FBW_STATUS 2 0 1 0 0
37.680 1 NAVIGATION 0 1 10804865. -3567889. 1.2947394501e+14 1.29474934866e+14 0 0
37.693 1 ATTITUDE 2.617432 -1.031494 0.388184
37.694 1 CALIBRATION -150. 0
37.793 1 ATTITUDE 2.617432 -1.031494 0.388184
37.798 1 DESIRED 0.3 1.64 5. 11. -106. 755. 2.
37.800 1 DL_VALUE 1 0.
37.804 1 ENERGY 0. 0. 0 0.
37.806 1 DOWNLINK 27 823 8690
37.893 1 ATTITUDE 2.617188 -1.031494 0.388184
37.898 1 GPS 0 1130805120 0 0 -17000 0 0 0 65500 12 6
37.902 1 ALIVE 202,233,219,16,31,75,154,108,154,116,222,5,16,81,225,166
37.927 1 NAVIGATION 0 1 10804865. -3567889. 1.2947394501e+14 1.29474934866e+14 0 0
37.993 1 ATTITUDE 2.617188 -1.031494 0.388184
37.998 1 DESIRED 0.3 1.64 5. 11. -106. 755. 2.
38.001 1 ESTIMATOR -17. 0.
38.004 1 IMU_GYRO -0.006348 0.006348 0.013672
38.006 1 PPRZ_MODE 4 1 2 0 0 6
38.092 1 ATTITUDE 2.617188 -1.031738 0.388184
38.096 1 WP_MOVED 2 503197.09375 3567783. 755. 12
38.098 1 STATE_FILTER_STATUS 3 0
38.145 1 GPS 0 1130805120 0 0 -17000 0 0 0 65750 12 7
38.179 1 NAVIGATION 0 1 10804865. -3567889. 1.2947394501e+14 1.29474934866e+14 0 0
38.193 1 ATTITUDE 2.617432 -1.031494 0.388184
38.198 1 DESIRED 0.3 1.64 5. 11. -106. 755. 2.
38.293 1 ATTITUDE 2.617432 -1.03125 0.388184
38.296 1 IMU_ACCEL -2.44043 -4.530273 -8.482422
38.392 1 ATTITUDE 2.617432 -1.03125 0.388428
38.398 1 DESIRED 0.3 1.64 5. 11. -106. 755. 2.
38.404 1 GPS 0 1130805120 0 0 -17000 0 0 0 66000 12 8
38.408 1 BAT 0 0 0 0 1 236 65 0
38.411 1 GPS_SOL 795651584 100180 9999 0
38.427 1 NAVIGATION 0 1 10804865. -3567889. 1.2947394501e+14 1.29474934866e+14 0 0
38.484 1 WIND_INFO 1 42 0. 0. 0.
38.493 1 ATTITUDE 2.617432 -1.031494 0.388184
38.494 1 DOWNLINK_STATUS 25 20567 925 0 900. 42. 2.55
38.495 1 ESTIMATOR -17. 0.
38.592 1 ATTITUDE 2.617432 -1.031494 0.388428
38.598 1 DESIRED 0.3 1.64 5. 11. -106. 755. 2.
38.602 1 WP_MOVED 0 503228. 3567931. 755. 12
38.605 1 IMU_GYRO -0.014893 0.00415 0.015869
38.609 1 NAVIGATION 0 1 10804865. -3567889. 1.2947394501e+14 1.29474934866e+14 0 0
38.645 1 GPS 0 1130805120 0 0 -17000 0 0 0 66250 12 9
38.677 1 NAVIGATION 0 1 10804865. -3567889. 1.2947394501e+14 1.29474934866e+14 0 0
38.692 1 ATTITUDE 2.617432 -1.031738 0.388428
38.792 1 ATTITUDE 2.617432 -1.031738 0.388428
38.798 1 DESIRED 0.3 1.64 5. 11. -106. 755. 2.
38.802 1 IMU_MAG -0.670898 -1.23291 0.745117
38.892 1 ATTITUDE 2.616699 -1.031494 0.38623
38.898 1 GPS 0 1130805120 0 0 -17000 0 0 0 66500 12 10
38.927 1 NAVIGATION 0 1 10804865. -3567889. 1.2947394501e+14 1.29474934866e+14 0 0
38.992 1 ATTITUDE 2.61792 -1.03125 0.385742
38.998 1 DESIRED 0.3 1.64 5. 11. -106. 755. 2.
39.001 1 ESTIMATOR -17. 0.
39.002 1 PONG 
39.092 1 ATTITUDE 2.615967 -1.031006 0.387207
39.096 1 WP_MOVED 1 503186. 3567889. 755. 12
39.099 1 IMU_ACCEL -2.454102 -4.617188 -8.543945
39.145 1 GPS 0 1130805120 0 0 -17000 0 0 0 66750 12 11
39.178 1 NAVIGATION 0 1 10804865. -3567889. 1.2947394501e+14 1.29474934866e+14 0 0
39.192 1 ATTITUDE 2.637207 -1.031006 0.38623
39.198 1 DESIRED 0.3 1.65 5. 11. -106. 755. 2.
39.201 1 IMU_GYRO -0.574463 0.024414 -0.006348
39.292 1 ATTITUDE 2.639893 -1.0271 0.385498
39.294 1 DL_VALUE 2 755.
39.392 1 ATTITUDE 2.646484 -1.025146 0.386963
39.398 1 DESIRED 0.3 1.65 5. 11. -106. 755. 2.
39.404 1 GPS 0 1130805120 0 0 -17000 0 0 0 67000 12 12
39.427 1 NAVIGATION 0 1 10804865. -3567889. 1.2947394501e+14 1.29474934866e+14 0 0
39.492 1 ATTITUDE 2.642822 -1.026123 0.389893
39.495 1 ESTIMATOR -17. 0.
39.496 1 DOWNLINK_STATUS 26 21350 960 0 783. 35. 13.53
39.498 1 BAT 0 0 0 0 1 237 66 0
39.592 1 ATTITUDE 2.63916 -1.026367 0.38623
39.598 1 DESIRED 0.3 1.65 5. 11. -106. 755. 2.
39.602 1 WP_MOVED 2 503197.09375 3567783. 755. 12
39.606 1 NAVIGATION 0 1 10804865. -3567889. 1.2947394501e+14 1.29474934866e+14 0 0
39.645 1 GPS 0 1130805120 0 0 -17000 0 0 0 67250 12 13
39.675 1 FBW_STATUS 2 0 1 0 0
39.681 1 NAVIGATION 0 1 10804865. -3567889. 1.2947394501e+14 1.29474934866e+14 0 0
39.692 1 ATTITUDE 2.638184 -1.025635 0.38501
39.792 1 ATTITUDE 2.638184 -1.024658 0.38501
39.798 1 DESIRED 0.3 1.65 5. 11. -106. 755. 2.
39.801 1 IMU_GYRO -0.040283 0.000977 0.02124
39.803 1 CALIBRATION -150. 0
39.894 1 ATTITUDE 2.638428 -1.024414 0.387695
39.898 1 GPS 0 1130805120 0 0 -17000 0 0 0 67500 12 14
39.901 1 IMU_ACCEL -2.463867 -4.444336 -8.510742
39.927 1 NAVIGATION 0 1 10804865. -3567889. 1.2947394501e+14 1.29474934866e+14 0 0
39.992 1 ATTITUDE 2.636963 -1.025391 0.387451
39.998 1 DESIRED 0.3 1.65 5. 11. -106. 755. 2.
40.001 1 ESTIMATOR -17. 0.
40.092 1 ATTITUDE 2.635498 -1.025879 0.385498
40.096 1 WP_MOVED 0 503228. 3567931. 755. 12
40.099 1 IMU_MAG -0.661133 -1.23291 0.739258
40.145 1 GPS 0 1130805120 0 0 -17000 0 0 0 67750 12 15
40.177 1 NAVIGATION 0 1 10804865. -3567889. 1.2947394501e+14 1.29474934866e+14 0 0
40.192 1 ATTITUDE 2.635986 -1.026123 0.385742
40.198 1 DESIRED 0.3 1.65 5. 11. -106. 755. 2.
40.292 1 ATTITUDE 2.63623 -1.026611 0.385742
40.294 1 STATE_FILTER_STATUS 3 0
40.297 1 ENERGY 0. 0. 0 0.
40.392 1 ATTITUDE 2.63623 -1.026367 0.385986
40.398 1 DESIRED 0.3 1.65 5. 11. -106. 755. 2.
40.404 1 GPS 0 1130805120 0 0 -17000 0 0 0 68000 12 16
40.407 1 IMU_GYRO -0.019043 0.003174 0.016846
40.410 1 GPS_SOL 795654080 100186 9999 0
40.427 1 NAVIGATION 0 1 10804865. -3567889. 1.2947394501e+14 1.29474934866e+14 0 0
40.492 1 ATTITUDE 2.636719 -1.026611 0.38623
40.495 1 ESTIMATOR -17. 0.
40.496 1 DOWNLINK_STATUS 27 22193 998 0 843. 38. 13.53
40.592 1 ATTITUDE 2.680176 -1.018799 0.382812
40.598 1 DESIRED 0.3 1.67 5. 11. -106. 755. 2.
40.602 1 WP_MOVED 1 503186. 3567889. 755. 12
40.606 1 NAVIGATION 0 1 10804865. -3567889. 1.2947394501e+14 1.29474934866e+14 0 0
40.610 1 BAT 0 0 0 0 1 238 67 0
40.645 1 GPS 0 1130805120 0 0 -17000 0 0 0 68250 12 1
40.678 1 NAVIGATION 0 1 10804865. -3567889. 1.2947394501e+14 1.29474934866e+14 0 0
40.692 1 ATTITUDE 2.662598 -1.020996 0.380859
40.695 1 IMU_ACCEL -2.348633 -4.286133 -8.762695
40.792 1 ATTITUDE 2.661377 -1.020508 0.381348
40.798 1 DESIRED 0.3 1.66 5. 11. -106. 755. 2.
40.800 1 DL_VALUE 3 0.
40.892 1 ATTITUDE 2.665771 -1.01416 0.382812
40.898 1 GPS 0 1130805120 0 0 -17000 0 0 0 68500 12 2
40.927 1 NAVIGATION 0 1 10804865. -3567889. 1.2947394501e+14 1.29474934866e+14 0 0
40.992 1 ATTITUDE 2.669678 -1.013184 0.383545
40.998 1 DESIRED 0.3 1.66 5. 11. -106. 755. 2.
41.001 1 ESTIMATOR -17. 0.
41.004 1 IMU_GYRO -0.065918 0. 0.023193
41.092 1 ATTITUDE 2.671387 -1.012695 0.384766
41.096 1 WP_MOVED 2 503197.09375 3567783. 755. 12
41.145 1 GPS 0 1130805120 0 0 -17000 0 0 0 68750 12 3
41.178 1 NAVIGATION 0 1 10804865. -3567889. 1.2947394501e+14 1.29474934866e+14 0 0
41.192 1 ATTITUDE 2.671143 -1.02002 0.384277
41.198 1 DESIRED 0.3 1.67 5. 11. -106. 755. 2.
41.292 1 ATTITUDE 2.692871 -1.021484 0.388672
41.392 1 ATTITUDE 2.707764 -1.017822 0.390137
41.398 1 DESIRED 0.3 1.68 5. 11. -106. 755. 2.
41.404 1 GPS 0 1130805120 0 0 -17000 0 0 0 69000 12 4
41.407 1 IMU_MAG -0.685547 -1.218262 0.652832
41.427 1 NAVIGATION 0 1 10804865. -3567889. 1.2947394501e+14 1.29474934866e+14 0 0
41.492 1 ATTITUDE 2.7146 -1.017334 0.390625
41.495 1 ESTIMATOR -17. 0.
41.496 1 DOWNLINK_STATUS 28 22958 1031 0 765. 33. 13.53
41.498 1 IMU_ACCEL -2.478516 -3.805664 -8.880859
41.592 1 ATTITUDE 2.723145 -1.012939 0.392334
41.598 1 DESIRED 0.3 1.69 5. 11. -106. 755. 2.
41.602 1 WP_MOVED 0 503228. 3567931. 755. 12
41.605 1 IMU_GYRO -0.012695 0. 0.013672
41.609 1 NAVIGATION 0 1 10804865. -3567889. 1.2947394501e+14 1.29474934866e+14 0 0
41.645 1 GPS 0 1130805120 0 0 -17000 0 0 0 69250 12 5
41.675 1 FBW_STATUS 2 0 1 0 0
41.679 1 NAVIGATION 0 1 10804865. -3567889. 1.2947394501e+14 1.29474934866e+14 0 0
41.692 1 ATTITUDE 2.72583 -1.008057 0.394043
41.696 1 BAT 0 0 0 0 1 240 69 0
41.775 1 COMMANDS 0,-9600,7134
41.792 1 ATTITUDE 2.729004 -1.003418 0.393555
41.798 1 DESIRED 0.3 1.69 5. 11. -106. 755. 2.
41.875 1 ACTUATORS 1000,1000,1571
41.892 1 ATTITUDE 2.735596 -0.998291 0.397705
41.898 1 GPS 0 1130805120 0 0 -17000 0 0 0 69500 12 6
41.900 1 CALIBRATION -150. 0
41.927 1 NAVIGATION 0 1 10804865. -3567889. 1.2947394501e+14 1.29474934866e+14 0 0
41.992 1 ATTITUDE 2.734619 -0.994385 0.397705
41.998 1 DESIRED 0.3 1.69 5. 11. -106. 755. 2.
42.001 1 ESTIMATOR -17. 0.
42.092 1 ATTITUDE 2.734863 -0.98999 0.398438
42.096 1 WP_MOVED 1 503186. 3567889. 755. 12
42.146 1 GPS 0 1130805120 0 0 -17000 0 0 0 69750 12 7
42.178 1 NAVIGATION 0 1 10804865. -3567889. 1.2947394501e+14 1.29474934866e+14 0 0
42.192 1 ATTITUDE 2.69751 -0.957764 0.392578
42.198 1 DESIRED 0.3 1.68 5. 11. -106. 755. 2.
42.201 1 IMU_GYRO -0.02124 0.029785 -0.037109
42.292 1 ATTITUDE 2.695312 -0.973877 0.393311
42.295 1 IMU_ACCEL -2.771484 -4.055664 -8.102539
42.297 1 DL_VALUE 4 0.
42.392 1 ATTITUDE 2.70874 -0.992188 0.397949
42.398 1 DESIRED 0.3 1.68 5. 11. -106. 755. 2.
42.404 1 GPS 0 1130805120 0 0 -17000 0 0 0 70000 12 8
42.407 1 GPS_SOL 795656576 100191 9999 0
42.427 1 NAVIGATION 0 1 10804865. -3567889. 1.2947394501e+14 1.29474934866e+14 0 0
42.492 1 ATTITUDE 2.707031 -1.009277 0.399902
42.495 1 ESTIMATOR -17. 0.
42.496 1 DOWNLINK_STATUS 29 23809 1070 0 851. 39. 13.53
42.496 1 STATE_FILTER_STATUS 3 0
42.592 1 ATTITUDE 2.691895 -1.003418 0.403076
42.598 1 DESIRED 0.3 1.67 5. 11. -106. 755. 2.
42.602 1 WP_MOVED 2 503197.09375 3567783. 755. 12
42.606 1 NAVIGATION 0 1 10804865. -3567889. 1.2947394501e+14 1.29474934866e+14 0 0
42.645 1 GPS 0 1130805120 0 0 -17000 0 0 0 70250 12 9
42.677 1 NAVIGATION 0 1 10804865. -3567889. 1.2947394501e+14 1.29474934866e+14 0 0
42.692 1 ATTITUDE 2.692383 -0.99707 0.404053
42.695 1 IMU_MAG -0.683105 -1.177734 0.678711
42.792 1 ATTITUDE 2.694824 -0.978027 0.404297
42.798 1 DESIRED 0.3 1.68 5. 11. -106. 755. 2.
42.801 1 IMU_GYRO 0.244629 0.325439 0.381836
42.805 1 BAT 0 0 0 0 1 241 70 0
42.808 1 ENERGY 0. 0. 0 0.
42.892 1 ATTITUDE 2.700684 -0.966064 0.39209
42.898 1 GPS 0 1130805120 0 0 -17000 0 0 0 70500 12 10
42.902 1 ALIVE 202,233,219,16,31,75,154,108,154,116,222,5,16,81,225,166
42.904 1 DOWNLINK 27 0 8878
42.927 1 NAVIGATION 0 1 10804865. -3567889. 1.2947394501e+14 1.29474934866e+14 0 0
42.992 1 ATTITUDE 2.701904 -0.961914 0.393555
42.998 1 DESIRED 0.3 1.68 5. 11. -106. 755. 2.
43.001 1 ESTIMATOR -17. 0.
43.003 1 PPRZ_MODE 4 1 2 0 0 6
43.092 1 ATTITUDE 2.705078 -0.955078 0.393555
43.096 1 WP_MOVED 0 503228. 3567931. 755. 12
43.099 1 IMU_ACCEL -2.483398 -3.911133 -8.923828
43.145 1 GPS 0 1130805120 0 0 -17000 0 0 0 70750 12 11
43.177 1 NAVIGATION 0 1 10804865. -3567889. 1.2947394501e+14 1.29474934866e+14 0 0
43.192 1 ATTITUDE 2.701172 -0.958008 0.391602
43.198 1 DESIRED 0.3 1.68 5. 11. -106. 755. 2.
43.292 1 ATTITUDE 2.702393 -0.956787 0.389648
43.392 1 ATTITUDE 2.69873 -0.962158 0.388672
43.398 1 DESIRED 0.3 1.68 5. 11. -106. 755. 2.
43.404 1 GPS 0 1130805120 0 0 -17000 0 0 0 71000 12 12
43.407 1 IMU_GYRO 0.038086 -0.000977 0.010498
43.427 1 NAVIGATION 0 1 10804865. -3567889. 1.2947394501e+14 1.29474934866e+14 0 0
43.492 1 ATTITUDE 2.69873 -0.966553 0.391113
43.495 1 ESTIMATOR -17. 0.
43.497 1 DOWNLINK_STATUS 30 24656 1108 0 847. 38. 13.53
43.592 1 ATTITUDE 2.70166 -0.975098 0.387939
43.598 1 DESIRED 0.3 1.68 5. 11. -106. 755. 2.
43.602 1 WP_MOVED 1 503186. 3567889. 755. 12
43.606 1 NAVIGATION 0 1 10804865. -3567889. 1.2947394501e+14 1.29474934866e+14 0 0
43.645 1 GPS 0 1130805120 0 0 -17000 0 0 0 71250 12 13
43.675 1 FBW_STATUS 2 0 1 0 0
43.680 1 NAVIGATION 0 1 10804865. -3567889. 1.2947394501e+14 1.29474934866e+14 0 0
43.692 1 ATTITUDE 2.703857 -0.976807 0.389648
43.792 1 ATTITUDE 2.704346 -0.978516 0.389893
43.798 1 DESIRED 0.3 1.68 5. 11. -106. 755. 2.
43.800 1 DL_VALUE 5 0.
43.892 1 ATTITUDE 2.713135 -0.983887 0.390869
43.898 1 GPS 0 1130805120 0 0 -17000 0 0 0 71500 12 14
43.901 1 IMU_ACCEL -2.333984 -3.853516 -8.918945
43.904 1 BAT 0 0 0 0 1 242 71 0
43.927 1 NAVIGATION 0 1 10804865. -3567889. 1.2947394501e+14 1.29474934866e+14 0 0
43.992 1 ATTITUDE 2.717041 -0.983643 0.391602
43.998 1 DESIRED 0.3 1.69 5. 11. -106. 755. 2.
44.001 1 ESTIMATOR -17. 0.
44.004 1 IMU_GYRO 0.05957 0.009521 0.010498
44.007 1 IMU_MAG -0.685547 -1.218262 0.632812
44.009 1 CALIBRATION -150. 0
44.010 1 PONG 
44.092 1 ATTITUDE 2.704102 -0.985107 0.391602
44.096 1 WP_MOVED 2 503197.09375 3567783. 755. 12
44.145 1 GPS 0 1130805120 0 0 -17000 0 0 0 71750 12 15
44.178 1 NAVIGATION 0 1 10804865. -3567889. 1.2947394501e+14 1.29474934866e+14 0 0
44.192 1 ATTITUDE 2.702881 -0.988281 0.39209
44.198 1 DESIRED 0.3 1.68 5. 11. -106. 755. 2.
44.292 1 ATTITUDE 2.686279 -1.001221 0.397949
44.393 1 ATTITUDE 2.656738 -1.022705 0.404541
44.398 1 DESIRED 0.3 1.66 5. 11. -106. 755. 2.
44.405 1 GPS 0 1130805120 0 0 -17000 0 0 0 72000 12 16
44.407 1 GPS_SOL 795659200 100197 9999 0
44.427 1 NAVIGATION 0 1 10804865. -3567889. 1.2947394501e+14 1.29474934866e+14 0 0
44.492 1 ATTITUDE 2.64917 -1.026855 0.403809
44.495 1 ESTIMATOR -17. 0.
44.498 1 DOWNLINK_STATUS 31 25469 1145 0 813. 37. 20.69
44.592 1 ATTITUDE 2.685059 -0.980225 0.393799
44.598 1 DESIRED 0.3 1.67 5. 11. -106. 755. 2.
44.601 1 WP_MOVED 0 503228. 3567931. 755. 12
44.605 1 IMU_GYRO -0.008301 0.008301 0.014893
44.609 1 NAVIGATION 0 1 10804865. -3567889. 1.2947394501e+14 1.29474934866e+14 0 0
44.645 1 GPS 0 1130805120 0 0 -17000 0 0 0 72250 12 1
44.678 1 NAVIGATION 0 1 10804865. -3567889. 1.2947394501e+14 1.29474934866e+14 0 0
44.692 1 ATTITUDE 2.678711 -0.984131 0.391602
44.695 1 IMU_ACCEL -2.449219 -4.069336 -8.553711
44.697 1 STATE_FILTER_STATUS 3 0
44.792 1 ATTITUDE 2.698486 -0.980957 0.392822
44.798 1 DESIRED 0.3 1.68 5. 11. -106. 755. 2.
44.892 1 ATTITUDE 2.699951 -0.982422 0.394775
44.898 1 GPS 0 1130805120 0 0 -17000 0 0 0 72500 12 2
44.927 1 NAVIGATION 0 1 10804865. -3567889. 1.2947394501e+14 1.29474934866e+14 0 0
44.992 1 ATTITUDE 2.69873 -0.984131 0.393555
44.998 1 DESIRED 0.3 1.68 5. 11. -106. 755. 2.
45.000 1 ESTIMATOR -17. 0.
45.004 1 BAT 0 0 0 0 1 243 72 0
45.092 1 ATTITUDE 2.699707 -0.985107 0.394531
45.096 1 WP_MOVED 1 503186. 3567889. 755. 12
45.145 1 GPS 0 1130805120 0 0 -17000 0 0 0 72750 12 3
45.178 1 NAVIGATION 0 1 10804865. -3567889. 1.2947394501e+14 1.29474934866e+14 0 0
45.192 1 ATTITUDE 2.700928 -0.986084 0.394775
45.198 1 DESIRED 0.3 1.68 5. 11. -106. 755. 2.
45.201 1 IMU_GYRO -0.00415 0.000977 0.015869
45.292 1 ATTITUDE 2.700928 -0.986572 0.39502
45.295 1 IMU_MAG -0.685547 -1.221191 0.649902
45.297 1 DL_VALUE 6 100.
45.301 1 ENERGY 0. 0. 0 0.
45.392 1 ATTITUDE 2.701416 -0.987061 0.39502
45.398 1 DESIRED 0.3 1.68 5. 11. -106. 755. 2.
45.404 1 GPS 0 1130805120 0 0 -17000 0 0 0 73000 12 4
45.427 1 NAVIGATION 0 1 10804865. -3567889. 1.2947394501e+14 1.29474934866e+14 0 0
45.492 1 ATTITUDE 2.703125 -0.987305 0.39624
45.495 1 ESTIMATOR -17. 0.
45.498 1 IMU_ACCEL -2.454102 -3.838867 -8.829102
45.499 1 DOWNLINK_STATUS 32 26299 1182 0 830. 37. 20.69
45.592 1 ATTITUDE 2.705078 -0.987305 0.396729
45.598 1 DESIRED 0.3 1.68 5. 11. -106. 755. 2.
45.601 1 WP_MOVED 2 503197.09375 3567783. 755. 12
45.606 1 NAVIGATION 0 1 10804865. -3567889. 1.2947394501e+14 1.29474934866e+14 0 0
45.645 1 GPS 0 1130805120 0 0 -17000 0 0 0 73250 12 5
45.677 1 FBW_STATUS 2 0 1 0 0
45.679 1 NAVIGATION 0 1 10804865. -3567889. 1.2947394501e+14 1.29474934866e+14 0 0
45.692 1 ATTITUDE 2.709473 -0.985352 0.39624
45.792 1 ATTITUDE 2.711914 -0.985107 0.39624
45.798 1 DESIRED 0.3 1.68 5. 11. -106. 755. 2.
45.801 1 IMU_GYRO -0.087158 -0.04248 0.054199
45.892 1 ATTITUDE 2.710693 -0.983887 0.398193
45.898 1 GPS 0 1130805120 0 0 -17000 0 0 0 73500 12 6
45.927 1 NAVIGATION 0 1 10804865. -3567889. 1.2947394501e+14 1.29474934866e+14 0 0
45.992 1 ATTITUDE 2.709229 -0.976318 0.397949
45.998 1 DESIRED 0.3 1.68 5. 11. -106. 755. 2.
46.000 1 ESTIMATOR -17. 0.
46.092 1 ATTITUDE 2.71582 -0.973633 0.398438
46.096 1 WP_MOVED 0 503228. 3567931. 755. 12
46.099 1 BAT 0 0 0 0 1 244 73 0
46.101 1 CALIBRATION -150. 0
46.145 1 GPS 0 1130805120 0 0 -17000 0 0 0 73750 12 7
46.177 1 NAVIGATION 0 1 10804865. -3567889. 1.2947394501e+14 1.29474934866e+14 0 0
46.192 1 ATTITUDE 2.718018 -0.970703 0.399414
46.198 1 DESIRED 0.3 1.69 5. 11. -106. 755. 2.
46.292 1 ATTITUDE 2.714355 -0.972168 0.398193
46.295 1 IMU_ACCEL -2.454102 -3.738281 -8.804688
46.298 1 NAVIGATION_REF 503186 3567889 12
46.392 1 ATTITUDE 2.713867 -0.972656 0.398438
46.399 1 DESIRED 0.3 1.68 5. 11. -106. 755. 2.
46.404 1 GPS 0 1130805120 0 0 -17000 0 0 0 74000 12 8
46.407 1 IMU_GYRO -0.242432 -0.024414 0.041504
46.410 1 GPS_SOL 795661824 100202 9999 0
46.427 1 NAVIGATION 0 1 10804865. -3567889. 1.2947394501e+14 1.29474934866e+14 0 0
46.492 1 ATTITUDE 2.720459 -0.972168 0.398682
46.494 1 ESTIMATOR -17. 0.
46.499 1 DOWNLINK_STATUS 33 27110 1218 0 811. 36. 20.69
46.592 1 ATTITUDE 2.722656 -0.971436 0.397705
46.598 1 DESIRED 0.3 1.69 5. 11. -106. 755. 2.
46.601 1 WP_MOVED 1 503186. 3567889. 755. 12
46.606 1 NAVIGATION 0 1 10804865. -3567889. 1.2947394501e+14 1.29474934866e+14 0 0
46.609 1 IMU_MAG -0.700195 -1.221191 0.618652
46.645 1 GPS 0 1130805120 0 0 -17000 0 0 0 74250 12 9
46.678 1 NAVIGATION 0 1 10804865. -3567889. 1.2947394501e+14 1.29474934866e+14 0 0
46.693 1 ATTITUDE 2.731934 -0.970459 0.398438
46.774 1 COMMANDS 0,-9600,7126
46.792 1 ATTITUDE 2.742188 -0.962646 0.400635
46.798 1 DESIRED 0.3 1.7 5. 11. -106. 755. 2.
46.800 1 DL_VALUE 7 4.
46.874 1 ACTUATORS 1000,1000,1572
46.892 1 ATTITUDE 2.743164 -0.959961 0.400146
46.898 1 GPS 0 1130805120 0 0 -17000 0 0 0 74500 12 10
46.899 1 STATE_FILTER_STATUS 3 0
46.911 1 SETTING 1 9 0.
46.916 1 DL_VALUE 9 0.
46.927 1 NAVIGATION 0 1 10804865. -3567889. 1.2947394501e+14 1.29474934866e+14 0 0
46.992 1 ATTITUDE 2.745361 -0.959473 0.400146
46.998 1 DESIRED 0.3 1.7 5. 11. -106. 755. 2.
47.000 1 ESTIMATOR -17. 0.
47.003 1 IMU_GYRO 0.033936 0.011475 0.02124
47.092 1 ATTITUDE 2.745605 -0.958496 0.39917
47.095 1 WP_MOVED 2 503197.09375 3567783. 755. 12
47.099 1 IMU_ACCEL -2.34375 -3.378906 -8.880859
47.145 1 GPS 0 1130805120 0 0 -17000 0 0 0 74750 12 11
47.178 1 NAVIGATION 0 1 10804865. -3567889. 1.2947394501e+14 1.29474934866e+14 0 0
47.192 1 ATTITUDE 2.744385 -0.957764 0.397217
47.198 1 DESIRED 0.3 1.7 5. 11. -106. 755. 2.
47.201 1 BAT 2880 0 0 0 0 245 74 0
47.292 1 ATTITUDE 2.742676 -0.954346 0.398193
47.392 1 ATTITUDE 2.74707 -0.952637 0.4021
47.398 1 DESIRED 0.3 1.7 5. 11. -106. 755. 2.
47.404 1 GPS 0 1130805120 0 0 -17000 0 0 0 75000 12 12
47.427 1 NAVIGATION 0 1 10804865. -3567889. 1.2947394501e+14 1.29474934866e+14 0 0
47.492 1 ATTITUDE 2.74707 -0.953857 0.402588
47.494 1 ESTIMATOR -17. 0.
47.500 1 DOWNLINK_STATUS 34 27921 1255 0 811. 37. 20.69
47.592 1 ATTITUDE 2.746094 -0.956299 0.402588
47.598 1 DESIRED 0.3 1.7 5. 11. -106. 755. 2.
47.601 1 WP_MOVED 0 503228. 3567931. 755. 12
47.604 1 IMU_GYRO -0.008301 0.012695 -0.000977
47.609 1 NAVIGATION 0 1 10804865. -3567889. 1.2947394501e+14 1.29474934866e+14 0 0
47.645 1 GPS 0 1130805120 0 0 -17000 0 0 0 75250 12 13
47.676 1 FBW_STATUS 2 0 1 0 0
47.680 1 NAVIGATION 0 1 10804865. -3567889. 1.2947394501e+14 1.29474934866e+14 0 0
47.692 1 ATTITUDE 2.743164 -0.959473 0.400146
47.792 1 ATTITUDE 2.723145 -0.965576 0.388184
47.798 1 DESIRED 0.3 1.69 5. 11. -106. 755. 2.
47.801 1 ENERGY 0. 0. 0 0.
47.892 1 ATTITUDE 2.730957 -0.951416 0.384521
47.898 1 GPS 0 1130805120 0 0 -17000 0 0 0 75500 12 14
47.901 1 IMU_ACCEL -2.137695 -3.657227 -9.151367
47.904 1 IMU_MAG -0.702637 -1.241211 0.601074
47.908 1 ALIVE 202,233,219,16,31,75,154,108,154,116,222,5,16,81,225,166
47.927 1 NAVIGATION 0 1 10804865. -3567889. 1.2947394501e+14 1.29474934866e+14 0 0
47.992 1 ATTITUDE 2.742676 -0.947754 0.382568
47.998 1 DESIRED 0.3 1.7 5. 11. -106. 755. 2.
48.000 1 ESTIMATOR -17. 0.
48.002 1 PPRZ_MODE 4 1 2 0 0 6
48.004 1 DOWNLINK 27 827 9068
48.092 1 ATTITUDE 2.762207 -0.937012 0.378662
48.095 1 WP_MOVED 1 503186. 3567889. 755. 12
48.145 1 GPS 0 1130805120 0 0 -17000 0 0 0 75750 12 15
48.178 1 NAVIGATION 0 1 10804865. -3567889. 1.2947394501e+14 1.29474934866e+14 0 0
48.192 1 ATTITUDE 2.746582 -0.954834 0.378418
48.198 1 DESIRED 0.3 1.7 5. 11. -106. 755. 2.
48.201 1 IMU_GYRO 0.008301 -0.012695 0.026367
48.203 1 CALIBRATION -150. 0
48.292 1 ATTITUDE 2.74585 -0.958008 0.378418
48.295 1 BAT 0 0 0 0 1 246 75 0
48.297 1 DL_VALUE 8 1.
48.393 1 ATTITUDE 2.74585 -0.960449 0.378662
48.398 1 DESIRED 0.3 1.7 5. 11. -106. 755. 2.
48.404 1 GPS 0 1130805120 0 0 -17000 0 0 0 76000 12 16
48.406 1 GPS_SOL 795664576 100208 9999 0
48.427 1 NAVIGATION 0 1 10804865. -3567889. 1.2947394501e+14 1.29474934866e+14 0 0
48.484 1 WIND_INFO 1 42 0. 0. 0.
48.492 1 ATTITUDE 2.745117 -0.963135 0.378418
48.494 1 ESTIMATOR -17. 0.
48.501 1 DOWNLINK_STATUS 35 28812 1296 0 891. 41. 20.69
48.592 1 ATTITUDE 2.745361 -0.964844 0.378418
48.598 1 DESIRED 0.3 1.7 5. 11. -106. 755. 2.
48.601 1 WP_MOVED 2 503197.09375 3567783. 755. 12
48.606 1 NAVIGATION 0 1 10804865. -3567889. 1.2947394501e+14 1.29474934866e+14 0 0
48.644 1 GPS 0 1130805120 0 0 -17000 0 0 0 76250 12 1
48.678 1 NAVIGATION 0 1 10804865. -3567889. 1.2947394501e+14 1.29474934866e+14 0 0
48.693 1 ATTITUDE 2.745117 -0.966797 0.378418
48.695 1 IMU_ACCEL -2.262695 -3.484375 -9.076172
48.792 1 ATTITUDE 2.745361 -0.968262 0.378418
48.798 1 DESIRED 0.3 1.7 5. 11. -106. 755. 2.
48.801 1 IMU_GYRO -0.016846 0.005127 0.015869
48.892 1 ATTITUDE 2.745605 -0.969238 0.378418
48.898 1 GPS 0 1130805120 0 0 -17000 0 0 0 76500 12 2
48.927 1 NAVIGATION 0 1 10804865. -3567889. 1.2947394501e+14 1.29474934866e+14 0 0
48.992 1 ATTITUDE 2.745605 -0.970215 0.378662
48.998 1 DESIRED 0.3 1.7 5. 11. -106. 755. 2.
49.000 1 ESTIMATOR -17. 0.
49.001 1 PONG 
49.092 1 ATTITUDE 2.74585 -0.971191 0.378418
49.095 1 WP_MOVED 0 503228. 3567931. 755. 12
49.097 1 STATE_FILTER_STATUS 3 0
49.144 1 GPS 0 1130805120 0 0 -17000 0 0 0 76750 12 3
49.179 1 NAVIGATION 0 1 10804865. -3567889. 1.2947394501e+14 1.29474934866e+14 0 0
49.192 1 ATTITUDE 2.74585 -0.972168 0.378662
49.198 1 DESIRED 0.3 1.7 5. 11. -106. 755. 2.
49.201 1 IMU_MAG -0.70752 -1.255859 0.572266
49.292 1 ATTITUDE 2.74585 -0.972656 0.378662
49.392 1 ATTITUDE 2.74585 -0.973633 0.378662
49.718 1 DESIRED 0.3 1.7 5. 11. -106. 755. 2.
49.719 1 GPS 0 1130805120 0 0 -17000 0 0 0 77000 12 4
49.719 1 IMU_GYRO -0.016846 0.00415 0.016846
49.719 1 BAT 0 0 0 0 1 247 76 0
49.719 1 NAVIGATION 0 1 10804865. -3567889. 1.2947394501e+14 1.29474934866e+14 0 0
49.719 1 ATTITUDE 2.746094 -0.973877 0.378906
49.719 1 ESTIMATOR -17. 0.
49.720 1 IMU_ACCEL -2.233398 -3.489258 -9.051758
49.720 1 DOWNLINK_STATUS 36 29617 1332 0 805. 36. 11.1
49.720 1 ATTITUDE 2.746094 -0.974365 0.378662
49.720 1 DESIRED 0.3 1.7 5. 11. -106. 755. 2.
49.720 1 WP_MOVED 1 503186. 3567889. 755. 12
49.720 1 NAVIGATION 0 1 10804865. -3567889. 1.2947394501e+14 1.29474934866e+14 0 0
49.721 1 GPS 0 1130805120 0 0 -17000 0 0 0 77250 12 5
49.721 1 FBW_STATUS 2 0 1 0 0
49.721 1 NAVIGATION 0 1 10804865. -3567889. 1.2947394501e+14 1.29474934866e+14 0 0
49.721 1 ATTITUDE 2.746338 -0.974365 0.378662
49.792 1 ATTITUDE 2.746338 -0.974365 0.378906
49.798 1 DESIRED 0.3 1.7 5. 11. -106. 755. 2.
49.800 1 DL_VALUE 9 1.
49.892 1 ATTITUDE 2.746338 -0.974609 0.378906
49.898 1 GPS 0 1130805120 0 0 -17000 0 0 0 77500 12 6
49.929 1 NAVIGATION 0 1 10804865. -3567889. 1.2947394501e+14 1.29474934866e+14 0 0
49.992 1 ATTITUDE 2.746582 -0.975098 0.378906
49.998 1 DESIRED 0.3 1.7 5. 11. -106. 755. 2.
50.000 1 ESTIMATOR -17. 0.
50.003 1 IMU_GYRO -0.012695 0.00415 0.015869
50.092 1 ATTITUDE 2.746582 -0.975098 0.378906
50.095 1 WP_MOVED 2 503197.09375 3567783. 755. 12
50.144 1 GPS 0 1130805120 0 0 -17000 0 0 0 77750 12 7
50.176 1 NAVIGATION 0 1 10804865. -3567889. 1.2947394501e+14 1.29474934866e+14 0 0
50.192 1 ATTITUDE 2.746582 -0.97583 0.378906
50.198 1 DESIRED 0.3 1.7 5. 11. -106. 755. 2.
50.292 1 ATTITUDE 2.746582 -0.97583 0.378906
50.295 1 IMU_ACCEL -2.291016 -3.50293 -9.02832
50.297 1 CALIBRATION -150. 0
50.300 1 ENERGY 0. 0. 0 0.
50.392 1 ATTITUDE 2.746826 -0.97583 0.37915
50.398 1 DESIRED 0.3 1.7 5. 11. -106. 755. 2.
50.403 1 GPS 0 1130805120 0 0 -17000 0 0 0 78000 12 8
50.406 1 GPS_SOL 795667456 100214 9999 0
50.427 1 NAVIGATION 0 1 10804865. -3567889. 1.2947394501e+14 1.29474934866e+14 0 0
50.492 1 ATTITUDE 2.746826 -0.976074 0.37915
50.494 1 ESTIMATOR -17. 0.
50.498 1 BAT 0 0 0 0 1 248 77 0
50.501 1 IMU_MAG -0.700195 -1.25 0.581055
50.502 1 DOWNLINK_STATUS 37 30444 1369 0 827. 37. 11.1
50.592 1 ATTITUDE 2.746826 -0.97583 0.37915
50.598 1 DESIRED 0.3 1.7 5. 11. -106. 755. 2.
50.601 1 WP_MOVED 0 503228. 3567931. 755. 12
50.604 1 IMU_GYRO -0.012695 0.00415 0.016846
50.609 1 NAVIGATION 0 1 10804865. -3567889. 1.2947394501e+14 1.29474934866e+14 0 0
50.644 1 GPS 0 1130805120 0 0 -17000 0 0 0 78250 12 9
50.676 1 NAVIGATION 0 1 10804865. -3567889. 1.2947394501e+14 1.29474934866e+14 0 0
50.692 1 ATTITUDE 2.746826 -0.97583 0.37915
50.792 1 ATTITUDE 2.746826 -0.97583 0.37915
50.798 1 DESIRED 0.3 1.7 5. 11. -106. 755. 2.
50.892 1 ATTITUDE 2.746826 -0.97583 0.37915
50.897 1 GPS 0 1130805120 0 0 -17000 0 0 0 78500 12 10
50.926 1 NAVIGATION 0 1 10804865. -3567889. 1.2947394501e+14 1.29474934866e+14 0 0
50.992 1 ATTITUDE 2.74707 -0.976074 0.379395
50.998 1 DESIRED 0.3 1.7 5. 11. -106. 755. 2.
51.000 1 ESTIMATOR -17. 0.
51.092 1 ATTITUDE 2.74707 -0.976074 0.379395
51.095 1 WP_MOVED 1 503186. 3567889. 755. 12
51.098 1 IMU_ACCEL -2.291016 -3.474609 -9.081055
51.144 1 GPS 0 1130805120 0 0 -17000 0 0 0 78750 12 11
51.176 1 NAVIGATION 0 1 10804865. -3567889. 1.2947394501e+14 1.29474934866e+14 0 0
51.192 1 ATTITUDE 2.74707 -0.976074 0.379395
51.198 1 DESIRED 0.3 1.7 5. 11. -106. 755. 2.
51.201 1 IMU_GYRO -0.012695 0.00415 0.015869
51.292 1 ATTITUDE 2.747314 -0.976318 0.379395
51.294 1 DL_VALUE 10 0.
51.295 1 STATE_FILTER_STATUS 3 0
51.359 1 SETTING 1 9 0.
51.364 1 DL_VALUE 9 0.
51.392 1 ATTITUDE 2.747314 -0.976074 0.379639
51.398 1 DESIRED 0.3 1.7 5. 11. -106. 755. 2.
51.403 1 GPS 0 1130805120 0 0 -17000 0 0 0 79000 12 12
51.426 1 NAVIGATION 0 1 10804865. -3567889. 1.2947394501e+14 1.29474934866e+14 0 0
51.492 1 ATTITUDE 2.747314 -0.976074 0.379639
51.494 1 ESTIMATOR -17. 0.
51.502 1 DOWNLINK_STATUS 38 31209 1403 0 765. 34. 11.1
51.592 1 ATTITUDE 2.744141 -0.978027 0.37915
51.598 1 DESIRED 0.3 1.7 5. 11. -106. 755. 2.
51.601 1 WP_MOVED 2 503197.09375 3567783. 755. 12
51.606 1 NAVIGATION 0 1 10804865. -3567889. 1.2947394501e+14 1.29474934866e+14 0 0
51.609 1 BAT 2880 0 0 0 0 249 78 0
51.644 1 GPS 0 1130805120 0 0 -17000 0 0 0 79250 12 13
51.674 1 FBW_STATUS 2 0 1 0 0
51.679 1 NAVIGATION 0 1 10804865. -3567889. 1.2947394501e+14 1.29474934866e+14 0 0
51.692 1 ATTITUDE 2.741943 -0.979004 0.380615
51.774 1 COMMANDS 2880,-9600,7249
51.792 1 ATTITUDE 2.739014 -0.989502 0.377441
51.798 1 DESIRED 0.3 1.7 5. 11. -106. 755. 2.
51.801 1 IMU_GYRO -0.325439 -0.067871 -0.185059
51.804 1 IMU_MAG -0.651367 -1.302246 0.561035
51.874 1 ACTUATORS 1300,1000,1577
51.892 1 ATTITUDE 2.742676 -0.996094 0.37793
51.897 1 GPS 0 1130805120 0 0 -17000 0 0 0 79500 12 14
51.901 1 IMU_ACCEL -2.506836 -3.78125 -9.660156
51.926 1 NAVIGATION 0 1 10804865. -3567889. 1.2947394501e+14 1.29474934866e+14 0 0
51.992 1 ATTITUDE 2.738037 -0.997314 0.377197
51.998 1 DESIRED 0.3 1.69 5. 11. -106. 755. 2.
52.000 1 ESTIMATOR -17. 0.
52.092 1 ATTITUDE 2.739746 -0.995361 0.376953
52.095 1 WP_MOVED 0 503228. 3567931. 755. 12
52.144 1 GPS 0 1130805120 0 0 -17000 0 0 0 79750 12 15
52.177 1 NAVIGATION 0 1 10804865. -3567889. 1.2947394501e+14 1.29474934866e+14 0 0
52.192 1 ATTITUDE 2.73999 -0.994629 0.375977
52.198 1 DESIRED 0.3 1.7 5. 11. -106. 755. 2.
52.292 1 ATTITUDE 2.73999 -0.993164 0.376709
52.392 1 ATTITUDE 2.740234 -0.992432 0.376709
52.398 1 DESIRED 0.3 1.7 5. 11. -106. 755. 2.
52.403 1 GPS 0 1130805120 0 0 -17000 0 0 0 80000 12 16
52.406 1 IMU_GYRO -0.00415 0.007324 0.014893
52.409 1 GPS_SOL 795670272 100219 9999 0
52.427 1 NAVIGATION 0 1 10804865. -3567889. 1.2947394501e+14 1.29474934866e+14 0 0
52.492 1 ATTITUDE 2.740234 -0.991699 0.376709
52.494 1 ESTIMATOR -17. 0.
52.503 1 DOWNLINK_STATUS 39 32038 1440 0 829. 37. 11.1
52.592 1 ATTITUDE 2.740234 -0.991211 0.376709
52.598 1 DESIRED 0.3 1.7 5. 11. -106. 755. 2.
52.601 1 WP_MOVED 1 503186. 3567889. 755. 12
52.606 1 NAVIGATION 0 1 10804865. -3567889. 1.2947394501e+14 1.29474934866e+14 0 0
52.644 1 GPS 0 1130805120 0 0 -17000 0 0 0 80250 12 1
52.676 1 NAVIGATION 0 1 10804865. -3567889. 1.2947394501e+14 1.29474934866e+14 0 0
52.692 1 ATTITUDE 2.740234 -0.990967 0.376709
52.695 1 IMU_ACCEL -2.238281 -3.546875 -9.023438
52.698 1 BAT 0 0 0 0 1 251 80 0
52.792 1 ATTITUDE 2.740234 -0.990723 0.376709
52.798 1 DESIRED 0.3 1.7 5. 11. -106. 755. 2.
52.799 1 DL_VALUE 11 1.
52.803 1 ENERGY 0. 0. 0 0.
52.892 1 ATTITUDE 2.740479 -0.990234 0.376709
52.897 1 GPS 0 1130805120 0 0 -17000 0 0 0 80500 12 2
52.901 1 ALIVE 202,233,219,16,31,75,154,108,154,116,222,5,16,81,225,166
52.926 1 NAVIGATION 0 1 10804865. -3567889. 1.2947394501e+14 1.29474934866e+14 0 0
52.992 1 ATTITUDE 2.740479 -0.990234 0.376709
52.998 1 DESIRED 0.3 1.7 5. 11. -106. 755. 2.
53.000 1 ESTIMATOR -17. 0.
53.003 1 IMU_GYRO -0.014893 0.00415 0.015869
53.005 1 PPRZ_MODE 4 1 2 0 0 6
53.093 1 ATTITUDE 2.740479 -0.98999 0.376709
53.097 1 WP_MOVED 2 503197.09375 3567783. 755. 12
53.098 1 IMU_MAG -0.687988 -1.264648 0.572266
53.100 1 DOWNLINK 28 818 9256
53.144 1 GPS 0 1130805120 0 0 -17000 0 0 0 80750 12 3
53.177 1 NAVIGATION 0 1 10804865. -3567889. 1.2947394501e+14 1.29474934866e+14 0 0
53.192 1 ATTITUDE 2.740479 -0.990234 0.376953
53.198 1 DESIRED 0.3 1.7 5. 11. -106. 755. 2.
53.292 1 ATTITUDE 2.740479 -0.990234 0.376953
53.392 1 ATTITUDE 2.740234 -0.98999 0.376953
53.397 1 DESIRED 0.3 1.7 5. 11. -106. 755. 2.
53.403 1 GPS 0 1130805120 0 0 -17000 0 0 0 81000 12 4
53.426 1 NAVIGATION 0 1 10804865. -3567889. 1.2947394501e+14 1.29474934866e+14 0 0
53.492 1 ATTITUDE 2.740234 -0.989746 0.376953
53.494 1 ESTIMATOR -17. 0.
53.497 1 IMU_ACCEL -2.267578 -3.56543 -9.038086
53.499 1 STATE_FILTER_STATUS 3 0
53.504 1 DOWNLINK_STATUS 40 32896 1479 0 858. 39. 11.1
53.592 1 ATTITUDE 2.740479 -0.989502 0.376953
53.597 1 DESIRED 0.3 1.7 5. 11. -106. 755. 2.
53.601 1 WP_MOVED 0 503228. 3567931. 755. 12
53.604 1 IMU_GYRO -0.008301 0.00415 0.016846
53.609 1 NAVIGATION 0 1 10804865. -3567889. 1.2947394501e+14 1.29474934866e+14 0 0
53.644 1 GPS 0 1130805120 0 0 -17000 0 0 0 81250 12 5
53.674 1 FBW_STATUS 2 0 1 0 0
53.679 1 NAVIGATION 0 1 10804865. -3567889. 1.2947394501e+14 1.29474934866e+14 0 0
53.692 1 ATTITUDE 2.740479 -0.989746 0.376953
53.794 1 ATTITUDE 2.740479 -0.989502 0.376953
53.798 1 DESIRED 0.3 1.7 5. 11. -106. 755. 2.
53.801 1 BAT 0 0 0 0 1 252 81 0
53.892 1 ATTITUDE 2.740479 -0.989502 0.376953
53.897 1 GPS 0 1130805120 0 0 -17000 0 0 0 81500 12 6
53.927 1 NAVIGATION 0 1 10804865. -3567889. 1.2947394501e+14 1.29474934866e+14 0 0
53.992 1 ATTITUDE 2.740723 -0.989746 0.377197
53.998 1 DESIRED 0.3 1.7 5. 11. -106. 755. 2.
54.000 1 ESTIMATOR -17. 0.
54.001 1 PONG 
54.092 1 ATTITUDE 2.740723 -0.98999 0.376953
54.095 1 WP_MOVED 1 503186. 3567889. 755. 12
54.144 1 GPS 0 1130805120 0 0 -17000 0 0 0 81750 12 7
54.177 1 NAVIGATION 0 1 10804865. -3567889. 1.2947394501e+14 1.29474934866e+14 0 0
54.192 1 ATTITUDE 2.740723 -0.989746 0.377197
54.197 1 DESIRED 0.3 1.7 5. 11. -106. 755. 2.
54.201 1 IMU_GYRO -0.008301 0.001953 0.016846
54.292 1 ATTITUDE 2.740723 -0.989502 0.377197
54.295 1 IMU_ACCEL -2.233398 -3.599609 -9.02832
54.297 1 DL_VALUE 0 0.
54.392 1 ATTITUDE 2.740967 -0.989014 0.377441
54.398 1 DESIRED 0.3 1.7 5. 11. -106. 755. 2.
54.403 1 GPS 0 1130805120 0 0 -17000 0 0 0 82000 12 8
54.407 1 IMU_MAG -0.687988 -1.258789 0.578125
54.410 1 GPS_SOL 795673280 100225 9999 0
54.427 1 NAVIGATION 0 1 10804865. -3567889. 1.2947394501e+14 1.29474934866e+14 0 0
54.492 1 ATTITUDE 2.740723 -0.98877 0.377197
54.494 1 ESTIMATOR -17. 0.
54.496 1 CALIBRATION -150. 0
54.505 1 DOWNLINK_STATUS 41 33727 1517 0 831. 38. 11.02
54.592 1 ATTITUDE 2.740723 -0.98877 0.377441
54.599 1 DESIRED 0.3 1.7 5. 11. -106. 755. 2.
54.601 1 WP_MOVED 2 503197.09375 3567783. 755. 12
54.605 1 NAVIGATION 0 1 10804865. -3567889. 1.2947394501e+14 1.29474934866e+14 0 0
54.645 1 GPS 0 1130805120 0 0 -17000 0 0 0 82250 12 9
54.677 1 NAVIGATION 0 1 10804865. -3567889. 1.2947394501e+14 1.29474934866e+14 0 0
54.692 1 ATTITUDE 2.740723 -0.989014 0.377441
54.791 1 ATTITUDE 2.740723 -0.989014 0.377441
54.798 1 DESIRED 0.3 1.7 5. 11. -106. 755. 2.
54.801 1 IMU_GYRO -0.012695 0.005127 0.014893
54.891 1 ATTITUDE 2.740723 -0.989014 0.377441
54.897 1 GPS 0 1130805120 0 0 -17000 0 0 0 82500 12 10
54.901 1 BAT 0 0 0 0 1 253 82 0
54.926 1 NAVIGATION 0 1 10804865. -3567889. 1.2947394501e+14 1.29474934866e+14 0 0
54.991 1 ATTITUDE 2.740723 -0.989014 0.377686
54.997 1 DESIRED 0.3 1.7 5. 11. -106. 755. 2.
55.000 1 ESTIMATOR -17. 0.
55.092 1 ATTITUDE 2.740723 -0.989258 0.377441
55.095 1 WP_MOVED 0 503228. 3567931. 755. 12
55.098 1 IMU_ACCEL -2.248047 -3.537109 -9.02832
55.144 1 GPS 0 1130805120 0 0 -17000 0 0 0 82750 12 11
55.176 1 NAVIGATION 0 1 10804865. -3567889. 1.2947394501e+14 1.29474934866e+14 0 0
55.192 1 ATTITUDE 2.740723 -0.989258 0.377686
55.197 1 DESIRED 0.3 1.7 5. 11. -106. 755. 2.
55.250 1 SETTING 1 9 1.
55.255 1 DL_VALUE 9 1.
55.291 1 ATTITUDE 2.740723 -0.989502 0.377686
55.295 1 ENERGY 0. 0. 0 0.
55.298 1 NAVIGATION_REF 503186 3567889 12
55.391 1 ATTITUDE 2.740723 -0.989258 0.377686
55.397 1 DESIRED 0.3 1.7 5. 11. -106. 755. 2.
55.403 1 GPS 0 1130805120 0 0 -17000 0 0 0 83000 12 12
55.406 1 IMU_GYRO -0.012695 0.00415 0.015869
55.426 1 NAVIGATION 0 1 10804865. -3567889. 1.2947394501e+14 1.29474934866e+14 0 0
55.491 1 ATTITUDE 2.740723 -0.989258 0.37793
55.494 1 ESTIMATOR -17. 0.
55.506 1 DOWNLINK_STATUS 42 34527 1552 0 800. 35. 11.02
55.591 1 ATTITUDE 2.740723 -0.989258 0.377686
55.597 1 DESIRED 0.3 1.7 5. 11. -106. 755. 2.
55.601 1 WP_MOVED 1 503186. 3567889. 755. 12
55.605 1 NAVIGATION 0 1 10804865. -3567889. 1.2947394501e+14 1.29474934866e+14 0 0
55.644 1 GPS 0 1130805120 0 0 -17000 0 0 0 83250 12 13
55.674 1 FBW_STATUS 2 0 1 0 0
55.679 1 NAVIGATION 0 1 10804865. -3567889. 1.2947394501e+14 1.29474934866e+14 0 0
55.691 1 ATTITUDE 2.740723 -0.989014 0.377686
55.695 1 IMU_MAG -0.69043 -1.261719 0.572266
55.696 1 STATE_FILTER_STATUS 3 0
55.791 1 ATTITUDE 2.740723 -0.989014 0.37793
55.797 1 DESIRED 0.3 1.7 5. 11. -106. 755. 2.
55.799 1 DL_VALUE 1 0.
55.891 1 ATTITUDE 2.740967 -0.98877 0.37793
55.897 1 GPS 0 1130805120 0 0 -17000 0 0 0 83500 12 14
55.900 1 IMU_ACCEL -2.238281 -3.56543 -9.
55.926 1 NAVIGATION 0 1 10804865. -3567889. 1.2947394501e+14 1.29474934866e+14 0 0
55.991 1 ATTITUDE 2.740967 -0.98877 0.37793
55.997 1 DESIRED 0.3 1.7 5. 11. -106. 755. 2.
56.000 1 ESTIMATOR -17. 0.
56.003 1 IMU_GYRO -0.014893 0.005127 0.015869
56.006 1 BAT 0 0 0 0 1 254 83 0
56.091 1 ATTITUDE 2.741211 -0.989014 0.377686
56.095 1 WP_MOVED 2 503197.09375 3567783. 755. 12
56.144 1 GPS 0 1130805120 0 0 -17000 0 0 0 83750 12 15
56.176 1 NAVIGATION 0 1 10804865. -3567889. 1.2947394501e+14 1.29474934866e+14 0 0
56.191 1 ATTITUDE 2.740967 -0.98877 0.377686
56.197 1 DESIRED 0.3 1.7 5. 11. -106. 755. 2.
56.291 1 ATTITUDE 2.741211 -0.98877 0.37793
56.391 1 ATTITUDE 2.740967 -0.988525 0.377686
56.397 1 DESIRED 0.3 1.7 5. 11. -106. 755. 2.
56.403 1 GPS 0 1130805120 0 0 -17000 0 0 0 84000 12 16
56.406 1 GPS_SOL 795676416 100230 9999 0
56.426 1 NAVIGATION 0 1 10804865. -3567889. 1.2947394501e+14 1.29474934866e+14 0 0
56.491 1 ATTITUDE 2.740967 -0.988281 0.37793
56.494 1 ESTIMATOR -17. 0.
56.507 1 DOWNLINK_STATUS 43 35332 1588 0 805. 36. 11.02
56.591 1 ATTITUDE 2.740967 -0.988281 0.37793
56.598 1 DESIRED 0.3 1.7 5. 11. -106. 755. 2.
56.601 1 WP_MOVED 0 503228. 3567931. 755. 12
56.604 1 IMU_GYRO -0.010498 0.00415 0.016846
56.609 1 NAVIGATION 0 1 10804865. -3567889. 1.2947394501e+14 1.29474934866e+14 0 0
56.610 1 CALIBRATION -150. 0
56.644 1 GPS 0 1130805120 0 0 -17000 0 0 0 84250 12 1
56.677 1 NAVIGATION 0 1 10804865. -3567889. 1.2947394501e+14 1.29474934866e+14 0 0
56.691 1 ATTITUDE 2.740967 -0.988281 0.37793
56.695 1 IMU_ACCEL -2.248047 -3.560547 -9.033203
56.774 1 COMMANDS 0,-9600,7249
56.792 1 ATTITUDE 2.740967 -0.988281 0.37793
56.798 1 DESIRED 0.3 1.7 5. 11. -106. 755. 2.
56.874 1 ACTUATORS 1000,1000,1577
56.891 1 ATTITUDE 2.740967 -0.988525 0.378174
56.897 1 GPS 0 1130805120 0 0 -17000 0 0 0 84500 12 2
56.926 1 NAVIGATION 0 1 10804865. -3567889. 1.2947394501e+14 1.29474934866e+14 0 0
56.991 1 ATTITUDE 2.740967 -0.988525 0.37793
56.997 1 DESIRED 0.3 1.7 5. 11. -106. 755. 2.
57.000 1 ESTIMATOR -17. 0.
57.003 1 IMU_MAG -0.683105 -1.261719 0.566406
57.091 1 ATTITUDE 2.740967 -0.988525 0.37793
57.095 1 WP_MOVED 1 503186. 3567889. 755. 12
57.098 1 BAT 0 0 0 0 1 255 84 0
57.145 1 GPS 0 1130805120 0 0 -17000 0 0 0 84750 12 3
57.177 1 NAVIGATION 0 1 10804865. -3567889. 1.2947394501e+14 1.29474934866e+14 0 0
57.192 1 ATTITUDE 2.740967 -0.98877 0.378174
57.197 1 DESIRED 0.3 1.7 5. 11. -106. 755. 2.
57.200 1 IMU_GYRO -0.010498 0.005127 0.014893
57.291 1 ATTITUDE 2.740967 -0.98877 0.378174
57.293 1 DL_VALUE 2 755.
57.391 1 ATTITUDE 2.740967 -0.98877 0.378174
57.398 1 DESIRED 0.3 1.7 5. 11. -106. 755. 2.
57.404 1 GPS 0 1130805120 0 0 -17000 0 0 0 85000 12 4
57.427 1 NAVIGATION 0 1 10804865. -3567889. 1.2947394501e+14 1.29474934866e+14 0 0
57.491 1 ATTITUDE 2.740967 -0.98877 0.378174
57.494 1 ESTIMATOR -17. 0.
57.497 1 IMU_ACCEL -2.286133 -3.546875 -9.042969
57.508 1 DOWNLINK_STATUS 44 36170 1626 0 838. 38. 11.02
57.592 1 ATTITUDE 2.740967 -0.989014 0.378174
57.597 1 DESIRED 0.3 1.7 5. 11. -106. 755. 2.
57.601 1 WP_MOVED 2 503197.09375 3567783. 755. 12
57.605 1 NAVIGATION 0 1 10804865. -3567889. 1.2947394501e+14 1.29474934866e+14 0 0
57.644 1 GPS 0 1130805120 0 0 -17000 0 0 0 85250 12 5
57.674 1 FBW_STATUS 2 0 1 0 0
57.679 1 NAVIGATION 0 1 10804865. -3567889. 1.2947394501e+14 1.29474934866e+14 0 0
57.691 1 ATTITUDE 2.740967 -0.989014 0.378174
57.791 1 ATTITUDE 2.740967 -0.98877 0.378174
57.797 1 DESIRED 0.3 1.7 5. 11. -106. 755. 2.
57.800 1 IMU_GYRO -0.010498 0.00415 0.015869
57.804 1 ENERGY 0. 0. 0 0.
57.891 1 ATTITUDE 2.740967 -0.988525 0.378174
57.897 1 GPS 0 1130805120 0 0 -17000 0 0 0 85500 12 6
57.899 1 STATE_FILTER_STATUS 3 0
57.903 1 ALIVE 202,233,219,16,31,75,154,108,154,116,222,5,16,81,225,166
57.926 1 NAVIGATION 0 1 10804865. -3567889. 1.2947394501e+14 1.29474934866e+14 0 0
57.991 1 ATTITUDE 2.741211 -0.988525 0.378174
57.997 1 DESIRED 0.3 1.7 5. 11. -106. 755. 2.
58.000 1 ESTIMATOR -17. 0.
58.002 1 PPRZ_MODE 4 1 2 0 0 6
58.091 1 ATTITUDE 2.741211 -0.988281 0.378418
58.095 1 WP_MOVED 0 503228. 3567931. 755. 12
58.144 1 GPS 0 1130805120 0 0 -17000 0 0 0 85750 12 7
58.176 1 NAVIGATION 0 1 10804865. -3567889. 1.2947394501e+14 1.29474934866e+14 0 0
58.192 1 ATTITUDE 2.741211 -0.988037 0.378418
58.204 1 DESIRED 0.3 1.7 5. 11. -106. 755. 2.
58.204 1 BAT 0 0 0 0 1 256 85 0
58.204 1 DOWNLINK 28 827 9445
58.291 1 ATTITUDE 2.741211 -0.988037 0.378418
58.294 1 IMU_ACCEL -2.233398 -3.575195 -9.071289
58.299 1 IMU_MAG -0.683105 -1.255859 0.575195
58.391 1 ATTITUDE 2.741211 -0.987793 0.378418
58.398 1 DESIRED 0.3 1.7 5. 11. -106. 755. 2.
58.403 1 GPS 0 1130805120 0 0 -17000 0 0 0 86000 12 8
58.406 1 IMU_GYRO -0.010498 0.00415 0.015869
58.409 1 GPS_SOL 795679424 100236 9999 0
58.427 1 NAVIGATION 0 1 10804865. -3567889. 1.2947394501e+14 1.29474934866e+14 0 0
58.492 1 ATTITUDE 2.741211 -0.987793 0.378174
58.494 1 ESTIMATOR -17. 0.
58.509 1 DOWNLINK_STATUS 45 37048 1666 0 878. 40. 11.02
58.591 1 ATTITUDE 2.741455 -0.988037 0.378418
58.598 1 DESIRED 0.3 1.7 5. 11. -106. 755. 2.
58.601 1 WP_MOVED 1 503186. 3567889. 755. 12
58.606 1 NAVIGATION 0 1 10804865. -3567889. 1.2947394501e+14 1.29474934866e+14 0 0
58.644 1 GPS 0 1130805120 0 0 -17000 0 0 0 86250 12 9
58.676 1 NAVIGATION 0 1 10804865. -3567889. 1.2947394501e+14 1.29474934866e+14 0 0
58.691 1 ATTITUDE 2.741455 -0.987793 0.378418
58.693 1 CALIBRATION -150. 0
58.791 1 ATTITUDE 2.741211 -0.988037 0.378174
58.798 1 DESIRED 0.3 1.7 5. 11. -106. 755. 2.
58.799 1 DL_VALUE 3 0.
58.891 1 ATTITUDE 2.741455 -0.988281 0.378174
58.897 1 GPS 0 1130805120 0 0 -17000 0 0 0 86500 12 10
58.927 1 NAVIGATION 0 1 10804865. -3567889. 1.2947394501e+14 1.29474934866e+14 0 0
58.991 1 ATTITUDE 2.741455 -0.988525 0.378174
58.997 1 DESIRED 0.3 1.7 5. 11. -106. 755. 2.
59.001 1 ESTIMATOR -17. 0.
59.003 1 IMU_GYRO -0.014893 0.001953 0.016846
59.004 1 PONG 
59.091 1 ATTITUDE 2.741455 -0.988525 0.378174
59.096 1 WP_MOVED 2 503197.09375 3567783. 755. 12
59.098 1 IMU_ACCEL -2.228516 -3.580078 -9.033203
59.145 1 GPS 0 1130805120 0 0 -17000 0 0 0 86750 12 11
59.177 1 NAVIGATION 0 1 10804865. -3567889. 1.2947394501e+14 1.29474934866e+14 0 0
59.191 1 ATTITUDE 2.741455 -0.988525 0.378174
59.197 1 DESIRED 0.3 1.7 5. 11. -106. 755. 2.
59.291 1 ATTITUDE 2.741455 -0.98877 0.378174
59.295 1 BAT 0 0 0 0 1 257 86 0
59.391 1 ATTITUDE 2.741455 -0.98877 0.378174
59.397 1 DESIRED 0.3 1.7 5. 11. -106. 755. 2.
59.404 1 GPS 0 1130805120 0 0 -17000 0 0 0 87000 12 12
59.427 1 NAVIGATION 0 1 10804865. -3567889. 1.2947394501e+14 1.29474934866e+14 0 0
59.492 1 ATTITUDE 2.741455 -0.98877 0.378418
59.494 1 ESTIMATOR -17. 0.
59.510 1 DOWNLINK_STATUS 46 37812 1700 0 764. 34. 12.87
59.591 1 ATTITUDE 2.741455 -0.98877 0.378418
59.598 1 DESIRED 0.3 1.7 5. 11. -106. 755. 2.
59.601 1 WP_MOVED 0 503228. 3567931. 755. 12
59.604 1 IMU_GYRO -0.014893 0.00415 0.016846
59.608 1 NAVIGATION 0 1 10804865. -3567889. 1.2947394501e+14 1.29474934866e+14 0 0
59.645 1 GPS 0 1130805120 0 0 -17000 0 0 0 87250 12 13
59.674 1 FBW_STATUS 2 0 1 0 0
59.678 1 NAVIGATION 0 1 10804865. -3567889. 1.2947394501e+14 1.29474934866e+14 0 0
59.692 1 ATTITUDE 2.741455 -0.98877 0.378662
59.791 1 ATTITUDE 2.741455 -0.988525 0.378418
59.797 1 DESIRED 0.3 1.7 5. 11. -106. 755. 2.
59.892 1 ATTITUDE 2.741455 -0.98877 0.378418
59.897 1 GPS 0 1130805120 0 0 -17000 0 0 0 87500 12 14
59.901 1 IMU_ACCEL -2.248047 -3.594727 -9.061523
59.927 1 NAVIGATION 0 1 10804865. -3567889. 1.2947394501e+14 1.29474934866e+14 0 0
