15.243 1 NAVIGATION 0 1 15.6 1.5 6381.4 245.4 0 0
15.251 1 ATTITUDE -0.062256 2.060059 0.175293
15.253 1 DESIRED -0.8 0.06 5.2 -54. 40. 755. 0.6
15.256 1 IMU_GYRO -0.038086 0.014893 -0.005127
15.348 1 ATTITUDE -0.061035 2.060791 0.177002
15.350 1 DL_VALUE 2 755.
15.447 1 ATTITUDE -0.062988 2.062012 0.173828
15.454 1 DESIRED -0.8 0.06 5.2 -54. 40. 755. 0.6
15.459 1 GPS 3 50456360 356667840 964 745208 65 63 1736 603173500 12 17
15.482 1 NAVIGATION 0 1 15.6 1.5 6381.4 245.4 0 0
15.547 1 ATTITUDE -0.063232 2.049316 0.173096
15.550 1 ESTIMATOR 745.211731 -0.003984
15.552 1 CALIBRATION 64.6 0
15.648 1 ATTITUDE -0.063721 2.046631 0.175049
15.654 1 DESIRED -0.8 0.06 5.2 -54. 40. 755. 0.6
15.658 1 WP_MOVED 2 504493.59375 3566717. 755. 12
15.662 1 NAVIGATION 0 1 15.6 1.5 6381.4 245.4 0 0
15.663 1 DOWNLINK 3 836 822
15.701 1 GPS 3 50456360 356667744 1002 745528 76 84 1736 603173750 12 18
15.731 1 FBW_STATUS 2 0 1 0 0
15.735 1 NAVIGATION 0 1 15.6 0.5 6459.4 243.4 0 0
15.748 1 ATTITUDE -0.062256 2.053467 0.178223
15.848 1 ATTITUDE -0.062256 2.050293 0.17749
15.854 1 DESIRED -0.8 0.06 5.2 -54. 40. 755. 0.6
15.856 1 IMU_GYRO 0.023193 -0.019043 0.032959
15.948 1 ATTITUDE -0.063232 2.05249 0.177246
15.953 1 GPS 3 50456360 356667744 1004 746652 49 120 1736 603174000 12 19
15.957 1 IMU_ACCEL -4.65918 0.532227 8.396484
15.960 1 BAT 3974 0 0 12 0 22 22 0
15.983 1 NAVIGATION 0 1 15.6 0.5 6459.4 243.4 0 0
16.048 1 ATTITUDE -0.063477 2.051025 0.175049
16.054 1 DESIRED -0.8 0.06 5.2 -54. 40. 755. 0.6
16.055 1 ESTIMATOR 745.649963 0.249854
16.140 1 DOWNLINK_STATUS 3 2531 115 0 819. 37. 0.
16.148 1 ATTITUDE -0.062744 2.053467 0.175293
16.152 1 WP_MOVED 3 504514.8125 3566634. 755. 12
16.202 1 GPS 3 50456488 356667744 992 747353 89 142 1736 603174250 12 20
16.233 1 NAVIGATION 0 1 16.9 0.5 6640.4 285. 0 0
16.248 1 ATTITUDE -0.064209 2.049561 0.17334
16.254 1 DESIRED -0.8 0.05 5.2 -54. 40. 755. 0.5
16.348 1 ATTITUDE -0.063232 2.052246 0.173828
16.350 1 IMU_MAG 0.913086 -1.302246 -0.431641
16.448 1 ATTITUDE -0.063965 2.054443 0.172607
16.454 1 DESIRED -0.8 0.05 5.2 -54. 40. 755. 0.5
16.460 1 GPS 3 50456488 356667744 983 747982 64 147 1736 603174500 12 21
16.462 1 IMU_GYRO 0. -0.044678 0.02124
16.465 1 GPS_SOL 3007 382 498 6
16.483 1 NAVIGATION 0 1 16.9 0.5 6640.4 285. 0 0
16.548 1 ATTITUDE -0.063232 2.049805 0.171143
16.550 1 ESTIMATOR 746.701721 0.762404
16.648 1 ATTITUDE -0.063965 2.047607 0.170898
16.654 1 DESIRED -0.8 0.05 5.2 -54. 40. 755. 0.5
16.656 1 WP_MOVED 4 504603.3125 3566652.5 755. 12
16.662 1 NAVIGATION 0 1 16.9 0.5 6640.4 285. 0 0
16.701 1 GPS 3 50456616 356667744 983 748826 64 147 1736 603174500 12 22
16.733 1 NAVIGATION 0 1 18.2 0.5 6824.7 329.9 0 0
16.748 1 ATTITUDE -0.062744 2.053223 0.170898
16.750 1 IMU_ACCEL -6.327148 -0.171875 7.124023
16.753 1 STATE_FILTER_STATUS 3 0
16.848 1 ATTITUDE -0.0625 2.053223 0.169678
16.854 1 DESIRED -0.8 0.05 5.2 -54. 40. 755. 0.5
16.855 1 DL_VALUE 3 0.
16.948 1 ATTITUDE -0.061768 2.069092 0.17041
16.954 1 GPS 3 50456616 356667744 989 749123 50 116 1736 603175000 12 23
16.983 1 NAVIGATION 0 1 18.2 0.5 6824.7 329.9 0 0
17.048 1 ATTITUDE -0.062256 2.062988 0.169678
17.054 1 DESIRED -0.8 0.05 5.2 -54. 40. 755. 0.4
17.056 1 ESTIMATOR 748.031128 1.280972
17.060 1 IMU_GYRO -0.029785 0.007324 0.019043
17.062 1 BAT 3349 0 0 13 0 23 23 0
17.141 1 DOWNLINK_STATUS 4 3340 151 0 809. 36. 0.
17.148 1 ATTITUDE -0.062012 2.062256 0.169189
17.151 1 WP_MOVED 5 504607.1875 3566709.25 755. 12
17.201 1 GPS 3 50456616 356667744 989 748793 31 98 1736 603175250 12 24
17.233 1 NAVIGATION 0 1 18.2 0.5 6824.7 329.9 0 0
17.248 1 ATTITUDE -0.061768 2.060059 0.170166
17.254 1 DESIRED -0.8 0.05 5.2 -54. 40. 755. 0.4
17.348 1 ATTITUDE -0.061523 2.058105 0.168701
17.352 1 ENERGY 0. 0. 0 0.
17.448 1 ATTITUDE -0.062012 2.053711 0.168457
17.454 1 DESIRED -0.8 0.05 5.2 -54. 40. 755. 0.4
17.460 1 GPS 3 50456616 356667744 991 748861 61 100 1736 603175500 12 25
17.483 1 NAVIGATION 0 1 18.2 0.5 6824.7 329.9 0 0
17.548 1 ATTITUDE -0.062256 2.052246 0.168457
17.549 1 ESTIMATOR 748.817139 1.357273
17.554 1 IMU_ACCEL -6.566406 1.506836 7.935547
17.648 1 ATTITUDE -0.061768 2.053467 0.168457
17.654 1 DESIRED -0.8 0.05 5.2 -54. 40. 755. 0.4
17.657 1 WP_MOVED 0 504590. 3566719. 755. 12
17.661 1 IMU_GYRO -0.019043 0.008301 0.015869
17.665 1 NAVIGATION 0 1 18.2 0.5 6824.7 329.9 0 0
17.666 1 CALIBRATION 67.4 0
17.701 1 GPS 3 50456616 356667840 972 748872 71 97 1736 603175750 12 26
17.733 1 NAVIGATION 0 1 18.2 1.5 6746.7 331.9 0 0
17.734 1 FBW_STATUS 2 0 1 0 0
17.748 1 ATTITUDE -0.061768 2.053467 0.167969
17.848 1 ATTITUDE -0.062012 2.050537 0.168701
17.854 1 DESIRED -0.8 0.04 5.2 -54. 40. 755. 0.4
17.948 1 ATTITUDE -0.061279 2.051514 0.168945
17.954 1 GPS 3 50456616 356667840 961 748642 112 89 1736 603176000 12 27
17.983 1 NAVIGATION 0 1 18.2 1.5 6746.7 331.9 0 0
18.052 1 ATTITUDE -0.061523 2.051514 0.170654
18.054 1 DESIRED -0.8 0.04 5.2 -54. 40. 755. 0.3
18.055 1 ESTIMATOR 749.213989 1.196635
18.142 1 DOWNLINK_STATUS 5 4101 184 0 761. 33. 0.
18.147 1 ATTITUDE -0.062012 2.04126 0.168945
18.150 1 WP_MOVED 1 504548. 3566677. 754. 12
18.154 1 BAT 3208 0 0 14 0 24 24 0
18.201 1 GPS 3 50456616 356667840 968 748431 93 97 1736 603176250 12 28
18.233 1 NAVIGATION 0 1 18.2 1.5 6746.7 331.9 0 0
18.248 1 ATTITUDE -0.061035 2.049316 0.169678
18.254 1 DESIRED -0.8 0.04 5.2 -54. 40. 755. 0.3
18.256 1 IMU_GYRO -0.010498 0.012695 0.014893
18.348 1 ATTITUDE -0.062744 2.049805 0.17041
18.351 1 IMU_ACCEL -6.192383 0.018555 7.413086
18.352 1 DL_VALUE 4 0.
18.448 1 ATTITUDE -0.061768 2.044434 0.170166
18.454 1 DESIRED -0.8 0.04 5.2 -54. 40. 755. 0.3
18.460 1 GPS 3 50456616 356667840 961 748132 88 68 1736 603176500 12 29
18.462 1 GPS_SOL 2961 379 498 6
18.483 1 NAVIGATION 0 1 18.2 1.5 6746.7 331.9 0 0
18.548 1 ATTITUDE -0.061523 2.043701 0.171143
18.549 1 ESTIMATOR 749.14325 0.824364
18.643 1 PONG 
18.647 1 ATTITUDE -0.062256 2.041016 0.171387
18.653 1 DESIRED -0.8 0.04 5.2 -54. 40. 755. 0.4
18.656 1 WP_MOVED 2 504493.59375 3566717. 755. 12
18.661 1 NAVIGATION 0 1 18.2 1.5 6746.7 331.9 0 0
18.701 1 GPS 3 50456616 356667840 806 748149 126 56 1736 603176750 12 30
18.733 1 NAVIGATION 0 1 18.2 1.5 6746.7 331.9 0 0
18.748 1 ATTITUDE -0.061523 2.043457 0.169922
18.830 1 COMMANDS 3348,-4867,-689
18.848 1 ATTITUDE -0.061523 2.048096 0.170166
18.854 1 DESIRED -0.8 0.04 5.2 -54. 40. 755. 0.4
18.857 1 IMU_GYRO -0.016846 0. 0.019043
18.930 1 ACTUATORS 1348,1415,1358
18.948 1 ATTITUDE -0.061768 2.050781 0.170898
18.954 1 GPS 3 50456680 356667840 858 747930 149 46 1736 603177000 12 31
18.956 1 IMU_MAG 0.942871 -1.102539 -0.523438
18.957 1 STATE_FILTER_STATUS 3 0
18.983 1 NAVIGATION 0 1 18.8 1.5 6842.3 356.2 0 0
19.047 1 ATTITUDE -0.062744 2.050537 0.17041
19.054 1 DESIRED -0.8 0.05 5.2 -54. 40. 755. 0.4
19.055 1 ESTIMATOR 748.874573 0.447741
19.143 1 DOWNLINK_STATUS 6 4942 223 0 841. 39. 3.13
19.155 1 ATTITUDE -0.062988 2.05542 0.169922
19.155 1 WP_MOVED 3 504514.8125 3566634. 755. 12
19.155 1 IMU_ACCEL -5.59668 0.273438 7.200195
19.200 1 GPS 3 50456680 356667840 967 747763 123 52 1736 603177250 12 32
19.202 1 SVINFO 0 3 13 4 21 24 46
19.232 1 NAVIGATION 0 1 18.8 1.5 6842.3 356.2 0 0
19.247 1 ATTITUDE -0.062744 2.053955 0.17041
19.253 1 DESIRED -0.8 0.05 5.2 -54. 40. 755. 0.4
19.256 1 BAT 3478 0 0 15 0 25 25 0
19.347 1 ATTITUDE -0.062256 2.053711 0.171143
19.447 1 ATTITUDE -0.062012 2.050781 0.171387
19.453 1 DESIRED -0.8 0.05 5.2 -54. 40. 755. 0.4
19.459 1 GPS 3 50456680 356667936 957 746872 100 48 1736 603177500 12 1
19.461 1 SVINFO 1 6 13 4 22 8 39
19.464 1 IMU_GYRO -0.029785 0.013672 0.018066
19.482 1 NAVIGATION 0 1 18.8 2.2 6785.1 359. 0 0
19.547 1 ATTITUDE -0.061768 2.049805 0.170898
19.549 1 ESTIMATOR 748.258057 -0.022948
19.647 1 ATTITUDE -0.061523 2.056152 0.171631
19.653 1 DESIRED -0.8 0.05 5.2 -54. 40. 755. 0.4
19.656 1 WP_MOVED 4 504603.3125 3566652.5 755. 12
19.661 1 NAVIGATION 0 1 18.8 2.2 6785.1 359. 0 0
19.700 1 GPS 3 50456616 356667936 942 745926 89 63 1736 603177750 12 2
19.702 1 SVINFO 2 7 13 6 31 62 10
19.733 1 NAVIGATION 0 1 18.2 2.2 6689.5 334.7 0 0
19.734 1 FBW_STATUS 2 0 1 0 0
19.747 1 ATTITUDE -0.061523 2.051514 0.171387
19.749 1 CALIBRATION 69.4 0
19.847 1 ATTITUDE -0.060547 2.055176 0.171631
19.853 1 DESIRED -0.8 0.05 5.2 -54. 40. 755. 0.4
19.855 1 DL_VALUE 5 16.
19.858 1 ENERGY 0. 0. 0 0.
19.947 1 ATTITUDE -0.060303 2.064453 0.171875
19.953 1 GPS 3 50456616 356667936 937 745557 79 65 1736 603178000 12 3
19.956 1 IMU_ACCEL -6.956055 -0.081055 6.938477
19.960 1 ALIVE 20,182,19,30,209,130,135,216,36,56,36,172,141,52,115,94
19.982 1 NAVIGATION 0 1 18.2 2.2 6689.5 334.7 0 0
20.049 1 ATTITUDE -0.058594 2.06543 0.17334
20.053 1 DESIRED -0.8 0.05 5.2 -54. 40. 755. 0.5
20.055 1 ESTIMATOR 747.04541 -0.68267
20.062 1 IMU_GYRO -0.012695 -0.013672 0.024414
20.062 1 PPRZ_MODE 2 3 3 0 0 6
20.143 1 DOWNLINK_STATUS 7 5847 265 0 905. 42. 3.13
20.152 1 ATTITUDE -0.058594 2.066162 0.174072
20.152 1 WP_MOVED 5 504607.1875 3566709.25 755. 12
20.200 1 GPS 3 50456616 356667936 937 745320 76 75 1736 603178250 12 4
20.232 1 NAVIGATION 0 1 18.2 2.2 6689.5 334.7 0 0
20.247 1 ATTITUDE -0.05835 2.062256 0.171631
20.253 1 DESIRED -0.8 0.05 5.2 -54. 40. 755. 0.5
20.256 1 IMU_MAG 0.984375 -1.490234 -0.624023
20.347 1 ATTITUDE -0.05957 2.06665 0.170898
20.350 1 BAT 4027 0 0 16 0 26 26 0
20.447 1 ATTITUDE -0.059814 2.06665 0.172607
20.453 1 DESIRED -0.8 0.05 5.2 -54. 40. 755. 0.5
20.459 1 GPS 3 50456616 356667936 944 745174 45 55 1736 603178500 12 5
20.461 1 SVINFO 5 11 13 7 33 17 123
20.464 1 GPS_SOL 2949 365 498 6
20.482 1 NAVIGATION 0 1 18.2 2.2 6689.5 334.7 0 0
20.547 1 ATTITUDE -0.05957 2.071289 0.173096
20.549 1 ESTIMATOR 745.970032 -1.082823
20.648 1 ATTITUDE -0.057861 2.055908 0.169922
20.654 1 DESIRED -0.8 0.05 5.2 -54. 40. 755. 0.5
20.656 1 WP_MOVED 0 504590. 3566719. 755. 12
20.659 1 IMU_GYRO -0.006348 0.005127 -0.003174
20.666 1 NAVIGATION 0 1 18.2 2.2 6689.5 334.7 0 0
20.700 1 GPS 3 50456616 356667936 944 744965 45 55 1736 603178500 12 6
20.733 1 NAVIGATION 0 1 18.2 2.2 6689.5 334.7 0 0
20.747 1 ATTITUDE -0.057373 2.059326 0.174805
20.750 1 IMU_ACCEL -4.948242 0.138672 8.149414
20.752 1 DOWNLINK 4 835 1014
20.848 1 ATTITUDE -0.057617 2.056152 0.17334
20.854 1 DESIRED -0.8 0.05 5.2 -54. 40. 755. 0.6
20.948 1 ATTITUDE -0.058838 2.060547 0.174805
20.953 1 GPS 3 50456616 356667936 967 745013 74 52 1736 603179000 12 7
20.955 1 SVINFO 7 13 13 6 31 52 154
20.982 1 NAVIGATION 0 1 18.2 2.2 6689.5 334.7 0 0
21.049 1 ATTITUDE -0.056396 2.071289 0.168945
21.054 1 DESIRED -0.8 0.05 5.2 -54. 40. 755. 0.6
21.055 1 ESTIMATOR 745.160828 -1.225028
21.144 1 DOWNLINK_STATUS 8 6657 301 0 810. 36. 3.13
21.147 1 ATTITUDE -0.059326 2.072021 0.174316
21.150 1 WP_MOVED 1 504548. 3566677. 754. 12
21.152 1 STATE_FILTER_STATUS 3 0
21.200 1 GPS 3 50456616 356667936 967 744761 74 57 1736 603179250 12 8
21.233 1 NAVIGATION 0 1 18.2 2.2 6689.5 334.7 0 0
21.247 1 ATTITUDE -0.053711 2.072998 0.169434
21.253 1 DESIRED -0.8 0.05 5.2 -54. 40. 755. 0.6
21.256 1 IMU_GYRO 0.031738 0.018066 -0.001953
21.347 1 ATTITUDE -0.057861 2.063721 0.171387
21.349 1 DL_VALUE 6 100.
21.447 1 ATTITUDE -0.057617 2.062744 0.173828
21.454 1 DESIRED -0.8 0.05 5.2 -54. 40. 755. 0.6
21.458 1 GPS 3 50456616 356667936 967 744292 89 50 1736 603179500 12 9
21.462 1 BAT 4323 0 0 17 0 27 27 0
21.482 1 NAVIGATION 0 1 18.2 2.2 6689.5 334.7 0 0
21.547 1 ATTITUDE -0.054688 2.065186 0.176514
21.549 1 ESTIMATOR 744.461914 -1.274135
21.552 1 IMU_ACCEL -5.577148 -0.143555 7.626953
21.556 1 IMU_MAG 1.099609 -1.826172 -0.719238
21.647 1 ATTITUDE -0.051025 2.066406 0.179688
21.653 1 DESIRED -0.8 0.05 5.2 -54. 40. 755. 0.6
21.656 1 WP_MOVED 2 504493.59375 3566717. 755. 12
21.661 1 NAVIGATION 0 1 18.2 2.2 6689.5 334.7 0 0
21.699 1 GPS 3 50456616 356667936 960 744108 65 60 1736 603179750 12 10
21.702 1 SVINFO 10 19 16 6 36 -91 0
21.729 1 FBW_STATUS 2 0 1 0 0
21.735 1 NAVIGATION 0 1 18.2 2.2 6689.5 334.7 0 0
21.747 1 ATTITUDE -0.052246 2.062744 0.182861
21.848 1 ATTITUDE -0.053711 2.055176 0.182617
21.854 1 DESIRED -0.8 0.06 5.2 -54. 40. 755. 0.7
21.856 1 IMU_GYRO -0.008301 -0.022217 0.024414
21.858 1 CALIBRATION 55.9 0
21.947 1 ATTITUDE -0.053223 2.05835 0.178711
21.953 1 GPS 3 50456616 356667936 966 744332 54 73 1736 603180000 12 11
21.955 1 SVINFO 11 23 13 6 32 26 153
21.982 1 NAVIGATION 0 1 18.2 2.2 6689.5 334.7 0 0
22.048 1 ATTITUDE -0.047607 2.059082 0.174072
22.054 1 DESIRED -0.8 0.05 5.2 -54. 40. 755. 0.7
22.056 1 ESTIMATOR 743.947388 -1.200661
22.145 1 DOWNLINK_STATUS 9 7502 340 0 845. 39. 3.13
22.147 1 ATTITUDE -0.041992 2.0625 0.164551
22.150 1 WP_MOVED 3 504514.8125 3566634. 755. 12
22.200 1 GPS 3 50456616 356667936 966 744799 72 124 1736 603180250 12 12
22.235 1 NAVIGATION 0 1 18.2 2.2 6689.5 334.7 0 0
22.250 1 ATTITUDE -0.036865 2.060303 0.155762
22.253 1 DESIRED -0.8 0.05 5.2 -54. 40. 755. 0.7
22.347 1 ATTITUDE -0.033203 2.068359 0.148682
22.350 1 IMU_ACCEL -3.62207 -1.74707 8.249023
22.353 1 ENERGY 0. 0. 0 0.
22.356 1 NAVIGATION_REF 504548 3566677 12
22.447 1 ATTITUDE -0.02832 2.079102 0.139404
22.454 1 DESIRED -0.8 0.05 5.2 -54. 40. 755. 0.7
22.458 1 GPS 3 50456616 356667936 953 745081 61 100 1736 603180500 12 13
22.463 1 IMU_GYRO 0.00415 -0.015869 0.036133
22.464 1 GPS_SOL 2860 338 497 6
22.482 1 NAVIGATION 0 1 18.2 2.2 6689.5 334.7 0 0
22.547 1 ATTITUDE -0.023193 2.08667 0.131836
22.549 1 ESTIMATOR 744.045166 -0.812718
22.553 1 BAT 4351 0 0 18 0 28 28 0
22.647 1 ATTITUDE -0.02002 2.10083 0.121094
22.653 1 DESIRED -0.8 0.04 5.2 -54. 40. 755. 0.7
22.656 1 WP_MOVED 4 504603.3125 3566652.5 755. 12
22.661 1 NAVIGATION 0 1 18.2 2.2 6689.5 334.7 0 0
22.699 1 GPS 3 50456616 356667936 962 745254 65 105 1736 603180750 12 14
22.736 1 NAVIGATION 0 1 18.2 2.2 6689.5 334.7 0 0
22.747 1 ATTITUDE -0.01709 2.118896 0.119385
22.847 1 ATTITUDE -0.020996 2.123535 0.127441
22.853 1 DESIRED -0.8 0.04 5.2 -54. 40. 755. 0.6
22.856 1 IMU_MAG 1.121582 -2.15918 -0.601074
22.858 1 DL_VALUE 7 2.
22.947 1 ATTITUDE -0.028564 2.107422 0.135986
22.953 1 GPS 3 50456680 356667936 971 745550 63 104 1736 603181000 12 15
22.955 1 SVINFO 15 135 28 3 37 46 217
22.983 1 NAVIGATION 0 1 18.8 2.2 6785.1 359. 0 0
23.050 1 ATTITUDE -0.027832 2.111084 0.131592
23.054 1 DESIRED -0.8 0.04 5.2 -54. 40. 755. 0.6
23.055 1 ESTIMATOR 744.439514 -0.36981
23.058 1 IMU_GYRO -0.055176 0.022217 0.023193
23.145 1 DOWNLINK_STATUS 10 8351 378 0 849. 38. 3.13
23.147 1 ATTITUDE -0.027344 2.103271 0.127686
23.150 1 WP_MOVED 5 504607.1875 3566709.25 755. 12
23.153 1 IMU_ACCEL -7.537109 2.154297 7.124023
23.199 1 GPS 3 50456616 356667936 970 745156 65 88 1736 603181250 12 16
23.233 1 NAVIGATION 0 1 18.2 2.2 6689.5 334.7 0 0
23.249 1 ATTITUDE -0.031738 2.10498 0.134521
23.255 1 DESIRED -0.8 0.05 5.2 -54. 40. 755. 0.6
23.348 1 ATTITUDE -0.032959 2.096436 0.135498
23.348 1 STATE_FILTER_STATUS 3 0
23.447 1 ATTITUDE -0.034424 2.097168 0.133301
23.454 1 DESIRED -0.8 0.05 5.2 -54. 40. 755. 0.6
23.458 1 GPS 3 50456616 356667936 824 745212 109 113 1736 603181500 12 17
23.482 1 NAVIGATION 0 1 18.2 2.2 6689.5 334.7 0 0
23.547 1 ATTITUDE -0.034912 2.095459 0.13623
23.549 1 ESTIMATOR 744.677979 -0.137028
23.643 1 PONG 
23.647 1 ATTITUDE -0.035156 2.097168 0.139404
23.654 1 DESIRED -0.8 0.05 5.2 -54. 40. 755. 0.6
23.656 1 WP_MOVED 0 504590. 3566719. 755. 12
23.659 1 IMU_GYRO 0.016846 -0.036133 0.027588
23.665 1 NAVIGATION 0 1 18.2 2.2 6689.5 334.7 0 0
23.699 1 GPS 3 50456616 356667936 831 745005 81 100 1736 603181750 12 18
23.729 1 FBW_STATUS 2 0 1 0 0
23.739 1 NAVIGATION 0 1 18.2 2.2 6689.5 334.7 0 0
23.747 1 ATTITUDE -0.037598 2.083496 0.137451
23.829 1 COMMANDS 4112,-5036,-512
23.847 1 ATTITUDE -0.038086 2.078125 0.139404
23.853 1 DESIRED -0.8 0.05 5.2 -54. 40. 755. 0.6
23.929 1 ACTUATORS 1428,1404,1361
23.947 1 ATTITUDE -0.039062 2.083008 0.139648
23.952 1 GPS 3 50456616 356667936 838 744647 79 67 1736 603182000 12 19
23.956 1 IMU_ACCEL -5.231445 0.364258 8.207031
23.957 1 CALIBRATION 46.3 0
23.982 1 NAVIGATION 0 1 18.2 2.2 6689.5 334.7 0 0
24.047 1 ATTITUDE -0.040771 2.087891 0.140625
24.056 1 DESIRED -0.8 0.05 5.2 -54. 40. 755. 0.6
24.056 1 ESTIMATOR 744.698303 -0.092507
24.145 1 DOWNLINK_STATUS 11 9151 415 0 800. 37. 2.65
24.147 1 ATTITUDE -0.042236 2.077881 0.139648
24.150 1 WP_MOVED 1 504548. 3566677. 754. 12
24.153 1 IMU_MAG 1.07959 -1.302246 -0.652832
24.199 1 GPS 3 50456616 356667936 886 744452 106 75 1736 603182250 12 20
24.231 1 NAVIGATION 0 1 18.2 2.2 6689.5 334.7 0 0
24.248 1 ATTITUDE -0.04248 2.080078 0.141113
24.254 1 DESIRED -0.8 0.05 5.2 -54. 40. 755. 0.6
24.256 1 IMU_GYRO -0.019043 -0.007324 0.029785
24.347 1 ATTITUDE -0.044189 2.07959 0.141357
24.349 1 DL_VALUE 8 1.
24.447 1 ATTITUDE -0.044678 2.081055 0.141602
24.453 1 DESIRED -0.8 0.05 5.2 -54. 40. 755. 0.6
24.458 1 GPS 3 50456616 356667936 884 744427 82 74 1736 603182500 12 21
24.461 1 GPS_SOL 2862 314 497 6
24.481 1 NAVIGATION 0 1 18.2 2.2 6689.5 334.7 0 0
24.547 1 ATTITUDE -0.046631 2.075684 0.141846
24.549 1 ESTIMATOR 744.545288 -0.150765
24.647 1 ATTITUDE -0.047852 2.071777 0.141602
24.654 1 DESIRED -0.8 0.05 5.2 -54. 40. 755. 0.6
24.656 1 WP_MOVED 2 504493.59375 3566717. 755. 12
24.661 1 NAVIGATION 0 1 18.2 2.2 6689.5 334.7 0 0
24.699 1 GPS 3 50456616 356667936 887 744621 81 90 1736 603182750 12 22
24.732 1 NAVIGATION 0 1 18.2 2.2 6689.5 334.7 0 0
24.747 1 ATTITUDE -0.04834 2.075439 0.142578
24.750 1 IMU_ACCEL -5.629883 -0.642578 7.774414
24.753 1 BAT 4156 0 0 21 0 31 31 0
24.847 1 ATTITUDE -0.047852 2.077148 0.144775
24.853 1 DESIRED -0.8 0.05 5.2 -54. 40. 755. 0.6
24.856 1 IMU_GYRO 0. -0.013672 0.006348
24.859 1 ENERGY 0. 0. 0 0.
24.947 1 ATTITUDE -0.049072 2.08252 0.143311
24.952 1 GPS 3 50456616 356667936 888 744696 47 83 1736 603183000 12 23
24.957 1 ALIVE 20,182,19,30,209,130,135,216,36,56,36,172,141,52,115,94
24.982 1 NAVIGATION 0 1 18.2 2.2 6689.5 334.7 0 0
25.047 1 ATTITUDE -0.050049 2.088623 0.145264
25.058 1 DESIRED -0.8 0.05 5.2 -54. 40. 755. 0.6
25.059 1 ESTIMATOR 744.552795 -0.104123
25.059 1 PPRZ_MODE 2 3 3 0 0 6
25.145 1 DOWNLINK_STATUS 12 10006 453 0 855. 38. 2.65
25.147 1 ATTITUDE -0.050537 2.081787 0.146729
25.150 1 WP_MOVED 3 504514.8125 3566634. 755. 12
25.199 1 GPS 3 50456616 356667936 899 745069 70 112 1736 603183250 12 24
25.231 1 NAVIGATION 0 1 18.2 2.2 6689.5 334.7 0 0
25.248 1 ATTITUDE -0.052002 2.081787 0.147705
25.252 1 DESIRED -0.8 0.05 5.2 -54. 40. 755. 0.6
25.347 1 ATTITUDE -0.052979 2.084473 0.146484
25.447 1 ATTITUDE -0.054199 2.074463 0.146973
25.452 1 DESIRED -0.8 0.05 5.2 -54. 40. 755. 0.6
25.458 1 GPS 3 50456616 356667936 907 744817 86 112 1736 603183500 12 25
25.461 1 IMU_GYRO -0.006348 -0.033936 0.039307
25.464 1 IMU_MAG 0.969727 -1.869629 -0.681641
25.481 1 NAVIGATION 0 1 18.2 2.2 6689.5 334.7 0 0
25.547 1 ATTITUDE -0.054443 2.070801 0.148193
25.549 1 ESTIMATOR 744.700928 0.002303
25.552 1 IMU_ACCEL -6.422852 -0.163086 7.404297
25.554 1 STATE_FILTER_STATUS 3 0
25.647 1 ATTITUDE -0.055176 2.06958 0.149414
25.653 1 DESIRED -0.8 0.05 5.2 -54. 40. 755. 0.6
25.656 1 WP_MOVED 4 504603.3125 3566652.5 755. 12
25.660 1 NAVIGATION 0 1 18.2 2.2 6689.5 334.7 0 0
25.699 1 GPS 3 50456616 356667936 899 745061 96 101 1736 603183750 12 26
25.729 1 FBW_STATUS 2 0 1 0 0
25.734 1 NAVIGATION 0 1 18.2 2.2 6689.5 334.7 0 0
25.747 1 ATTITUDE -0.056152 2.074951 0.14917
25.847 1 ATTITUDE -0.056152 2.083252 0.1521
25.852 1 DESIRED -0.8 0.06 5.2 -54. 40. 755. 0.6
25.856 1 BAT 4087 0 0 22 0 32 32 0
25.858 1 DL_VALUE 9 0.
25.860 1 DOWNLINK 5 826 1205
25.947 1 ATTITUDE -0.057129 2.079834 0.155518
25.952 1 GPS 3 50456616 356667936 910 745791 76 107 1736 603184000 12 27
25.981 1 NAVIGATION 0 1 18.2 2.2 6689.5 334.7 0 0
26.046 1 ATTITUDE -0.057617 2.080078 0.156982
26.059 1 DESIRED -0.8 0.05 5.2 -54. 40. 755. 0.6
26.060 1 ESTIMATOR 745.06073 0.206848
26.060 1 IMU_GYRO -0.080811 0.019043 0.022217
26.060 1 CALIBRATION 40.4 0
26.146 1 DOWNLINK_STATUS 13 10834 491 0 828. 38. 2.65
26.147 1 ATTITUDE -0.054443 2.081299 0.157227
26.150 1 WP_MOVED 5 504607.1875 3566709.25 755. 12
26.199 1 GPS 3 50456680 356667936 906 746159 77 104 1736 603184250 12 28
26.232 1 NAVIGATION 0 1 18.8 2.2 6785.1 359. 0 0
26.247 1 ATTITUDE -0.054688 2.076416 0.160156
26.252 1 DESIRED -0.8 0.05 5.2 -54. 40. 755. 0.6
26.348 1 ATTITUDE -0.056396 2.075684 0.162598
26.350 1 IMU_ACCEL -4.808594 -0.507812 8.558594
26.446 1 ATTITUDE -0.054688 2.078125 0.165283
26.452 1 DESIRED -0.8 0.05 5.2 -54. 40. 755. 0.6
26.458 1 GPS 3 50456808 356667840 962 746782 103 119 1736 603184500 12 29
26.461 1 GPS_SOL 2881 317 497 6
26.481 1 NAVIGATION 0 1 20.1 1.5 7031.6 406. 0 0
26.547 1 ATTITUDE -0.054443 2.078369 0.165039
26.549 1 ESTIMATOR 745.809326 0.565801
26.646 1 ATTITUDE -0.053711 2.08252 0.166016
26.653 1 DESIRED -0.8 0.05 5.2 -54. 40. 755. 0.6
26.657 1 WP_MOVED 0 504590. 3566719. 755. 12
26.660 1 IMU_GYRO -0.014893 -0.032959 0.029785
26.665 1 NAVIGATION 0 1 20.1 1.5 7031.6 406. 0 0
26.700 1 GPS 3 50456808 356667840 1169 747078 108 118 1736 603184750 12 30
26.731 1 NAVIGATION 0 1 20.1 1.5 7031.6 406. 0 0
26.747 1 ATTITUDE -0.054443 2.095703 0.164307
26.750 1 IMU_MAG 1.006348 -1.215332 -0.612793
26.846 1 ATTITUDE -0.054443 2.099609 0.165039
26.852 1 DESIRED -0.8 0.05 5.2 -54. 40. 755. 0.5
26.946 1 ATTITUDE -0.054199 2.097168 0.166992
26.952 1 GPS 3 50456808 356667840 1159 747809 93 109 1736 603185000 12 31
26.956 1 BAT 3753 0 0 23 0 33 33 0
26.981 1 NAVIGATION 0 1 20.1 1.5 7031.6 406. 0 0
27.046 1 ATTITUDE -0.05542 2.088867 0.166016
27.054 1 DESIRED -0.8 0.05 5.2 -54. 40. 755. 0.5
27.055 1 ESTIMATOR 746.780579 0.948479
27.146 1 DOWNLINK_STATUS 14 11605 524 0 771. 33. 2.65
27.146 1 ATTITUDE -0.055908 2.096924 0.16626
27.152 1 WP_MOVED 1 504548. 3566677. 754. 12
27.153 1 IMU_ACCEL -7.624023 0.100586 7.480469
27.199 1 GPS 3 50456808 356667840 1146 748298 97 93 1736 603185250 12 32
27.201 1 SVINFO 0 3 13 6 34 24 46
27.231 1 NAVIGATION 0 1 20.1 1.5 7031.6 406. 0 0
27.246 1 ATTITUDE -0.054443 2.091064 0.166992
27.252 1 DESIRED -0.8 0.05 5.2 -54. 40. 755. 0.5
27.255 1 IMU_GYRO -0.001953 -0.010498 0.02002
27.346 1 ATTITUDE -0.054932 2.089111 0.167725
27.348 1 DL_VALUE 10 0.
27.352 1 ENERGY 0. 0. 0 0.
27.446 1 ATTITUDE -0.054932 2.08252 0.168457
27.453 1 DESIRED -0.8 0.05 5.2 -54. 40. 755. 0.5
27.458 1 GPS 3 50456936 356667840 852 749196 135 115 1736 603185500 12 1
27.461 1 SVINFO 1 6 13 4 24 8 38
27.481 1 NAVIGATION 0 1 21.4 1.5 7224.1 459.1 0 0
27.546 1 ATTITUDE -0.054199 2.08252 0.168945
27.549 1 ESTIMATOR 748.034302 1.381799
27.647 1 ATTITUDE -0.054932 2.074951 0.169678
27.653 1 DESIRED -0.8 0.05 5.2 -54. 40. 755. 0.4
27.656 1 WP_MOVED 2 504493.59375 3566717. 755. 12
27.660 1 NAVIGATION 0 1 21.4 1.5 7224.1 459.1 0 0
27.701 1 GPS 3 50457004 356667840 827 749741 110 97 1736 603185750 12 2
27.702 1 SVINFO 2 7 13 7 29 62 10
27.732 1 NAVIGATION 0 1 22. 1.5 7324. 487.6 0 0
27.734 1 FBW_STATUS 2 0 1 0 0
27.747 1 ATTITUDE -0.054443 2.072754 0.168701
27.748 1 STATE_FILTER_STATUS 3 0
27.846 1 ATTITUDE -0.056152 2.077393 0.168213
27.852 1 DESIRED -0.8 0.04 5.2 -54. 40. 755. 0.4
27.855 1 IMU_GYRO -0.025391 -0.018066 0.022217
27.946 1 ATTITUDE -0.055664 2.076904 0.168701
27.952 1 GPS 3 50457004 356667840 846 750054 115 93 1736 603186000 12 3
27.955 1 IMU_ACCEL -7.224609 1.376953 7.460938
27.982 1 NAVIGATION 0 1 22. 1.5 7324. 487.6 0 0
28.046 1 ATTITUDE -0.055664 2.070801 0.168945
28.054 1 DESIRED -0.8 0.04 5.2 -54. 40. 755. 0.3
28.055 1 ESTIMATOR 749.365112 1.730512
28.058 1 BAT 3125 0 0 24 0 34 34 0
28.070 1 IMU_MAG 0.895996 -1.128418 -0.437012
28.146 1 ATTITUDE -0.057617 2.071289 0.170654
28.147 1 DOWNLINK_STATUS 15 12509 566 0 904. 42. 2.65
28.150 1 WP_MOVED 3 504514.8125 3566634. 755. 12
28.152 1 CALIBRATION 45.1 0
28.199 1 GPS 3 50457004 356667840 796 750540 111 114 1736 603186250 12 4
28.232 1 NAVIGATION 0 1 22. 1.5 7324. 487.6 0 0
28.246 1 ATTITUDE -0.055908 2.071045 0.169922
28.252 1 DESIRED -0.8 0.04 5.2 -54. 40. 755. 0.3
28.346 1 ATTITUDE -0.057129 2.069336 0.170654
28.446 1 ATTITUDE -0.058838 2.067383 0.171631
28.452 1 DESIRED -0.8 0.04 5.2 -54. 40. 755. 0.3
28.458 1 GPS 3 50457132 356667840 888 751391 105 119 1736 603186500 12 5
28.460 1 SVINFO 5 11 13 7 37 17 123
28.464 1 IMU_GYRO -0.031738 0.018066 0.013672
28.481 1 NAVIGATION 0 1 23.3 1.5 7521.5 545.7 0 0
28.546 1 ATTITUDE -0.056885 2.066162 0.171143
28.551 1 ESTIMATOR 750.691345 1.987103
28.644 1 PONG 
28.647 1 ATTITUDE -0.056641 2.063721 0.171143
28.653 1 DESIRED -0.8 0.04 5.2 -54. 40. 755. 0.3
28.656 1 WP_MOVED 4 504603.3125 3566652.5 755. 12
28.661 1 NAVIGATION 0 1 23.3 1.5 7521.5 545.7 0 0
28.699 1 GPS 3 50457132 356667840 1064 751620 113 120 1736 603186750 12 6
28.731 1 NAVIGATION 0 1 23.3 1.5 7521.5 545.7 0 0
28.746 1 ATTITUDE -0.058838 2.063721 0.171143
28.749 1 IMU_ACCEL -5.985352 0.081055 8.358398
28.829 1 COMMANDS 2795,-4896,-732
28.846 1 ATTITUDE -0.056885 2.067139 0.169922
28.852 1 DESIRED -0.8 0.04 5.2 -54. 40. 755. 0.2
28.854 1 DL_VALUE 11 1.
28.929 1 ACTUATORS 1291,1417,1355
28.946 1 ATTITUDE -0.057861 2.062988 0.169922
28.952 1 GPS 3 50457260 356667840 933 752115 114 128 1736 603187000 12 7
28.954 1 SVINFO 7 13 13 6 33 52 154
28.981 1 NAVIGATION 0 1 24.6 1.5 7722.3 607.1 0 0
29.046 1 ATTITUDE -0.057129 2.059326 0.172119
29.055 1 DESIRED -0.8 0.03 5.2 -54. 40. 755. 0.2
29.055 1 ESTIMATOR 751.890076 2.099034
29.058 1 IMU_GYRO -0.016846 -0.010498 0.02002
29.147 1 ATTITUDE -0.05542 2.059814 0.172607
29.147 1 DOWNLINK_STATUS 16 13325 604 0 816. 38. 3.32
29.150 1 WP_MOVED 5 504607.1875 3566709.25 755. 12
29.153 1 BAT 2705 0 0 25 0 35 35 0
29.199 1 GPS 3 50457260 356667840 760 752489 135 105 1736 603187250 12 8
29.231 1 NAVIGATION 0 1 24.6 1.5 7722.3 607.1 0 0
29.248 1 ATTITUDE -0.055176 2.059082 0.170898
29.252 1 DESIRED -0.8 0.03 5.2 -54. 40. 755. 0.2
29.346 1 ATTITUDE -0.055176 2.061279 0.171631
29.349 1 IMU_MAG 0.955078 -1.536621 -0.529297
29.446 1 ATTITUDE -0.055664 2.068848 0.172119
29.452 1 DESIRED -0.8 0.03 5.2 -54. 40. 755. 0.2
29.459 1 GPS 3 50457260 356667840 789 753160 124 116 1736 603187500 12 9
29.481 1 NAVIGATION 0 1 24.6 1.5 7722.3 607.1 0 0
29.546 1 ATTITUDE -0.054932 2.064941 0.172607
29.549 1 ESTIMATOR 753.012512 2.14058
29.552 1 IMU_ACCEL -7.499023 1.444336 6.910156
29.646 1 ATTITUDE -0.055664 2.06665 0.174072
29.652 1 DESIRED -0.8 0.03 5.2 -54. 40. 755. 0.1
29.656 1 WP_MOVED 0 504590. 3566719. 755. 12
29.659 1 IMU_GYRO -0.033936 0.019043 0.019043
29.663 1 NAVIGATION 0 1 24.6 1.5 7722.3 607.1 0 0
29.699 1 GPS 3 50457324 356667840 789 753759 124 116 1736 603187500 12 10
29.701 1 SVINFO 10 19 16 7 36 -91 0
29.729 1 FBW_STATUS 2 0 1 0 0
29.733 1 NAVIGATION 0 1 25.2 1.5 7826.4 639.8 0 0
29.749 1 ATTITUDE -0.055664 2.066162 0.173828
29.846 1 ATTITUDE -0.053467 2.060547 0.171875
29.853 1 DESIRED -0.8 0.03 5.2 -54. 40. 755. 0.1
29.856 1 ENERGY 0. 0. 0 0.
29.945 1 SETTING 1 9 1.
29.946 1 ATTITUDE -0.05542 2.054688 0.17334
29.953 1 GPS 3 50457324 356667840 768 754214 123 124 1736 603188000 12 11
29.955 1 SVINFO 11 23 13 4 26 26 153
29.958 1 STATE_FILTER_STATUS 3 0
29.960 1 ALIVE 20,182,19,30,209,130,135,216,36,56,36,172,141,52,115,94
29.963 1 DL_VALUE 9 1.
29.971 1 WIND_INFO 1 42 0. 0. 0.
29.981 1 NAVIGATION 0 1 25.2 1.5 7826.4 639.8 0 0
30.048 1 ATTITUDE -0.055176 2.050049 0.174316
30.060 1 DESIRED -0.8 0.03 5.2 -54. 40. 755. 0.1
30.060 1 ESTIMATOR 754.162903 2.18326
30.060 1 PPRZ_MODE 2 3 3 0 0 6
30.147 1 ATTITUDE -0.055908 2.057373 0.173096
30.147 1 DOWNLINK_STATUS 17 14196 644 0 871. 40. 3.32
30.150 1 WP_MOVED 1 504548. 3566677. 754. 12
30.200 1 GPS 3 50457452 356667840 924 754494 101 109 1736 603188250 12 12
30.231 1 NAVIGATION 0 1 26.5 1.5 8032.1 706.2 0 0
30.250 1 ATTITUDE -0.056641 2.054688 0.170898
30.253 1 DESIRED -0.8 0.03 5.2 -54. 40. 755. 0.
30.256 1 IMU_GYRO -0.048828 0.093506 -0.016846
30.259 1 BAT 0 0 0 26 1 36 36 0
30.261 1 CALIBRATION 62.4 0
30.346 1 ATTITUDE -0.053711 2.051514 0.177002
30.349 1 IMU_ACCEL -6.365234 0.685547 7.213867
30.351 1 DL_VALUE 0 0.
30.446 1 ATTITUDE -0.054688 2.050537 0.177246
30.452 1 DESIRED -0.8 0.02 5.2 -54. 40. 755. 0.
30.458 1 GPS 3 50457452 356667840 943 755148 57 133 1736 603188500 12 13
30.461 1 GPS_SOL 2806 309 496 6
30.481 1 NAVIGATION 0 1 26.5 1.5 8032.1 706.2 0 0
30.546 1 ATTITUDE -0.054932 2.049072 0.177002
30.549 1 ESTIMATOR 755.180115 2.143956
30.648 1 ATTITUDE -0.055908 2.046387 0.17627
30.652 1 DESIRED -0.8 0.02 5.2 -54. 40. 755. -0.
30.656 1 WP_MOVED 2 504493.59375 3566717. 755. 12
30.660 1 NAVIGATION 0 1 26.5 1.5 8032.1 706.2 0 0
30.663 1 IMU_MAG 0.974609 -1.322266 -0.621094
30.700 1 GPS 3 50457452 356667840 869 755330 105 147 1736 603188750 12 14
30.731 1 NAVIGATION 0 1 26.5 1.5 8032.1 706.2 0 0
30.751 1 ATTITUDE -0.056152 2.043213 0.176025
30.846 1 ATTITUDE -0.055908 2.040771 0.176514
30.852 1 DESIRED -0.8 0.02 5.2 -54. 40. 755. -0.
30.855 1 IMU_GYRO -0.006348 -0.007324 0.02002
30.946 1 ATTITUDE -0.056641 2.041016 0.175537
30.953 1 GPS 3 50457452 356667840 888 755728 117 135 1736 603189000 12 15
30.954 1 SVINFO 15 135 28 7 35 46 217
30.956 1 DOWNLINK 6 835 1399
30.982 1 NAVIGATION 0 1 26.5 1.5 8032.1 706.2 0 0
31.046 1 ATTITUDE -0.056152 2.040283 0.175781
31.056 1 DESIRED -0.8 0.02 5.2 -54. 40. 755. -0.1
31.057 1 ESTIMATOR 756.032776 2.022622
31.146 1 ATTITUDE -0.056152 2.038818 0.175781
31.147 1 DOWNLINK_STATUS 18 15032 682 0 836. 38. 3.32
31.150 1 WP_MOVED 3 504514.8125 3566634. 755. 12
31.153 1 IMU_ACCEL -6.3125 0.614258 7.460938
31.199 1 GPS 3 50457452 356667840 814 755956 124 139 1736 603189250 12 16
31.231 1 NAVIGATION 0 1 26.5 1.5 8032.1 706.2 0 0
31.251 1 ATTITUDE -0.056641 2.03833 0.175293
31.252 1 DESIRED -0.8 0.02 5.2 -54. 40. 755. -0.1
31.346 1 ATTITUDE -0.056641 2.039551 0.175293
31.350 1 BAT 0 0 0 27 1 37 37 0
31.352 1 NAVIGATION_REF 504548 3566677 12
31.446 1 ATTITUDE -0.056885 2.037598 0.175293
31.453 1 DESIRED -0.8 0.02 5.2 -54. 40. 755. -0.1
31.458 1 GPS 3 50457452 356667840 879 756419 132 146 1736 603189500 12 17
31.461 1 IMU_GYRO -0.016846 0.005127 0.018066
31.481 1 NAVIGATION 0 1 26.5 1.5 8032.1 706.2 0 0
31.546 1 ATTITUDE -0.056152 2.035889 0.175537
31.549 1 ESTIMATOR 756.755798 1.864802
31.646 1 ATTITUDE -0.055908 2.033203 0.17627
31.652 1 DESIRED -0.8 0.02 5.2 -54. 40. 755. -0.1
31.656 1 WP_MOVED 4 504603.3125 3566652.5 755. 12
31.660 1 NAVIGATION 0 1 26.5 1.5 8032.1 706.2 0 0
31.699 1 GPS 3 50457452 356667840 879 756753 132 146 1736 603189500 12 18
31.729 1 FBW_STATUS 2 0 1 0 0
31.733 1 NAVIGATION 0 1 26.5 1.5 8032.1 706.2 0 0
31.751 1 ATTITUDE -0.056152 2.03418 0.176758
31.846 1 ATTITUDE -0.056396 2.035645 0.177002
31.852 1 DESIRED -0.8 0.02 5.2 -54. 40. 755. -0.1
31.854 1 DL_VALUE 1 0.
31.946 1 ATTITUDE -0.056396 2.034912 0.176758
31.952 1 GPS 3 50457580 356667936 820 757194 149 154 1736 603190000 12 19
31.955 1 IMU_ACCEL -6.259766 0.589844 7.560547
31.958 1 IMU_MAG 0.908203 -1.305176 -0.520508
31.981 1 NAVIGATION 0 1 27.8 2.2 8184. 778.6 0 0
32.046 1 ATTITUDE -0.056885 2.03418 0.17627
32.052 1 DESIRED -0.8 0.02 5.1 -54. 40. 755. -0.1
32.063 1 ESTIMATOR 757.458374 1.739115
32.064 1 IMU_GYRO -0.016846 0.010498 0.015869
32.147 1 ATTITUDE -0.057129 2.033691 0.176025
32.147 1 DOWNLINK_STATUS 19 15862 719 0 830. 37. 3.32
32.150 1 WP_MOVED 5 504607.1875 3566709.25 755. 12
32.151 1 STATE_FILTER_STATUS 3 0
32.199 1 GPS 3 50457648 356667936 974 757656 113 127 1736 603190250 12 20
32.232 1 NAVIGATION 0 1 28.5 2.2 8292.3 815.5 0 0
32.253 1 ATTITUDE -0.057373 2.033691 0.175781
32.258 1 DESIRED -0.8 0.02 5.1 -54. 40. 755. -0.2
32.346 1 ATTITUDE -0.057617 2.032959 0.175781
32.348 1 CALIBRATION 78.5 0
32.352 1 ENERGY 0. 0. 0 0.
32.446 1 ATTITUDE -0.057617 2.033203 0.175537
32.452 1 DESIRED -0.8 0.02 5.1 -54. 40. 755. -0.2
32.458 1 GPS 3 50457648 356667840 1058 758559 120 130 1736 603190500 12 21
32.461 1 BAT 0 0 0 28 1 38 38 0
32.464 1 GPS_SOL 2753 313 496 6
32.481 1 NAVIGATION 0 1 28.5 1.5 8349.5 812.7 0 0
32.546 1 ATTITUDE -0.057861 2.033203 0.175537
32.549 1 ESTIMATOR 758.335327 1.748862
32.647 1 ATTITUDE -0.058105 2.033691 0.175537
32.653 1 DESIRED -0.8 0.02 5.1 -54. 40. 755. -0.2
32.657 1 WP_MOVED 0 504590. 3566719. 755. 12
32.659 1 IMU_GYRO -0.014893 0.007324 0.015869
32.664 1 NAVIGATION 0 1 28.5 1.5 8349.5 812.7 0 0
32.700 1 GPS 3 50457648 356667840 1058 759183 120 130 1736 603190500 12 22
32.732 1 NAVIGATION 0 1 28.5 1.5 8349.5 812.7 0 0
32.747 1 ATTITUDE -0.058105 2.033936 0.175293
32.753 1 IMU_ACCEL -6.264648 0.584961 7.475586
32.847 1 ATTITUDE -0.058105 2.033936 0.175537
32.852 1 DESIRED -0.8 0.01 5.1 -54. 40. 755. -0.2
32.946 1 ATTITUDE -0.05835 2.033691 0.175049
32.952 1 GPS 3 50457776 356667936 867 759903 176 147 1736 603191000 12 23
32.981 1 NAVIGATION 0 1 29.8 2.2 8506.3 890.1 0 0
33.046 1 ATTITUDE -0.058838 2.033203 0.174805
33.053 1 DESIRED -0.8 0.01 5.1 -54. 40. 755. -0.3
33.054 1 ESTIMATOR 759.477905 1.89859
33.146 1 ATTITUDE -0.058838 2.033447 0.174561
33.147 1 DOWNLINK_STATUS 20 16655 754 0 793. 35. 3.32
33.150 1 WP_MOVED 1 504548. 3566677. 754. 12
33.199 1 GPS 3 50457904 356667936 801 760467 146 152 1736 603191250 12 24
33.231 1 NAVIGATION 0 1 31. 2.2 8723.6 968. 0 0
33.246 1 ATTITUDE -0.059082 2.033203 0.174805
33.254 1 DESIRED -0.8 0.01 5.1 -54. 40. 755. -0.3
33.255 1 IMU_GYRO -0.019043 0.009521 0.016846
33.258 1 IMU_MAG 0.925293 -1.308105 -0.512207
33.346 1 ATTITUDE -0.059082 2.033203 0.174316
33.348 1 DL_VALUE 2 755.
33.446 1 ATTITUDE -0.059326 2.033203 0.174316
33.452 1 DESIRED -0.8 0.01 5.1 -54. 40. 755. -0.3
33.458 1 GPS 3 50457904 356667936 860 760919 135 135 1736 603191500 12 25
33.482 1 NAVIGATION 0 1 31. 2.2 8723.6 968. 0 0
33.546 1 ATTITUDE -0.059326 2.033203 0.174072
33.548 1 ESTIMATOR 760.666382 2.028779
33.552 1 IMU_ACCEL -6.268555 0.599609 7.446289
33.555 1 BAT 0 0 0 29 1 39 39 0
33.646 1 ATTITUDE -0.05957 2.033203 0.174072
33.652 1 DESIRED -0.8 0.01 5.1 -54. 40. 755. -0.3
33.655 1 WP_MOVED 2 504493.59375 3566717. 755. 12
33.660 1 NAVIGATION 0 1 31. 2.2 8723.6 968. 0 0
33.661 1 PONG 
33.699 1 GPS 3 50457904 356667936 902 761381 132 132 1736 603191750 12 26
33.729 1 FBW_STATUS 2 0 1 0 0
33.733 1 NAVIGATION 0 1 31. 2.2 8723.6 968. 0 0
33.746 1 ATTITUDE -0.05957 2.032959 0.173828
33.828 1 COMMANDS 0,-4886,-915
33.846 1 ATTITUDE -0.05957 2.033447 0.174072
33.852 1 DESIRED -0.8 0.01 5.1 -54. 40. 755. -0.4
33.855 1 IMU_GYRO -0.016846 0.007324 0.014893
33.928 1 ACTUATORS 1000,1424,1348
33.946 1 ATTITUDE -0.05957 2.033936 0.173828
33.952 1 GPS 3 50457904 356667936 1023 762018 141 130 1736 603192000 12 27
33.981 1 NAVIGATION 0 1 31. 2.2 8723.6 968. 0 0
34.046 1 ATTITUDE -0.059814 2.034424 0.174072
34.052 1 DESIRED -0.8 0.01 5.1 -54. 40. 755. -0.4
34.054 1 ESTIMATOR 761.812866 2.102448
34.146 1 ATTITUDE -0.05957 2.034424 0.173828
34.147 1 DOWNLINK_STATUS 21 17484 792 0 829. 38. 19.65
34.150 1 WP_MOVED 3 504514.8125 3566634. 755. 12
34.199 1 GPS 3 50457968 356667936 959 762342 154 133 1736 603192250 12 28
34.233 1 NAVIGATION 0 1 31.7 2.2 8836.1 1009.2 0 0
34.246 1 ATTITUDE -0.059814 2.034668 0.173828
34.255 1 DESIRED -0.8 0. 5.1 -54. 40. 755. -0.4
34.346 1 ATTITUDE -0.059814 2.034912 0.173584
34.349 1 IMU_ACCEL -6.27832 0.556641 7.532227
34.351 1 STATE_FILTER_STATUS 3 0
34.446 1 ATTITUDE -0.059814 2.035156 0.173584
34.452 1 DESIRED -0.8 0. 5.1 -54. 40. 755. -0.4
34.458 1 GPS 3 50457968 356667936 837 762258 185 114 1736 603192500 12 29
34.461 1 IMU_GYRO -0.016846 0.007324 0.014893
34.464 1 GPS_SOL 2695 317 495 6
34.481 1 NAVIGATION 0 1 31.7 2.2 8836.1 1009.2 0 0
34.546 1 ATTITUDE -0.059814 2.034912 0.173584
34.548 1 ESTIMATOR 762.709167 2.010457
34.552 1 IMU_MAG 0.922852 -1.302246 -0.509277
34.646 1 ATTITUDE -0.059814 2.035645 0.17334
34.652 1 DESIRED -0.8 0. 5.1 -54. 40. 755. -0.5
34.655 1 WP_MOVED 4 504603.3125 3566652.5 755. 12
34.660 1 NAVIGATION 0 1 31.7 2.2 8836.1 1009.2 0 0
34.663 1 BAT 0 0 0 30 1 40 40 0
34.699 1 GPS 3 50458096 356667936 929 762628 175 104 1736 603192750 12 30
34.731 1 NAVIGATION 0 1 33. 2.2 9058.4 1092. 0 0
34.746 1 ATTITUDE -0.059814 2.036133 0.17334
34.846 1 ATTITUDE -0.060059 2.035889 0.173096
34.852 1 DESIRED -0.8 0. 5.1 -54. 40. 755. -0.5
34.854 1 DL_VALUE 3 0.
34.857 1 ENERGY 0. 0. 0 0.
34.946 1 ATTITUDE -0.059814 2.035645 0.173096
34.952 1 GPS 3 50458096 356667840 1025 763165 173 126 1736 603193000 12 31
34.957 1 ALIVE 20,182,19,30,209,130,135,216,36,56,36,172,141,52,115,94
34.982 1 NAVIGATION 0 1 33. 1.5 9115.5 1089.2 0 0
35.046 1 ATTITUDE -0.059814 2.0354 0.17334
35.053 1 DESIRED -0.8 0. 5.1 -54. 40. 755. -0.5
35.054 1 ESTIMATOR 763.44519 1.86403
35.061 1 IMU_GYRO -0.012695 0.006348 0.016846
35.061 1 PPRZ_MODE 2 3 3 0 0 6
35.146 1 ATTITUDE -0.059814 2.035645 0.17334
35.147 1 DOWNLINK_STATUS 22 18348 831 0 864. 39. 19.65
35.149 1 WP_MOVED 5 504607.1875 3566709.25 755. 12
35.153 1 IMU_ACCEL -6.283203 0.584961 7.517578
35.199 1 GPS 3 50458096 356667840 915 763691 147 128 1736 603193250 12 32
35.201 1 SVINFO 0 3 13 7 33 24 46
35.231 1 NAVIGATION 0 1 33. 1.5 9115.5 1089.2 0 0
35.246 1 ATTITUDE -0.059814 2.0354 0.17334
35.259 1 DESIRED -0.8 -0. 5.1 -54. 40. 755. -0.5
35.346 1 ATTITUDE -0.05957 2.035156 0.173096
35.446 1 ATTITUDE -0.05957 2.035156 0.173096
35.452 1 DESIRED -0.8 -0. 5.1 -54. 40. 755. -0.5
35.458 1 GPS 3 50458096 356667840 867 764279 155 136 1736 603193500 12 1
35.460 1 SVINFO 1 6 13 4 22 8 38
35.481 1 NAVIGATION 0 1 33. 1.5 9115.5 1089.2 0 0
35.546 1 ATTITUDE -0.05957 2.034668 0.173096
35.548 1 ESTIMATOR 764.303711 1.825405
35.646 1 ATTITUDE -0.05957 2.034424 0.172852
35.652 1 DESIRED -0.8 -0. 5.1 -54. 40. 755. -0.6
35.655 1 WP_MOVED 0 504590. 3566719. 755. 12
35.658 1 IMU_GYRO -0.019043 0.010498 0.014893
35.663 1 NAVIGATION 0 1 33. 1.5 9115.5 1089.2 0 0
35.699 1 GPS 3 50458224 356667840 891 765081 156 157 1736 603193750 12 2
35.701 1 SVINFO 2 7 13 4 26 62 10
35.729 1 FBW_STATUS 2 0 1 0 0
35.733 1 NAVIGATION 0 1 34.2 1.5 9341.1 1175.3 0 0
35.746 1 ATTITUDE -0.05957 2.034668 0.172607
35.749 1 BAT 0 0 0 32 1 42 42 0
35.846 1 ATTITUDE -0.059326 2.034912 0.172607
35.852 1 DESIRED -0.8 -0. 5.1 -54. 40. 755. -0.6
35.855 1 IMU_MAG 0.92041 -1.299316 -0.509277
35.946 1 ATTITUDE -0.05957 2.0354 0.172119
35.952 1 GPS 3 50458292 356667840 918 765443 166 159 1736 603194000 12 3
35.955 1 IMU_ACCEL -6.302734 0.584961 7.475586
35.982 1 NAVIGATION 0 1 34.9 1.5 9457.9 1220.7 0 0
36.046 1 ATTITUDE -0.059326 2.035889 0.172119
36.052 1 DESIRED -0.8 -0.01 5.1 -54. 40. 755. -0.6
36.054 1 ESTIMATOR 765.344971 1.894405
36.056 1 DOWNLINK 7 832 1590
36.146 1 ATTITUDE -0.05957 2.036133 0.171875
36.147 1 DOWNLINK_STATUS 23 19187 869 0 839. 38. 19.65
36.149 1 WP_MOVED 1 504548. 3566677. 754. 12
36.199 1 GPS 3 50458292 356667936 823 765641 161 163 1736 603194250 12 4
36.232 1 NAVIGATION 0 1 34.9 2.2 9400.7 1223.5 0 0
36.246 1 ATTITUDE -0.058838 2.035889 0.172607
36.252 1 DESIRED -0.8 -0.01 5.1 -54. 40. 755. -0.6
36.259 1 IMU_GYRO -0.019043 0.00415 0.015869
36.346 1 ATTITUDE -0.058838 2.035645 0.172363
36.348 1 DL_VALUE 4 0.
36.446 1 ATTITUDE -0.058594 2.035889 0.172607
36.453 1 DESIRED -0.8 -0.01 5.1 -54. 40. 755. -0.6
36.458 1 GPS 3 50458292 356667936 845 766144 158 164 1736 603194500 12 5
36.460 1 SVINFO 5 11 13 7 35 17 123
36.463 1 GPS_SOL 2649 321 495 6
36.481 1 NAVIGATION 0 1 34.9 2.2 9400.7 1223.5 0 0
36.546 1 ATTITUDE -0.05835 2.035889 0.172607
36.548 1 ESTIMATOR 766.215149 1.852757
36.550 1 CALIBRATION 118.8 0
36.552 1 STATE_FILTER_STATUS 3 0
36.647 1 ATTITUDE -0.05835 2.035889 0.172852
36.653 1 DESIRED -0.8 -0.01 5.1 -54. 40. 755. -0.7
36.656 1 WP_MOVED 2 504493.59375 3566717. 755. 12
36.664 1 NAVIGATION 0 1 34.9 2.2 9400.7 1223.5 0 0
36.698 1 GPS 3 50458292 356667936 780 766533 136 175 1736 603194750 12 6
36.732 1 NAVIGATION 0 1 34.9 2.2 9400.7 1223.5 0 0
36.746 1 ATTITUDE -0.05835 2.036133 0.173096
36.749 1 IMU_ACCEL -6.268555 0.580078 7.517578
36.846 1 ATTITUDE -0.05835 2.036133 0.173096
36.853 1 DESIRED -0.8 -0.01 5.1 -54. 40. 755. -0.7
36.855 1 IMU_GYRO -0.016846 0.005127 0.014893
36.858 1 BAT 0 0 0 33 1 43 43 0
36.946 1 ATTITUDE -0.05835 2.035645 0.172852
36.952 1 GPS 3 50458292 356667936 913 767054 156 184 1736 603195000 12 7
36.954 1 SVINFO 7 13 13 7 29 52 154
36.981 1 NAVIGATION 0 1 34.9 2.2 9400.7 1223.5 0 0
37.046 1 ATTITUDE -0.058105 2.036133 0.173096
37.052 1 DESIRED -0.8 -0.01 5.1 -54. 40. 755. -0.7
37.054 1 ESTIMATOR 767.087158 1.823814
37.147 1 ATTITUDE -0.058105 2.036133 0.173096
37.147 1 DOWNLINK_STATUS 24 20017 907 0 830. 38. 19.65
37.149 1 WP_MOVED 3 504514.8125 3566634. 755. 12
37.152 1 IMU_MAG 0.92041 -1.293457 -0.514648
37.198 1 GPS 3 50458292 356667936 865 767269 165 174 1736 603195250 12 8
37.231 1 NAVIGATION 0 1 34.9 2.2 9400.7 1223.5 0 0
37.246 1 ATTITUDE -0.058105 2.035889 0.172852
37.252 1 DESIRED -0.8 -0.01 5.1 -54. 40. 755. -0.7
37.346 1 ATTITUDE -0.058105 2.035889 0.173096
37.349 1 ENERGY 0. 0. 0 0.
37.446 1 ATTITUDE -0.05835 2.035645 0.172852
37.452 1 DESIRED -0.8 -0.01 5.1 -54. 40. 755. -0.7
37.457 1 GPS 3 50458292 356667936 866 767874 179 197 1736 603195500 12 9
37.461 1 IMU_GYRO -0.014893 0.001953 0.014893
37.481 1 NAVIGATION 0 1 34.9 2.2 9400.7 1223.5 0 0
37.546 1 ATTITUDE -0.05835 2.035645 0.172852
37.548 1 ESTIMATOR 767.906799 1.775321
37.551 1 IMU_ACCEL -6.27832 0.580078 7.446289
37.646 1 ATTITUDE -0.05835 2.0354 0.172852
37.653 1 DESIRED -0.8 -0.01 5.1 -54. 40. 755. -0.8
37.655 1 WP_MOVED 4 504603.3125 3566652.5 755. 12
37.660 1 NAVIGATION 0 1 34.9 2.2 9400.7 1223.5 0 0
37.698 1 GPS 3 50458292 356667936 868 768235 157 188 1736 603195750 12 10
37.701 1 SVINFO 10 19 16 7 34 -91 0
37.728 1 FBW_STATUS 2 0 1 0 0
37.734 1 NAVIGATION 0 1 34.9 2.2 9400.7 1223.5 0 0
37.746 1 ATTITUDE -0.058838 2.0354 0.173096
37.846 1 ATTITUDE -0.058838 2.0354 0.173096
37.852 1 DESIRED -0.8 -0.01 5.1 -54. 40. 755. -0.8
37.854 1 DL_VALUE 5 34.
37.947 1 ATTITUDE -0.058838 2.035889 0.173096
37.952 1 GPS 3 50458292 356667936 1017 768644 164 213 1736 603196000 12 11
37.954 1 SVINFO 11 23 13 6 30 25 153
37.957 1 BAT 0 0 0 34 1 44 44 0
37.981 1 NAVIGATION 0 1 34.9 2.2 9400.7 1223.5 0 0
38.046 1 ATTITUDE -0.059082 2.036133 0.173096
38.052 1 DESIRED -0.8 -0.02 5.1 -54. 40. 755. -0.8
38.054 1 ESTIMATOR 768.730469 1.739961
38.057 1 IMU_GYRO -0.02124 0.010498 0.012695
38.147 1 ATTITUDE -0.058838 2.035889 0.173096
38.148 1 DOWNLINK_STATUS 25 20862 945 0 845. 38. 19.65
38.149 1 WP_MOVED 5 504607.1875 3566709.25 755. 12
38.198 1 GPS 3 50458292 356667936 926 768991 159 210 1736 603196250 12 12
38.232 1 NAVIGATION 0 1 34.9 2.2 9400.7 1223.5 0 0
38.246 1 ATTITUDE -0.059082 2.036377 0.172607
38.252 1 DESIRED -0.8 -0.02 5.1 -54. 40. 755. -0.8
38.346 1 ATTITUDE -0.059082 2.036377 0.172852
38.349 1 IMU_ACCEL -6.297852 0.589844 7.46582
38.446 1 ATTITUDE -0.059326 2.036621 0.172852
38.452 1 DESIRED -0.8 -0.02 5.1 -54. 40. 755. -0.8
38.457 1 GPS 3 50458292 356667936 945 768687 140 204 1736 603196500 12 13
38.461 1 IMU_MAG 0.92041 -1.296387 -0.512207
38.463 1 GPS_SOL 2612 311 494 6
38.481 1 NAVIGATION 0 1 34.9 2.2 9400.7 1223.5 0 0
38.546 1 ATTITUDE -0.059326 2.036377 0.172852
38.548 1 ESTIMATOR 769.327515 1.582029
38.646 1 ATTITUDE -0.059326 2.036377 0.172852
38.652 1 DESIRED -0.8 -0.02 5.1 -54. 40. 755. -0.9
38.655 1 WP_MOVED 0 504590. 3566719. 755. 12
38.658 1 IMU_GYRO -0.016846 0.007324 0.014893
38.663 1 NAVIGATION 0 1 34.9 2.2 9400.7 1223.5 0 0
38.665 1 CALIBRATION 139.1 0
38.666 1 PONG 
38.698 1 GPS 3 50458292 356667936 912 768830 114 181 1736 603196750 12 14
38.731 1 NAVIGATION 0 1 34.9 2.2 9400.7 1223.5 0 0
38.746 1 ATTITUDE -0.05957 2.036621 0.172852
38.747 1 STATE_FILTER_STATUS 3 0
38.828 1 COMMANDS 0,-4886,-1046
38.846 1 ATTITUDE -0.05957 2.036133 0.173096
38.852 1 DESIRED -0.8 -0.02 5.1 -54. 40. 755. -0.9
38.928 1 ACTUATORS 1000,1430,1342
38.946 1 ATTITUDE -0.05957 2.036377 0.173096
38.951 1 GPS 3 50458292 356667936 912 768989 99 168 1736 603197000 12 15
38.954 1 SVINFO 15 135 28 7 35 46 217
38.982 1 NAVIGATION 0 1 34.9 2.2 9400.7 1223.5 0 0
39.046 1 ATTITUDE -0.05957 2.036133 0.173096
39.052 1 DESIRED -0.8 -0.02 5.1 -54. 40. 755. -0.9
39.054 1 ESTIMATOR 769.632507 1.313989
39.058 1 BAT 0 0 0 35 1 45 45 0
39.146 1 ATTITUDE -0.059814 2.035889 0.172607
39.148 1 DOWNLINK_STATUS 26 21699 984 0 837. 39. 23.77
39.149 1 WP_MOVED 1 504548. 3566677. 754. 12
39.152 1 IMU_ACCEL -6.21582 0.570312 7.456055
39.199 1 GPS 3 50458292 356667936 979 769467 122 171 1736 603197250 12 16
39.231 1 NAVIGATION 0 1 34.9 2.2 9400.7 1223.5 0 0
39.246 1 ATTITUDE -0.059814 2.0354 0.172607
39.253 1 DESIRED -0.8 -0.02 5.1 -54. 40. 755. -0.9
39.255 1 IMU_GYRO -0.012695 -0.001953 0.018066
39.346 1 ATTITUDE -0.060059 2.035156 0.172607
39.348 1 DL_VALUE 6 100.
39.447 1 ATTITUDE -0.060303 2.035156 0.172363
39.452 1 DESIRED -0.8 -0.02 5.1 -54. 40. 755. -0.9
39.457 1 GPS 3 50458292 356667936 917 769587 134 171 1736 603197500 12 17
39.482 1 NAVIGATION 0 1 34.9 2.2 9400.7 1223.5 0 0
39.546 1 ATTITUDE -0.060303 2.034668 0.172363
39.548 1 ESTIMATOR 770.000671 1.153872
39.647 1 ATTITUDE -0.060547 2.034912 0.172607
39.652 1 DESIRED -0.8 -0.02 5.1 -54. 40. 755. -0.9
39.655 1 WP_MOVED 2 504493.59375 3566717. 755. 12
39.660 1 NAVIGATION 0 1 34.9 2.2 9400.7 1223.5 0 0
39.698 1 GPS 3 50458292 356667936 827 769870 149 150 1736 603197750 12 18
39.728 1 FBW_STATUS 2 0 1 0 0
39.733 1 NAVIGATION 0 1 34.9 2.2 9400.7 1223.5 0 0
39.746 1 ATTITUDE -0.060547 2.034424 0.172852
39.749 1 IMU_MAG 0.915527 -1.296387 -0.506348
39.846 1 ATTITUDE -0.060547 2.034668 0.172852
39.852 1 DESIRED -0.8 -0.02 5.1 -54. 40. 755. -0.9
39.855 1 IMU_GYRO -0.014893 -0.001953 0.018066
39.858 1 ENERGY 0. 0. 0 0.
39.946 1 ATTITUDE -0.060791 2.034668 0.172607
39.951 1 GPS 3 50458292 356667936 920 769905 150 168 1736 603198000 12 19
39.955 1 IMU_ACCEL -6.322266 0.584961 7.503906
39.960 1 ALIVE 20,182,19,30,209,130,135,216,36,56,36,172,141,52,115,94
39.971 1 WIND_INFO 1 42 0. 0. 0.
39.981 1 NAVIGATION 0 1 34.9 2.2 9400.7 1223.5 0 0
40.046 1 ATTITUDE -0.061035 2.035156 0.172852
40.052 1 DESIRED -0.8 -0.02 5.1 -54. 40. 755. -0.9
40.054 1 ESTIMATOR 770.312866 1.006366
40.056 1 PPRZ_MODE 2 3 3 0 0 6
40.147 1 ATTITUDE -0.060791 2.035889 0.173096
40.151 1 WP_MOVED 3 504514.8125 3566634. 755. 12
40.152 1 DOWNLINK_STATUS 27 22569 1023 0 870. 39. 23.77
40.169 1 BAT 0 0 0 36 1 46 46 0
40.198 1 GPS 3 50457968 356667936 855 766894 116 148 1736 603198250 12 20
40.231 1 NAVIGATION 0 1 31.7 2.2 8836.1 1009.2 0 0
40.246 1 ATTITUDE -0.061279 2.036133 0.172363
40.253 1 DESIRED -0.8 -0.02 5.1 -54. 40. 755. -0.9
40.346 1 ATTITUDE -0.061035 2.036377 0.172607
40.349 1 NAVIGATION_REF 504548 3566677 12
40.446 1 ATTITUDE -0.061523 2.036865 0.171875
40.453 1 DESIRED -0.8 -0.02 5.1 -54. 40. 755. -0.9
40.458 1 GPS 3 50457776 356667936 1084 764512 103 146 1736 603198500 12 21
40.460 1 IMU_GYRO -0.014893 -0.00415 0.015869
40.463 1 GPS_SOL 2560 323 494 6
40.481 1 NAVIGATION 0 1 29.8 2.2 8506.3 890.1 0 0
40.547 1 ATTITUDE -0.061035 2.037354 0.172363
40.548 1 ESTIMATOR 768.391296 -0.348503
40.647 1 ATTITUDE -0.061035 2.037598 0.172119
40.652 1 DESIRED -0.8 -0.01 5.1 -54. 40. 755. -0.8
40.655 1 WP_MOVED 4 504603.3125 3566652.5 755. 12
40.660 1 NAVIGATION 0 1 29.8 2.2 8506.3 890.1 0 0
40.698 1 GPS 3 50457452 356667840 1092 761815 65 133 1736 603198750 12 22
40.730 1 NAVIGATION 0 1 26.5 1.5 8032.1 706.2 0 0
40.746 1 ATTITUDE -0.060791 2.037842 0.172363
40.749 1 IMU_ACCEL -6.331055 0.570312 7.404297
40.751 1 CALIBRATION 149.4 0
40.847 1 ATTITUDE -0.060791 2.037598 0.172119
40.853 1 DESIRED -0.8 -0.01 5.2 -54. 40. 755. -0.7
40.853 1 DL_VALUE 7 2.
40.946 1 ATTITUDE -0.061279 2.037354 0.171387
40.951 1 GPS 3 50457260 356667840 1088 759086 72 105 1736 603199000 12 23
40.953 1 STATE_FILTER_STATUS 3 0
40.980 1 NAVIGATION 0 1 24.6 1.5 7722.3 607.1 0 0
41.046 1 ATTITUDE -0.061035 2.037842 0.171387
41.052 1 DESIRED -0.8 -0. 5.2 -54. 40. 755. -0.6
41.054 1 ESTIMATOR 764.447815 -2.436929
41.057 1 IMU_GYRO -0.008301 -0.00415 0.02002
41.060 1 IMU_MAG 0.913086 -1.302246 -0.500488
41.146 1 ATTITUDE -0.061035 2.037842 0.171631
41.149 1 WP_MOVED 5 504607.1875 3566709.25 755. 12
41.150 1 DOWNLINK_STATUS 28 23404 1061 0 835. 38. 23.77
41.151 1 DOWNLINK 7 832 1784
41.198 1 GPS 3 50457132 356667840 1081 756915 88 82 1736 603199250 12 24
41.230 1 NAVIGATION 0 1 23.3 1.5 7521.5 545.7 0 0
41.247 1 ATTITUDE -0.061279 2.038086 0.171143
41.251 1 DESIRED -0.8 0.01 5.2 -54. 40. 755. -0.4
41.255 1 BAT 0 0 0 37 1 47 47 0
41.347 1 ATTITUDE -0.061279 2.037598 0.170898
41.447 1 ATTITUDE -0.061523 2.037598 0.171631
41.451 1 DESIRED -0.8 0.01 5.2 -54. 40. 755. -0.4
41.457 1 GPS 3 50457004 356667840 1066 755389 72 80 1736 603199500 12 25
41.480 1 NAVIGATION 0 1 22. 1.5 7324. 487.6 0 0
41.546 1 ATTITUDE -0.061523 2.037598 0.171875
41.548 1 ESTIMATOR 759.696594 -4.375347
41.551 1 IMU_ACCEL -6.398438 0.489258 7.869141
41.647 1 ATTITUDE -0.061035 2.037354 0.171875
41.651 1 DESIRED -0.8 0.01 5.2 -54. 40. 755. -0.3
41.655 1 WP_MOVED 0 504590. 3566719. 755. 12
41.658 1 IMU_GYRO -0.025391 0.009521 0.013672
41.664 1 NAVIGATION 0 1 22. 1.5 7324. 487.6 0 0
41.698 1 GPS 3 50456936 356667840 1040 753966 93 34 1736 603199750 12 26
41.728 1 FBW_STATUS 2 0 1 0 0
41.733 1 NAVIGATION 0 1 21.4 1.5 7224.1 459.1 0 0
41.746 1 ATTITUDE -0.061279 2.037598 0.171631
41.846 1 ATTITUDE -0.060791 2.037354 0.172119
41.851 1 DESIRED -0.8 0.02 5.2 -54. 40. 755. -0.1
41.946 1 ATTITUDE -0.061035 2.038086 0.171875
41.951 1 GPS 3 50456808 356667840 1024 753040 84 46 1736 603200000 12 27
41.980 1 NAVIGATION 0 1 20.1 1.5 7031.6 406. 0 0
42.046 1 ATTITUDE -0.061035 2.038086 0.171875
42.051 1 DESIRED -0.8 0.03 5.2 -54. 40. 755. -0.
42.054 1 ESTIMATOR 755.343994 -5.554399
42.146 1 ATTITUDE -0.060791 2.038086 0.171875
42.149 1 WP_MOVED 1 504548. 3566677. 754. 12
42.150 1 DOWNLINK_STATUS 29 24165 1094 0 761. 33. 23.77
42.198 1 GPS 3 50456808 356667840 1024 752244 98 58 1736 603200250 12 28
42.230 1 NAVIGATION 0 1 20.1 1.5 7031.6 406. 0 0
42.245 1 ATTITUDE -0.060791 2.038086 0.172119
42.252 1 DESIRED -0.8 0.03 5.2 -54. 40. 755. 0.1
42.255 1 IMU_GYRO -0.023193 0.00415 0.014893
42.346 1 ATTITUDE -0.060791 2.03833 0.172119
42.349 1 IMU_ACCEL -6.3125 0.599609 7.555664
42.352 1 BAT 0 0 0 38 1 48 48 0
42.355 1 IMU_MAG 0.915527 -1.302246 -0.494629
42.357 1 DL_VALUE 8 1.
42.361 1 ENERGY 0. 0. 0 0.
42.446 1 ATTITUDE -0.060791 2.03833 0.172607
42.452 1 DESIRED -0.8 0.03 5.2 -54. 40. 755. 0.1
42.457 1 GPS 3 50456680 356667840 1010 751345 60 45 1736 603200500 12 29
42.460 1 GPS_SOL 1685 300 331 7
42.481 1 NAVIGATION 0 1 18.8 1.5 6842.3 356.2 0 0
42.546 1 ATTITUDE -0.060791 2.03833 0.172852
42.548 1 ESTIMATOR 751.877625 -5.924409
42.645 1 ATTITUDE -0.060547 2.038574 0.172852
42.651 1 DESIRED -0.8 0.04 5.2 -54. 40. 755. 0.2
42.655 1 WP_MOVED 2 504493.59375 3566717. 755. 12
42.659 1 NAVIGATION 0 1 18.8 1.5 6842.3 356.2 0 0
42.698 1 GPS 3 50456616 356667840 1002 750672 43 48 1736 603200750 12 30
42.730 1 NAVIGATION 0 1 18.2 1.5 6746.7 331.9 0 0
42.745 1 ATTITUDE -0.060547 2.03833 0.172607
42.846 1 ATTITUDE -0.060547 2.038086 0.172607
42.852 1 DESIRED -0.8 0.04 5.2 -54. 40. 755. 0.3
42.855 1 IMU_GYRO -0.016846 0.010498 0.015869
42.856 1 CALIBRATION 111.7 0
42.945 1 ATTITUDE -0.060547 2.038086 0.172607
42.951 1 GPS 3 50456616 356667840 995 749920 57 38 1736 603201000 12 31
42.980 1 NAVIGATION 0 1 18.2 1.5 6746.7 331.9 0 0
43.045 1 ATTITUDE -0.060547 2.037598 0.172607
43.052 1 DESIRED -0.8 0.04 5.2 -54. 40. 755. 0.3
43.054 1 ESTIMATOR 749.234009 -5.741757
43.146 1 ATTITUDE -0.060547 2.037598 0.172852
43.149 1 WP_MOVED 3 504514.8125 3566634. 755. 12
43.150 1 DOWNLINK_STATUS 30 24996 1131 0 831. 37. 23.77
43.152 1 IMU_ACCEL -6.230469 0.609375 7.46582
43.154 1 STATE_FILTER_STATUS 3 0
43.198 1 GPS 3 50456488 356667840 991 749132 70 34 1736 603201250 12 32
43.201 1 SVINFO 0 3 13 6 34 24 46
43.230 1 NAVIGATION 0 1 16.9 1.5 6562.4 287. 0 0
43.245 1 ATTITUDE -0.060303 2.037598 0.173096
43.251 1 DESIRED -0.8 0.05 5.2 -54. 40. 755. 0.4
43.346 1 ATTITUDE -0.060059 2.037598 0.173096
43.445 1 ATTITUDE -0.060059 2.037109 0.173096
43.451 1 DESIRED -0.8 0.05 5.2 -54. 40. 755. 0.4
43.457 1 GPS 3 50456360 356667840 986 748711 48 44 1736 603201500 12 1
43.459 1 SVINFO 1 6 13 4 19 8 38
43.463 1 IMU_GYRO -0.019043 0.009521 0.013672
43.481 1 NAVIGATION 0 1 15.6 1.5 6381.4 245.4 0 0
43.545 1 ATTITUDE -0.060059 2.036621 0.173096
43.548 1 ESTIMATOR 747.25885 -5.240758
43.645 1 ATTITUDE -0.060059 2.037109 0.172607
43.651 1 DESIRED -0.8 0.05 5.2 -54. 40. 755. 0.5
43.655 1 WP_MOVED 4 504603.3125 3566652.5 755. 12
43.659 1 NAVIGATION 0 1 15.6 1.5 6381.4 245.4 0 0
43.662 1 IMU_MAG 0.915527 -1.308105 -0.509277
43.663 1 PONG 
43.698 1 GPS 3 50456360 356667840 1043 748361 38 47 1736 603201750 12 2
43.700 1 SVINFO 2 7 13 4 29 62 10
43.728 1 FBW_STATUS 2 0 1 0 0
43.733 1 NAVIGATION 0 1 15.6 1.5 6381.4 245.4 0 0
43.745 1 ATTITUDE -0.060059 2.036865 0.172852
43.828 1 COMMANDS 0,-4883,-667
43.845 1 ATTITUDE -0.060303 2.036865 0.172852
43.851 1 DESIRED -0.8 0.05 5.2 -54. 40. 755. 0.5
43.853 1 DL_VALUE 9 1.
43.928 1 ACTUATORS 1000,1414,1359
43.945 1 ATTITUDE -0.060547 2.037109 0.172363
43.951 1 GPS 3 50456360 356667840 1061 748167 26 41 1736 603202000 12 3
43.954 1 IMU_ACCEL -6.210938 0.575195 7.480469
43.980 1 NAVIGATION 0 1 15.6 1.5 6381.4 245.4 0 0
44.045 1 ATTITUDE -0.060547 2.037354 0.172363
44.052 1 DESIRED -0.8 0.05 5.2 -54. 40. 755. 0.5
44.054 1 ESTIMATOR 746.074158 -4.443966
44.057 1 IMU_GYRO -0.016846 0.009521 0.013672
44.145 1 ATTITUDE -0.060547 2.037354 0.172607
44.149 1 WP_MOVED 5 504607.1875 3566709.25 755. 12
44.151 1 DOWNLINK_STATUS 31 25874 1173 0 878. 42. 19.99
44.198 1 GPS 3 50456360 356667840 1078 748096 45 53 1736 603202250 12 4
44.230 1 NAVIGATION 0 1 15.6 1.5 6381.4 245.4 0 0
44.245 1 ATTITUDE -0.060303 2.037354 0.172852
44.252 1 DESIRED -0.8 0.05 5.2 -54. 40. 755. 0.6
44.345 1 ATTITUDE -0.060303 2.037598 0.173096
44.445 1 ATTITUDE -0.060303 2.037598 0.17334
44.452 1 DESIRED -0.8 0.05 5.2 -54. 40. 755. 0.6
44.457 1 GPS 3 50456360 356667840 1109 747954 26 48 1736 603202500 12 5
44.459 1 SVINFO 5 11 13 7 32 17 123
44.462 1 GPS_SOL 1509 317 331 7
44.480 1 NAVIGATION 0 1 15.6 1.5 6381.4 245.4 0 0
44.546 1 ATTITUDE -0.060059 2.037842 0.173584
44.548 1 ESTIMATOR 745.59314 -3.482425
44.551 1 BAT 0 0 0 40 1 50 50 0
44.645 1 ATTITUDE -0.060303 2.037842 0.17334
44.651 1 DESIRED -0.8 0.05 5.2 -54. 40. 755. 0.6
44.655 1 WP_MOVED 0 504590. 3566719. 755. 12
44.658 1 IMU_GYRO -0.019043 0.009521 0.014893
44.662 1 NAVIGATION 0 1 15.6 1.5 6381.4 245.4 0 0
44.698 1 GPS 3 50456360 356667840 1122 748041 16 54 1736 603202750 12 6
44.730 1 NAVIGATION 0 1 15.6 1.5 6381.4 245.4 0 0
44.745 1 ATTITUDE -0.060059 2.038086 0.173584
44.749 1 IMU_ACCEL -6.225586 0.614258 7.451172
44.845 1 ATTITUDE -0.060303 2.037842 0.17334
44.851 1 DESIRED -0.8 0.05 5.2 -54. 40. 755. 0.6
44.855 1 ENERGY 0. 0. 0 0.
44.945 1 ATTITUDE -0.060303 2.037598 0.17334
44.951 1 GPS 3 50456292 356667840 1083 747712 10 12 1736 603203000 12 7
44.954 1 SVINFO 7 13 13 4 20 52 154
44.957 1 IMU_MAG 0.908203 -1.302246 -0.506348
44.959 1 CALIBRATION 71.5 0
44.963 1 ALIVE 20,182,19,30,209,130,135,216,36,56,36,172,141,52,115,94
44.980 1 NAVIGATION 0 1 14.9 1.5 6285.6 224.4 0 0
45.046 1 ATTITUDE -0.060303 2.037109 0.17334
45.052 1 DESIRED -0.8 0.05 5.2 -54. 40. 755. 0.6
45.054 1 ESTIMATOR 745.571411 -2.537774
45.056 1 PPRZ_MODE 2 3 3 0 0 6
45.145 1 ATTITUDE -0.060303 2.037109 0.17334
45.149 1 WP_MOVED 1 504548. 3566677. 754. 12
45.152 1 DOWNLINK_STATUS 32 26739 1212 0 865. 39. 19.99
45.198 1 GPS 3 50456292 356667840 1054 747633 16 12 1736 603203250 12 8
45.230 1 NAVIGATION 0 1 14.9 1.5 6285.6 224.4 0 0
45.245 1 ATTITUDE -0.060303 2.037109 0.17334
45.252 1 DESIRED -0.8 0.05 5.2 -54. 40. 755. 0.6
45.254 1 IMU_GYRO -0.016846 0.005127 0.015869
45.345 1 ATTITUDE -0.060547 2.036133 0.17334
45.347 1 DL_VALUE 10 0.
45.349 1 STATE_FILTER_STATUS 3 0
45.445 1 ATTITUDE -0.060547 2.036377 0.17334
45.452 1 DESIRED -0.8 0.05 5.2 -54. 40. 755. 0.6
45.457 1 GPS 3 50456292 356667840 1130 747718 13 28 1736 603203500 12 9
45.480 1 NAVIGATION 0 1 14.9 1.5 6285.6 224.4 0 0
45.545 1 ATTITUDE -0.060547 2.036377 0.17334
45.549 1 ESTIMATOR 745.771301 -1.727719
45.551 1 IMU_ACCEL -6.240234 0.589844 7.494141
45.645 1 ATTITUDE -0.060547 2.036133 0.17334
45.651 1 DESIRED -0.8 0.05 5.2 -54. 40. 755. 0.6
45.655 1 WP_MOVED 2 504493.59375 3566717. 755. 12
45.659 1 NAVIGATION 0 1 14.9 1.5 6285.6 224.4 0 0
45.663 1 BAT 0 0 0 41 1 51 51 0
45.698 1 GPS 3 50456164 356667744 1222 747751 10 35 1736 603203750 12 10
45.700 1 SVINFO 10 19 13 7 35 39 66
45.728 1 FBW_STATUS 2 0 1 0 0
45.732 1 NAVIGATION 0 1 13.6 0.5 6187.7 185.9 0 0
45.745 1 ATTITUDE -0.060791 2.036133 0.17334
45.845 1 ATTITUDE -0.058838 2.036377 0.174805
45.851 1 DESIRED 0.8 0.05 5.2 -54. 40. 755. 0.5
45.854 1 IMU_GYRO 0.001953 -0.010498 0.025391
45.945 1 ATTITUDE -0.058105 2.036621 0.175781
45.951 1 GPS 3 50456164 356667744 1187 747466 44 18 1736 603204000 12 11
45.953 1 SVINFO 11 23 13 6 31 25 153
45.980 1 NAVIGATION 0 1 13.6 0.5 6187.7 185.9 0 0
46.045 1 ATTITUDE -0.058105 2.036377 0.175537
46.051 1 DESIRED -0.8 0.05 5.2 -54. 40. 755. 0.5
46.054 1 ESTIMATOR 746.093628 -1.078796
46.148 1 ATTITUDE -0.059814 2.036865 0.173584
46.151 1 WP_MOVED 3 504514.8125 3566634. 755. 12
46.153 1 DOWNLINK_STATUS 33 27555 1249 0 816. 37. 19.99
46.198 1 GPS 3 50456164 356667840 1151 747352 45 17 1736 603204250 12 12
46.230 1 NAVIGATION 0 1 13.6 1.5 6109.7 187.9 0 0
46.245 1 ATTITUDE -0.060547 2.036865 0.172852
46.251 1 DESIRED -0.8 0.05 5.2 -54. 40. 755. 0.5
46.254 1 IMU_MAG 0.915527 -1.305176 -0.503418
46.256 1 DOWNLINK 8 839 1977
46.345 1 ATTITUDE -0.060791 2.036865 0.172607
46.348 1 IMU_ACCEL -6.27832 0.632812 7.508789
46.445 1 ATTITUDE -0.061035 2.037109 0.172607
46.451 1 DESIRED -0.8 0.05 5.2 -54. 40. 755. 0.5
46.457 1 GPS 3 50456164 356667840 1104 747195 15 18 1736 603204500 12 13
46.460 1 IMU_GYRO -0.016846 0.00415 0.016846
46.463 1 GPS_SOL 1510 285 331 7
46.480 1 NAVIGATION 0 1 13.6 1.5 6109.7 187.9 0 0
46.545 1 ATTITUDE -0.061279 2.037354 0.172363
46.548 1 ESTIMATOR 746.310913 -0.664635
46.645 1 ATTITUDE -0.061279 2.037842 0.172363
46.651 1 DESIRED -0.8 0.05 5.2 -54. 40. 755. 0.5
46.655 1 WP_MOVED 4 504603.3125 3566652.5 755. 12
46.659 1 NAVIGATION 0 1 13.6 1.5 6109.7 187.9 0 0
46.698 1 GPS 3 50456164 356667744 1122 747204 15 31 1736 603204750 12 14
46.730 1 NAVIGATION 0 1 13.6 0.5 6187.7 185.9 0 0
46.745 1 ATTITUDE -0.061279 2.037842 0.172363
46.749 1 BAT 0 0 0 43 1 53 53 0
46.845 1 ATTITUDE -0.061523 2.038086 0.172363
46.851 1 DESIRED -0.8 0.05 5.2 -54. 40. 755. 0.5
46.853 1 DL_VALUE 11 1.
46.945 1 ATTITUDE -0.061279 2.037598 0.172852
46.951 1 GPS 3 50456164 356667744 1029 747376 16 37 1736 603205000 12 15
46.953 1 SVINFO 15 135 28 4 27 46 217
46.980 1 NAVIGATION 0 1 13.6 0.5 6187.7 185.9 0 0
47.045 1 ATTITUDE -0.061279 2.037109 0.172852
47.051 1 DESIRED -0.8 0.05 5.2 -54. 40. 755. 0.5
47.054 1 ESTIMATOR 746.569946 -0.337937
47.057 1 IMU_GYRO -0.014893 0.006348 0.016846
47.059 1 CALIBRATION 55.5 0
47.145 1 ATTITUDE -0.061279 2.037354 0.172852
47.149 1 WP_MOVED 5 504607.1875 3566709.25 755. 12
47.152 1 IMU_ACCEL -6.264648 0.589844 7.442383
47.154 1 DOWNLINK_STATUS 34 28409 1288 0 854. 39. 19.99
47.198 1 GPS 3 50456164 356667744 1120 747501 13 37 1736 603205250 12 16
47.230 1 NAVIGATION 0 1 13.6 0.5 6187.7 185.9 0 0
47.245 1 ATTITUDE -0.061279 2.037598 0.172852
47.251 1 DESIRED -0.8 0.05 5.2 -54. 40. 755. 0.5
47.345 1 ATTITUDE -0.061279 2.037842 0.173096
47.349 1 ENERGY 0. 0. 0 0.
47.445 1 ATTITUDE -0.061279 2.037598 0.172852
47.451 1 DESIRED -0.8 0.05 5.2 -54. 40. 755. 0.5
47.457 1 GPS 3 50456164 356667744 1105 747484 34 13 1736 603205500 12 17
47.480 1 NAVIGATION 0 1 13.6 0.5 6187.7 185.9 0 0
47.545 1 ATTITUDE -0.061279 2.037598 0.172852
47.548 1 ESTIMATOR 746.901978 -0.063832
47.551 1 IMU_MAG 0.910645 -1.296387 -0.509277
47.552 1 STATE_FILTER_STATUS 3 0
47.645 1 ATTITUDE -0.061279 2.037354 0.172852
47.652 1 DESIRED -0.8 0.05 5.2 -54. 40. 755. 0.5
47.655 1 WP_MOVED 0 504590. 3566719. 755. 12
47.659 1 IMU_GYRO -0.014893 0.00415 0.014893
47.663 1 NAVIGATION 0 1 13.6 0.5 6187.7 185.9 0 0
47.699 1 GPS 3 50456164 356667744 1083 747445 42 -3 1736 603205750 12 18
47.731 1 NAVIGATION 0 1 13.6 0.5 6187.7 185.9 0 0
47.732 1 FBW_STATUS 2 0 1 0 0
47.745 1 ATTITUDE -0.061523 2.037354 0.172363
47.845 1 ATTITUDE -0.061523 2.037842 0.172607
47.851 1 DESIRED -0.8 0.05 5.2 -54. 40. 755. 0.5
47.855 1 BAT 0 0 0 44 1 54 54 0
47.945 1 ATTITUDE -0.061523 2.037842 0.172607
47.951 1 GPS 3 50456164 356667744 1046 747465 28 17 1736 603206000 12 19
47.954 1 IMU_ACCEL -6.283203 0.561523 7.522461
47.980 1 NAVIGATION 0 1 13.6 0.5 6187.7 185.9 0 0
48.045 1 ATTITUDE -0.061523 2.038086 0.172607
48.051 1 DESIRED -0.8 0.05 5.2 -54. 40. 755. 0.5
48.053 1 ESTIMATOR 747.145508 0.086873
48.145 1 ATTITUDE -0.061523 2.038574 0.172607
48.149 1 WP_MOVED 1 504548. 3566677. 754. 12
48.155 1 DOWNLINK_STATUS 35 29206 1323 0 797. 35. 19.99
48.198 1 GPS 3 50456164 356667744 1064 747617 37 29 1736 603206250 12 20
48.230 1 NAVIGATION 0 1 13.6 0.5 6187.7 185.9 0 0
48.245 1 ATTITUDE -0.061768 2.039062 0.172607
48.251 1 DESIRED -0.8 0.05 5.2 -54. 40. 755. 0.5
48.254 1 IMU_GYRO -0.016846 0.001953 0.018066
48.345 1 ATTITUDE -0.061523 2.039307 0.172607
48.347 1 DL_VALUE 0 0.
48.445 1 ATTITUDE -0.061523 2.039307 0.172607
48.451 1 DESIRED -0.8 0.05 5.2 -54. 40. 755. 0.5
48.457 1 GPS 3 50456164 356667744 1065 747819 44 27 1736 603206500 12 21
48.460 1 GPS_SOL 1474 291 331 7
48.480 1 NAVIGATION 0 1 13.6 0.5 6187.7 185.9 0 0
48.545 1 ATTITUDE -0.061523 2.039307 0.172607
48.548 1 ESTIMATOR 747.449524 0.231179
48.645 1 ATTITUDE -0.061523 2.040039 0.171875
48.651 1 DESIRED -0.8 0.05 5.2 -54. 40. 755. 0.5
48.655 1 WP_MOVED 2 504493.59375 3566717. 755. 12
48.659 1 NAVIGATION 0 1 13.6 0.5 6187.7 185.9 0 0
48.660 1 PONG 
48.698 1 GPS 3 50456164 356667744 1075 748050 17 35 1736 603206750 12 22
48.730 1 NAVIGATION 0 1 13.6 0.5 6187.7 185.9 0 0
48.745 1 ATTITUDE -0.061523 2.039795 0.172363
48.748 1 IMU_ACCEL -6.192383 0.421875 7.636719
48.828 1 COMMANDS 0,-4873,-677
48.845 1 ATTITUDE -0.0625 2.039551 0.172607
48.851 1 DESIRED -0.8 0.05 5.2 -54. 40. 755. 0.4
48.854 1 IMU_GYRO -0.208496 0.094482 0.016846
48.857 1 IMU_MAG 0.913086 -1.302246 -0.500488
48.928 1 ACTUATORS 1000,1414,1359
48.945 1 ATTITUDE -0.062744 2.039307 0.170654
48.951 1 GPS 3 50456164 356667744 1078 748255 10 34 1736 603207000 12 23
48.954 1 BAT 0 0 0 45 1 55 55 0
48.980 1 NAVIGATION 0 1 13.6 0.5 6187.7 185.9 0 0
49.045 1 ATTITUDE -0.062988 2.02832 0.175537
49.051 1 DESIRED -0.8 0.05 5.2 -54. 40. 755. 0.4
49.053 1 ESTIMATOR 747.861389 0.394589
49.145 1 ATTITUDE -0.066895 1.997559 0.179688
49.149 1 WP_MOVED 3 504514.8125 3566634. 755. 12
49.150 1 CALIBRATION 52.7 0
49.156 1 DOWNLINK_STATUS 36 30049 1362 0 843. 39. 16.07
49.198 1 GPS 3 50456164 356667744 1158 748540 16 38 1736 603207250 12 24
49.230 1 NAVIGATION 0 1 13.6 0.5 6187.7 185.9 0 0
49.245 1 ATTITUDE -0.065918 1.973145 0.178467
49.251 1 DESIRED -0.8 0.05 5.2 -54. 40. 755. 0.4
49.345 1 ATTITUDE -0.068848 1.950439 0.175293
49.348 1 NAVIGATION_REF 504548 3566677 12
49.445 1 ATTITUDE -0.059082 1.921875 0.165771
49.451 1 DESIRED -0.8 0.05 5.2 -54. 40. 755. 0.4
49.457 1 GPS 3 50456164 356667744 1113 748637 26 30 1736 603207500 12 25
49.460 1 IMU_GYRO -0.095703 -0.094482 0.346924
49.480 1 NAVIGATION 0 1 13.6 0.5 6187.7 185.9 0 0
49.545 1 ATTITUDE -0.061035 1.900146 0.164062
49.548 1 ESTIMATOR 748.334473 0.545015
49.551 1 IMU_ACCEL -6.019531 -0.90625 8.069336
49.645 1 ATTITUDE -0.054688 1.872314 0.162842
49.651 1 DESIRED -0.8 0.04 5.2 -54. 40. 755. 0.4
49.654 1 WP_MOVED 4 504603.3125 3566652.5 755. 12
49.659 1 NAVIGATION 0 1 13.6 0.5 6187.7 185.9 0 0
49.698 1 GPS 3 50456164 356667744 1068 748714 46 24 1736 603207750 12 26
49.728 1 FBW_STATUS 2 0 1 0 0
49.732 1 NAVIGATION 0 1 13.6 0.5 6187.7 185.9 0 0
49.745 1 ATTITUDE -0.044189 1.833984 0.162598
49.747 1 STATE_FILTER_STATUS 3 0
49.845 1 ATTITUDE -0.047852 1.795654 0.162354
49.851 1 DESIRED -0.8 0.04 5.2 -54. 40. 755. 0.4
49.853 1 DL_VALUE 1 0.
49.856 1 ENERGY 0. 0. 0 0.
49.945 1 ATTITUDE -0.042969 1.753662 0.171631
49.951 1 GPS 3 50456164 356667744 1009 748924 44 47 1736 603208000 12 27
49.956 1 ALIVE 20,182,19,30,209,130,135,216,36,56,36,172,141,52,115,94
49.971 1 WIND_INFO 1 42 0. 0. 0.
49.980 1 NAVIGATION 0 1 13.6 0.5 6187.7 185.9 0 0
50.045 1 ATTITUDE -0.042969 1.704102 0.179932
50.051 1 DESIRED -0.8 0.04 5.2 -54. 40. 755. 0.4
50.053 1 ESTIMATOR 748.74176 0.619466
50.057 1 IMU_GYRO -0.238281 0.178711 0.717041
50.060 1 BAT 0 0 0 46 1 56 56 0
50.062 1 PPRZ_MODE 2 3 3 0 0 6
50.145 1 ATTITUDE -0.064697 1.640381 0.18457
50.149 1 WP_MOVED 5 504607.1875 3566709.25 755. 12
50.152 1 IMU_MAG 0.709961 -1.377441 -0.681641
50.157 1 DOWNLINK_STATUS 37 30925 1402 0 876. 40. 16.07
50.198 1 GPS 3 50456164 356667744 974 748990 35 29 1736 603208250 12 28
50.230 1 NAVIGATION 0 1 13.6 0.5 6187.7 185.9 0 0
50.245 1 ATTITUDE -0.070557 1.572754 0.176758
50.251 1 DESIRED -0.8 0.05 5.2 -54. 40. 755. 0.4
50.345 1 ATTITUDE -0.077637 1.52124 0.163086
50.348 1 IMU_ACCEL -5.000977 2.303711 7.722656
50.445 1 ATTITUDE -0.082031 1.47998 0.161621
50.451 1 DESIRED -0.8 0.05 5.2 -54. 40. 755. 0.4
50.457 1 GPS 3 50456164 356667744 939 749096 70 39 1736 603208500 12 29
50.460 1 GPS_SOL 1483 286 331 7
50.480 1 NAVIGATION 0 1 13.6 0.5 6187.7 185.9 0 0
50.545 1 ATTITUDE -0.084473 1.459961 0.154785
50.547 1 ESTIMATOR 749.083374 0.636281
50.645 1 ATTITUDE -0.084717 1.446777 0.156738
50.651 1 DESIRED -0.8 0.05 5.2 -54. 40. 755. 0.4
50.654 1 WP_MOVED 0 504590. 3566719. 755. 12
50.658 1 IMU_GYRO -0.297852 0.028564 0.351074
50.662 1 NAVIGATION 0 1 13.6 0.5 6187.7 185.9 0 0
50.698 1 GPS 3 50456164 356667744 903 749113 45 20 1736 603208750 12 30
50.730 1 NAVIGATION 0 1 13.6 0.5 6187.7 185.9 0 0
50.745 1 ATTITUDE -0.084473 1.430664 0.156982
50.845 1 ATTITUDE -0.083008 1.407959 0.158691
50.851 1 DESIRED -0.8 0.05 5.2 -54. 40. 755. 0.3
50.945 1 ATTITUDE -0.083252 1.386963 0.163086
50.951 1 GPS 3 50456164 356667744 862 749014 35 0 1736 603209000 12 31
50.980 1 NAVIGATION 0 1 13.6 0.5 6187.7 185.9 0 0
51.045 1 ATTITUDE -0.077881 1.362793 0.174561
51.051 1 DESIRED -0.8 0.05 5.2 -54. 40. 755. 0.3
51.053 1 ESTIMATOR 749.273499 0.563328
51.145 1 ATTITUDE -0.081543 1.335205 0.17627
51.148 1 WP_MOVED 1 504548. 3566677. 754. 12
51.152 1 IMU_ACCEL -6.259766 0.244141 7.24707
51.155 1 BAT 0 0 0 47 1 57 57 0
51.158 1 DOWNLINK_STATUS 38 31696 1435 0 771. 33. 16.07
51.198 1 GPS 3 50456164 356667744 834 749406 62 22 1736 603209250 12 32
51.200 1 SVINFO 0 3 13 6 39 24 46
51.230 1 NAVIGATION 0 1 13.6 0.5 6187.7 185.9 0 0
51.245 1 ATTITUDE -0.075439 1.306152 0.171143
51.251 1 DESIRED -0.8 0.05 5.2 -54. 40. 755. 0.3
51.254 1 IMU_GYRO -0.187256 -0.174316 0.600098
51.256 1 CALIBRATION 54.6 0
51.345 1 ATTITUDE -0.084473 1.273682 0.158691
51.347 1 DL_VALUE 2 755.
51.349 1 DOWNLINK 8 822 2167
51.445 1 ATTITUDE -0.093994 1.254395 0.15332
51.451 1 DESIRED -0.8 0.06 5.2 -54. 40. 755. 0.3
51.457 1 GPS 3 50456164 356667744 811 749586 53 33 1736 603209500 12 1
51.459 1 SVINFO 1 6 13 4 22 8 38
51.462 1 IMU_MAG 0.381836 -1.157715 -0.88623
51.480 1 NAVIGATION 0 1 13.6 0.5 6187.7 185.9 0 0
51.545 1 ATTITUDE -0.082764 1.220215 0.17627
51.547 1 ESTIMATOR 749.561218 0.567141
51.645 1 ATTITUDE -0.087158 1.196289 0.177002
51.651 1 DESIRED -0.8 0.05 5.2 -54. 40. 755. 0.3
51.654 1 WP_MOVED 2 504493.59375 3566717. 755. 12
51.659 1 NAVIGATION 0 1 13.6 0.5 6187.7 185.9 0 0
51.698 1 GPS 3 50456164 356667744 795 749797 81 38 1736 603209750 12 2
51.700 1 SVINFO 2 7 13 4 30 62 10
51.728 1 FBW_STATUS 2 0 1 0 0
51.732 1 NAVIGATION 0 1 13.6 0.5 6187.7 185.9 0 0
51.745 1 ATTITUDE -0.086914 1.175781 0.180908
51.845 1 ATTITUDE -0.088135 1.172852 0.184082
51.851 1 DESIRED -0.8 0.05 5.2 -54. 40. 755. 0.3
51.854 1 IMU_GYRO -0.223389 0.081787 0.22876
51.945 1 ATTITUDE -0.09082 1.168701 0.186279
51.951 1 GPS 3 50456164 356667744 764 750282 67 25 1736 603210000 12 3
51.954 1 IMU_ACCEL -4.890625 1.463867 8.102539
51.955 1 STATE_FILTER_STATUS 3 0
51.980 1 NAVIGATION 0 1 13.6 0.5 6187.7 185.9 0 0
52.045 1 ATTITUDE -0.088867 1.172363 0.185791
52.051 1 DESIRED -0.8 0.05 5.2 -54. 40. 755. 0.3
52.053 1 ESTIMATOR 749.977783 0.643851
52.145 1 ATTITUDE -0.092529 1.173584 0.182617
52.148 1 WP_MOVED 3 504514.8125 3566634. 755. 12
52.159 1 DOWNLINK_STATUS 39 32546 1475 0 850. 40. 16.07
52.198 1 GPS 3 50456164 356667744 742 750563 44 27 1736 603210250 12 4
52.230 1 NAVIGATION 0 1 13.6 0.5 6187.7 185.9 0 0
52.245 1 ATTITUDE -0.094482 1.172607 0.181152
52.251 1 DESIRED -0.8 0.06 5.2 -54. 40. 755. 0.3
52.254 1 BAT 0 0 0 48 1 58 58 0
52.345 1 ATTITUDE -0.097168 1.174805 0.183838
52.348 1 ENERGY 0. 0. 0 0.
52.445 1 ATTITUDE -0.0979 1.190186 0.186279
52.451 1 DESIRED -0.8 0.06 5.2 -54. 40. 755. 0.3
52.457 1 GPS 3 50456164 356667744 679 751001 23 24 1736 603210500 12 5
52.459 1 SVINFO 5 11 13 4 29 17 122
52.462 1 IMU_GYRO 0.014893 -0.027588 0.029785
52.480 1 NAVIGATION 0 1 13.6 0.5 6187.7 185.9 0 0
52.545 1 ATTITUDE -0.09668 1.205078 0.188477
52.547 1 ESTIMATOR 750.572937 0.796287
52.645 1 ATTITUDE -0.09668 1.210693 0.186523
52.651 1 DESIRED -0.8 0.06 5.2 -54. 40. 755. 0.3
52.654 1 WP_MOVED 4 504603.3125 3566652.5 755. 12
52.659 1 NAVIGATION 0 1 13.6 0.5 6187.7 185.9 0 0
52.698 1 GPS 3 50456164 356667744 663 750905 26 20 1736 603210750 12 6
52.730 1 NAVIGATION 0 1 13.6 0.5 6187.7 185.9 0 0
52.745 1 ATTITUDE -0.097412 1.213379 0.186523
52.748 1 IMU_ACCEL -6.375 1.079102 7.384766
52.751 1 IMU_MAG 0.313477 -0.983887 -0.935059
52.845 1 ATTITUDE -0.095947 1.214844 0.188721
52.851 1 DESIRED -0.8 0.05 5.2 -54. 40. 755. 0.3
52.853 1 DL_VALUE 3 0.
52.945 1 ATTITUDE -0.094727 1.221924 0.19043
52.951 1 GPS 3 50456164 356667744 679 750788 35 15 1736 603211000 12 7
52.953 1 SVINFO 7 13 13 6 41 52 155
52.980 1 NAVIGATION 0 1 13.6 0.5 6187.7 185.9 0 0
53.045 1 ATTITUDE -0.090332 1.232422 0.190186
53.051 1 DESIRED -0.8 0.05 5.2 -54. 40. 755. 0.2
53.053 1 ESTIMATOR 750.953247 0.782671
53.056 1 IMU_GYRO -0.078613 0.033936 0.047852
53.145 1 ATTITUDE -0.084229 1.237549 0.192871
53.148 1 WP_MOVED 5 504607.1875 3566709.25 755. 12
53.160 1 DOWNLINK_STATUS 40 33377 1512 0 831. 37. 16.07
53.197 1 GPS 3 50456164 356667744 751 750236 24 17 1736 603211250 12 8
53.230 1 NAVIGATION 0 1 13.6 0.5 6187.7 185.9 0 0
53.245 1 ATTITUDE -0.077637 1.236816 0.19751
53.251 1 DESIRED -0.8 0.05 5.2 -54. 40. 755. 0.2
53.345 1 ATTITUDE -0.078125 1.220947 0.192383
53.348 1 BAT 0 0 0 49 1 59 59 0
53.350 1 CALIBRATION 57.9 0
53.445 1 ATTITUDE -0.077148 1.190918 0.192139
53.451 1 DESIRED -0.8 0.05 5.2 -54. 40. 755. 0.2
53.456 1 GPS 3 50456164 356667744 755 749456 11 32 1736 603211500 12 9
53.480 1 NAVIGATION 0 1 13.6 0.5 6187.7 185.9 0 0
53.545 1 ATTITUDE -0.080811 1.164795 0.19165
53.547 1 ESTIMATOR 750.659119 0.39683
53.550 1 IMU_ACCEL -7.268555 1.511719 7.047852
53.645 1 ATTITUDE -0.080811 1.141357 0.195312
53.651 1 DESIRED -0.8 0.05 5.2 -54. 40. 755. 0.3
53.654 1 WP_MOVED 0 504590. 3566719. 755. 12
53.657 1 IMU_GYRO -0.280762 0.088135 0.287109
53.662 1 NAVIGATION 0 1 13.6 0.5 6187.7 185.9 0 0
53.663 1 PONG 
53.697 1 GPS 3 50456164 356667744 755 749410 10 21 1736 603211750 12 10
53.700 1 SVINFO 10 19 13 6 31 39 66
53.730 1 NAVIGATION 0 1 13.6 0.5 6187.7 185.9 0 0
53.732 1 FBW_STATUS 2 0 1 0 0
53.745 1 ATTITUDE -0.098877 1.115723 0.20166
53.827 1 COMMANDS 0,-4564,-729
53.845 1 ATTITUDE -0.109863 1.0979 0.196777
53.851 1 DESIRED -0.8 0.06 5.2 -54. 40. 755. 0.3
53.927 1 ACTUATORS 1000,1424,1361
53.945 1 ATTITUDE -0.101562 1.096924 0.19458
53.951 1 GPS 3 50456164 356667744 778 749044 22 23 1736 603212000 12 11
53.953 1 SVINFO 11 23 13 6 38 25 153
53.980 1 NAVIGATION 0 1 13.6 0.5 6187.7 185.9 0 0
54.045 1 ATTITUDE -0.101562 1.096191 0.195312
54.051 1 DESIRED -0.8 0.06 5.2 -54. 40. 755. 0.3
54.053 1 ESTIMATOR 750.095886 -0.024343
54.056 1 IMU_MAG 0.276367 -0.824707 -0.949219
54.145 1 ATTITUDE -0.098877 1.090576 0.192627
54.148 1 WP_MOVED 1 504548. 3566677. 754. 12
54.150 1 STATE_FILTER_STATUS 3 0
54.161 1 DOWNLINK_STATUS 41 34225 1552 0 848. 40. 19.08
54.197 1 GPS 3 50456164 356667744 888 748666 23 -3 1736 603212250 12 12
54.230 1 NAVIGATION 0 1 13.6 0.5 6187.7 185.9 0 0
54.245 1 ATTITUDE -0.099854 1.090576 0.194336
54.251 1 DESIRED -0.8 0.06 5.2 -54. 40. 755. 0.3
54.254 1 IMU_GYRO -0.025391 0.007324 0.034912
54.345 1 ATTITUDE -0.099609 1.100098 0.194092
54.348 1 IMU_ACCEL -6.504883 0.446289 7.328125
54.350 1 DL_VALUE 4 0.
54.445 1 ATTITUDE -0.098145 1.108643 0.196289
54.451 1 DESIRED -0.8 0.06 5.2 -54. 40. 755. 0.3
54.456 1 GPS 3 50456164 356667744 877 748651 16 7 1736 603212500 12 13
54.460 1 BAT 0 0 0 50 1 60 60 0
54.463 1 GPS_SOL 1407 267 331 7
54.480 1 NAVIGATION 0 1 13.6 0.5 6187.7 185.9 0 0
54.545 1 ATTITUDE -0.096924 1.116455 0.196777
54.547 1 ESTIMATOR 749.403381 -0.395591
54.645 1 ATTITUDE -0.096436 1.123779 0.197998
54.652 1 DESIRED -0.8 0.06 5.2 -54. 40. 755. 0.3
54.654 1 WP_MOVED 2 504493.59375 3566717. 755. 12
54.659 1 NAVIGATION 0 1 13.6 0.5 6187.7 185.9 0 0
54.697 1 GPS 3 50456164 356667744 871 748642 56 13 1736 603212750 12 14
54.730 1 NAVIGATION 0 1 13.6 0.5 6187.7 185.9 0 0
54.745 1 ATTITUDE -0.095947 1.130615 0.19873
54.845 1 ATTITUDE -0.095459 1.136963 0.198486
54.851 1 DESIRED -0.8 0.06 5.2 -54. 40. 755. 0.4
54.854 1 IMU_GYRO -0.014893 0.008301 0.024414
54.857 1 ENERGY 0. 0. 0 0.
54.945 1 ATTITUDE -0.095215 1.14209 0.200195
54.950 1 GPS 3 50456164 356667744 865 748553 28 16 1736 603213000 12 15
54.953 1 SVINFO 15 135 28 6 34 46 217
54.957 1 ALIVE 20,182,19,30,209,130,135,216,36,56,36,172,141,52,115,94
54.980 1 NAVIGATION 0 1 13.6 0.5 6187.7 185.9 0 0
55.045 1 ATTITUDE -0.094482 1.146973 0.199951
55.051 1 DESIRED -0.8 0.06 5.2 -54. 40. 755. 0.4
55.053 1 ESTIMATOR 748.892639 -0.566199
55.055 1 PPRZ_MODE 2 3 3 0 0 6
55.145 1 ATTITUDE -0.09375 1.149902 0.201172
55.148 1 WP_MOVED 3 504514.8125 3566634. 755. 12
55.151 1 IMU_ACCEL -6.648438 0.863281 7.109375
55.162 1 DOWNLINK_STATUS 42 35094 1591 0 869. 39. 19.08
55.197 1 GPS 3 50456164 356667712 850 748274 17 5 1736 603213250 12 16
55.230 1 NAVIGATION 0 1 13.6 0. 6227.4 185.6 0 0
55.245 1 ATTITUDE -0.093018 1.153076 0.201172
55.251 1 DESIRED -0.8 0.06 5.2 -54. 40. 755. 0.4
55.345 1 ATTITUDE -0.092773 1.156738 0.202393
55.348 1 IMU_MAG 0.276367 -0.804199 -0.949219
55.445 1 ATTITUDE -0.092041 1.160156 0.202881
55.451 1 DESIRED -0.8 0.06 5.2 -54. 40. 755. 0.4
55.456 1 GPS 3 50456164 356667712 902 748265 26 6 1736 603213500 12 17
55.459 1 IMU_GYRO -0.010498 0.032959 0.033936
55.461 1 CALIBRATION 53.6 0
55.480 1 NAVIGATION 0 1 13.6 0. 6227.4 185.6 0 0
55.545 1 ATTITUDE -0.092773 1.160156 0.205811
55.547 1 ESTIMATOR 748.416382 -0.669946
55.551 1 BAT 0 0 0 51 1 61 61 0
55.645 1 ATTITUDE -0.092041 1.15918 0.206055
55.652 1 DESIRED -0.8 0.06 5.2 -54. 40. 755. 0.4
55.654 1 WP_MOVED 4 504603.3125 3566652.5 755. 12
55.659 1 NAVIGATION 0 1 13.6 0. 6227.4 185.6 0 0
55.697 1 GPS 3 50456292 356667712 925 748453 18 24 1736 603213750 12 18
55.727 1 FBW_STATUS 2 0 1 0 0
55.732 1 NAVIGATION 0 1 14.9 0. 6403.4 222.2 0 0
55.745 1 ATTITUDE -0.091309 1.158691 0.206299
55.845 1 ATTITUDE -0.090332 1.158691 0.207031
55.851 1 DESIRED -0.8 0.06 5.2 -54. 40. 755. 0.4
55.853 1 DL_VALUE 5 52.
55.945 1 ATTITUDE -0.090576 1.155273 0.208252
55.950 1 GPS 3 50456292 356667712 925 748613 7 23 1736 603214000 12 19
55.954 1 IMU_ACCEL -6.480469 0.882812 7.313477
55.979 1 NAVIGATION 0 1 14.9 0. 6403.4 222.2 0 0
56.045 1 ATTITUDE -0.091309 1.153076 0.209229
56.051 1 DESIRED -0.8 0.06 5.2 -54. 40. 755. 0.4
56.053 1 ESTIMATOR 748.262756 -0.567017
56.056 1 IMU_GYRO -0.025391 0.000977 0.034912
56.146 1 ATTITUDE -0.091553 1.155273 0.208984
56.148 1 WP_MOVED 5 504607.1875 3566709.25 755. 12
56.163 1 DOWNLINK_STATUS 43 35902 1627 0 808. 36. 19.08
56.197 1 GPS 3 50456360 356667712 927 748761 35 23 1736 603214250 12 20
56.229 1 NAVIGATION 0 1 15.6 0. 6499.1 243.2 0 0
56.245 1 ATTITUDE -0.090332 1.156494 0.210449
56.252 1 DESIRED -0.8 0.06 5.2 -54. 40. 755. 0.4
56.345 1 ATTITUDE -0.090332 1.15625 0.210205
56.346 1 STATE_FILTER_STATUS 3 0
56.445 1 ATTITUDE -0.090576 1.156738 0.211182
56.451 1 DESIRED -0.8 0.06 5.2 -54. 40. 755. 0.4
56.456 1 GPS 3 50456360 356667584 937 748880 60 33 1736 603214500 12 21
56.459 1 GPS_SOL 1446 291 331 7
56.461 1 DOWNLINK 9 835 2360
56.479 1 NAVIGATION 0 1 15.6 -1.2 6600.7 244.7 0 0
56.545 1 ATTITUDE -0.090332 1.157959 0.211914
56.547 1 ESTIMATOR 748.351013 -0.361011
56.645 1 ATTITUDE -0.089355 1.159424 0.21167
56.651 1 DESIRED -0.8 0.06 5.2 -54. 40. 755. 0.4
56.654 1 WP_MOVED 0 504590. 3566719. 755. 12
56.657 1 IMU_GYRO -0.019043 0.014893 0.02124
56.662 1 NAVIGATION 0 1 15.6 -1.2 6600.7 244.7 0 0
56.697 1 GPS 3 50456360 356667584 937 749076 60 33 1736 603214500 12 22
56.730 1 NAVIGATION 0 1 15.6 -1.2 6600.7 244.7 0 0
56.745 1 ATTITUDE -0.089111 1.160645 0.212158
56.748 1 IMU_ACCEL -6.576172 0.902344 7.147461
56.845 1 ATTITUDE -0.088867 1.162109 0.212646
56.851 1 DESIRED -0.8 0.06 5.2 -54. 40. 755. 0.4
56.945 1 ATTITUDE -0.088379 1.163086 0.212891
56.950 1 GPS 3 50456360 356667584 946 749361 38 44 1736 603215000 12 23
56.979 1 NAVIGATION 0 1 15.6 -1.2 6600.7 244.7 0 0
57.045 1 ATTITUDE -0.088135 1.164551 0.213379
57.051 1 DESIRED -0.8 0.06 5.2 -54. 40. 755. 0.4
57.053 1 ESTIMATOR 748.655151 -0.092022
57.145 1 ATTITUDE -0.087891 1.165039 0.213623
57.148 1 WP_MOVED 1 504548. 3566677. 754. 12
57.163 1 DOWNLINK_STATUS 44 36655 1660 0 753. 33. 19.08
57.197 1 GPS 3 50456488 356667584 940 749682 45 44 1736 603215250 12 24
57.229 1 NAVIGATION 0 1 16.9 -1.2 6781.7 286.3 0 0
57.245 1 ATTITUDE -0.087646 1.165771 0.213867
57.251 1 DESIRED -0.8 0.06 5.2 -54. 40. 755. 0.4
57.254 1 IMU_GYRO -0.016846 0.007324 0.015869
57.345 1 ATTITUDE -0.087158 1.166748 0.214355
57.346 1 DL_VALUE 6 100.
57.350 1 ENERGY 0. 0. 0 0.
57.445 1 ATTITUDE -0.086914 1.167236 0.2146
57.450 1 DESIRED -0.8 0.06 5.2 -54. 40. 755. 0.4
57.456 1 GPS 3 50456616 356667584 962 750167 38 54 1736 603215500 12 25
57.479 1 NAVIGATION 0 1 18.2 -1.2 6966. 331.2 0 0
57.545 1 ATTITUDE -0.08667 1.167725 0.215088
57.547 1 ESTIMATOR 749.239624 0.258141
57.550 1 IMU_ACCEL -6.585938 0.757812 7.162109
57.552 1 CALIBRATION 47.4 0
57.645 1 ATTITUDE -0.086182 1.167725 0.215332
57.650 1 DESIRED -0.8 0.05 5.2 -54. 40. 755. 0.3
57.654 1 WP_MOVED 2 504493.59375 3566717. 755. 12
57.658 1 NAVIGATION 0 1 18.2 -1.2 6966. 331.2 0 0
57.697 1 GPS 3 50456616 356667584 977 750352 36 66 1736 603215750 12 26
57.727 1 FBW_STATUS 2 0 1 0 0
57.732 1 NAVIGATION 0 1 18.2 -1.2 6966. 331.2 0 0
57.745 1 ATTITUDE -0.085693 1.162354 0.216064
57.748 1 BAT 0 0 0 54 1 64 64 0
57.845 1 ATTITUDE -0.087158 1.150879 0.216309
57.850 1 DESIRED -0.8 0.05 5.2 -54. 40. 755. 0.3
57.854 1 IMU_GYRO -0.076416 0.012695 0.109375
57.945 1 ATTITUDE -0.089111 1.142334 0.216309
57.950 1 GPS 3 50456616 356667584 985 750546 67 69 1736 603216000 12 27
57.953 1 IMU_MAG 0.273926 -0.772461 -0.940918
57.979 1 NAVIGATION 0 1 18.2 -1.2 6966. 331.2 0 0
58.045 1 ATTITUDE -0.089355 1.133789 0.216553
58.050 1 DESIRED -0.8 0.05 5.2 -54. 40. 755. 0.3
58.053 1 ESTIMATOR 749.90094 0.550102
58.145 1 ATTITUDE -0.090576 1.126465 0.216797
58.148 1 WP_MOVED 3 504514.8125 3566634. 755. 12
58.164 1 DOWNLINK_STATUS 45 37483 1697 0 828. 37. 19.08
58.197 1 GPS 3 50456616 356667584 975 750514 100 46 1736 603216250 12 28
58.229 1 NAVIGATION 0 1 18.2 -1.2 6966. 331.2 0 0
58.244 1 ATTITUDE -0.091797 1.122314 0.216309
58.250 1 DESIRED -0.8 0.05 5.2 -54. 40. 755. 0.3
58.345 1 ATTITUDE -0.092041 1.121826 0.21582
58.348 1 IMU_ACCEL -6.547852 0.777344 7.290039
58.350 1 NAVIGATION_REF 504548 3566677 12
58.444 1 ATTITUDE -0.092041 1.122803 0.216309
58.450 1 DESIRED -0.8 0.05 5.2 -54. 40. 755. 0.3
58.456 1 GPS 3 50456616 356667584 970 750731 82 54 1736 603216500 12 29
58.459 1 IMU_GYRO -0.023193 0.010498 0.022217
58.462 1 GPS_SOL 1482 274 331 7
58.479 1 NAVIGATION 0 1 18.2 -1.2 6966. 331.2 0 0
58.545 1 ATTITUDE -0.091797 1.124268 0.216797
58.547 1 ESTIMATOR 750.422852 0.685759
58.549 1 STATE_FILTER_STATUS 3 0
58.645 1 ATTITUDE -0.091797 1.125977 0.216797
58.650 1 DESIRED -0.8 0.05 5.2 -54. 40. 755. 0.3
58.654 1 WP_MOVED 4 504603.3125 3566652.5 755. 12
58.658 1 NAVIGATION 0 1 18.2 -1.2 6966. 331.2 0 0
58.659 1 PONG 
58.697 1 GPS 3 50456680 356667584 939 750876 122 72 1736 603216750 12 30
58.700 1 SVINFO 0 3 13 4 27 24 46
58.729 1 NAVIGATION 0 1 18.8 -1.2 7061.6 355.5 0 0
58.744 1 ATTITUDE -0.091553 1.127686 0.217041
58.827 1 COMMANDS 0,-4678,-903
58.844 1 ATTITUDE -0.09082 1.12915 0.217041
58.850 1 DESIRED -0.8 0.05 5.2 -54. 40. 755. 0.3
58.854 1 BAT 0 0 0 55 1 65 65 0
58.856 1 DL_VALUE 7 2.
58.927 1 ACTUATORS 1000,1428,1353
58.945 1 ATTITUDE -0.091553 1.130371 0.217041
58.950 1 GPS 3 50456680 356667584 943 751011 88 69 1736 603217000 12 1
58.953 1 SVINFO 1 6 13 4 26 8 38
58.979 1 NAVIGATION 0 1 18.8 -1.2 7061.6 355.5 0 0
59.044 1 ATTITUDE -0.091064 1.131104 0.216797
59.050 1 DESIRED -0.8 0.05 5.2 -54. 40. 755. 0.2
59.053 1 ESTIMATOR 750.890564 0.753383
59.056 1 IMU_GYRO -0.014893 0.012695 0.02002
59.144 1 ATTITUDE -0.091797 1.134033 0.216553
59.148 1 WP_MOVED 5 504607.1875 3566709.25 755. 12
59.151 1 IMU_ACCEL -6.427734 0.963867 7.271484
59.164 1 DOWNLINK_STATUS 46 38367 1739 0 884. 42. 15.09
59.197 1 GPS 3 50456680 356667520 944 751179 81 57 1736 603217250 12 2
59.199 1 SVINFO 2 7 13 6 32 62 10
59.229 1 NAVIGATION 0 1 18.8 -1.8 7103.1 357. 0 0
59.244 1 ATTITUDE -0.091553 1.13916 0.217041
59.251 1 DESIRED -0.8 0.05 5.2 -54. 40. 755. 0.2
59.254 1 IMU_MAG 0.273926 -0.749512 -0.952148
59.344 1 ATTITUDE -0.089355 1.146973 0.217529
59.444 1 ATTITUDE -0.087402 1.148682 0.217773
59.450 1 DESIRED -0.8 0.05 5.2 -54. 40. 755. 0.2
59.456 1 GPS 3 50456808 356667520 940 751373 63 58 1736 603217500 12 3
59.479 1 NAVIGATION 0 1 20.1 -1.8 7292.4 406.8 0 0
59.544 1 ATTITUDE -0.087891 1.149414 0.217773
59.547 1 ESTIMATOR 751.316345 0.780252
59.644 1 ATTITUDE -0.087891 1.149658 0.217773
59.650 1 DESIRED -0.8 0.05 5.2 -54. 40. 755. 0.2
59.654 1 WP_MOVED 0 504590. 3566719. 755. 12
59.657 1 IMU_GYRO -0.010498 -0.007324 0.019043
59.661 1 NAVIGATION 0 1 20.1 -1.8 7292.4 406.8 0 0
59.663 1 CALIBRATION 50.5 0
59.697 1 GPS 3 50456808 356667520 940 751497 63 58 1736 603217500 12 4
59.727 1 FBW_STATUS 2 0 1 0 0
59.732 1 NAVIGATION 0 1 20.1 -1.8 7292.4 406.8 0 0
59.744 1 ATTITUDE -0.088135 1.149902 0.217285
59.844 1 ATTITUDE -0.088135 1.150146 0.217773
59.850 1 DESIRED -0.8 0.05 5.2 -54. 40. 755. 0.2
59.854 1 ENERGY 0. 0. 0 0.
59.944 1 ATTITUDE -0.088135 1.150879 0.217285
59.950 1 GPS 3 50456808 356667520 792 751593 110 46 1736 603218000 12 5
59.953 1 SVINFO 5 11 13 6 31 17 122
59.956 1 IMU_ACCEL -6.547852 0.873047 7.180664
59.959 1 BAT 0 0 0 56 1 66 66 0
59.963 1 ALIVE 20,182,19,30,209,130,135,216,36,56,36,172,141,52,115,94
59.971 1 WIND_INFO 1 42 0. 0. 0.
59.979 1 NAVIGATION 0 1 20.1 -1.8 7292.4 406.8 0 0
60.044 1 ATTITUDE -0.088135 1.151123 0.217773
60.050 1 DESIRED -0.8 0.05 5.2 -54. 40. 755. 0.2
60.053 1 ESTIMATOR 751.674133 0.761419
60.055 1 PPRZ_MODE 2 3 3 0 0 6
60.144 1 ATTITUDE -0.087891 1.151367 0.218994
60.148 1 WP_MOVED 1 504548. 3566677. 754. 12
60.165 1 DOWNLINK_STATUS 47 39229 1778 0 862. 39. 15.09
60.197 1 GPS 3 50456808 356667520 887 751676 131 48 1736 603218250 12 6
60.229 1 NAVIGATION 0 1 20.1 -1.8 7292.4 406.8 0 0
60.244 1 ATTITUDE -0.087402 1.150635 0.219727
60.250 1 DESIRED -0.8 0.05 5.2 -54. 40. 755. 0.2
60.253 1 IMU_GYRO -0.001953 -0.023193 0.028564
60.344 1 ATTITUDE -0.088379 1.151123 0.219238
60.346 1 DL_VALUE 8 1.
60.444 1 ATTITUDE -0.088379 1.150635 0.217773
60.450 1 DESIRED -0.8 0.05 5.2 -54. 40. 755. 0.2
60.456 1 GPS 3 50456808 356667520 972 751937 112 64 1736 603218500 12 7
60.458 1 SVINFO 7 13 13 6 34 52 155
60.461 1 GPS_SOL 1501 283 331 7
60.479 1 NAVIGATION 0 1 20.1 -1.8 7292.4 406.8 0 0
60.544 1 ATTITUDE -0.087891 1.151367 0.21582
60.547 1 ESTIMATOR 751.983215 0.723222
60.550 1 IMU_MAG 0.266602 -0.749512 -0.946289
60.644 1 ATTITUDE -0.086914 1.151855 0.215576
60.650 1 DESIRED -0.8 0.05 5.2 -54. 40. 755. 0.2
60.654 1 WP_MOVED 2 504493.59375 3566717. 755. 12
60.658 1 NAVIGATION 0 1 20.1 -1.8 7292.4 406.8 0 0
60.697 1 GPS 3 50456808 356667520 1147 752219 118 77 1736 603218750 12 8
60.729 1 NAVIGATION 0 1 20.1 -1.8 7292.4 406.8 0 0
60.744 1 ATTITUDE -0.086914 1.1521 0.216309
60.748 1 IMU_ACCEL -6.730469 0.642578 7.384766
60.749 1 STATE_FILTER_STATUS 3 0
60.844 1 ATTITUDE -0.087158 1.152832 0.216797
60.850 1 DESIRED -0.8 0.05 5.2 -54. 40. 755. 0.2
60.853 1 IMU_GYRO 0.001953 0.007324 -0.001953
60.944 1 ATTITUDE -0.08667 1.15332 0.217773
60.950 1 GPS 3 50456808 356667520 1152 752508 78 78 1736 603219000 12 9
60.979 1 NAVIGATION 0 1 20.1 -1.8 7292.4 406.8 0 0
61.044 1 ATTITUDE -0.086914 1.153076 0.217773
61.050 1 DESIRED -0.8 0.05 5.2 -54. 40. 755. 0.2
61.053 1 ESTIMATOR 752.398865 0.753988
61.056 1 BAT 0 0 0 57 1 67 67 0
61.144 1 ATTITUDE -0.087158 1.151855 0.219727
61.148 1 WP_MOVED 3 504514.8125 3566634. 755. 12
61.166 1 DOWNLINK_STATUS 48 40052 1815 0 823. 37. 15.09
61.197 1 GPS 3 50456808 356667424 1169 753117 49 124 1736 603219250 12 10
61.199 1 SVINFO 10 19 13 6 28 39 66
61.229 1 NAVIGATION 0 1 20.1 -2.8 7376.9 411.3 0 0
61.244 1 ATTITUDE -0.088135 1.151123 0.218506
61.250 1 DESIRED -0.8 0.05 5.2 -54. 40. 755. 0.1
61.344 1 ATTITUDE -0.087891 1.150635 0.218506
61.444 1 ATTITUDE -0.087891 1.150146 0.218506
61.450 1 DESIRED -0.8 0.05 5.2 -54. 40. 755. 0.1
61.457 1 GPS 3 50456936 356667424 1162 753544 50 119 1736 603219500 12 11
61.458 1 SVINFO 11 23 13 7 42 25 153
61.462 1 IMU_GYRO -0.014893 0.013672 0.024414
61.479 1 NAVIGATION 0 1 21.4 -2.8 7569.4 464.5 0 0
61.544 1 ATTITUDE -0.087646 1.150146 0.219482
61.547 1 ESTIMATOR 753.089355 0.927935
61.550 1 IMU_ACCEL -6.547852 0.983398 7.066406
61.552 1 DOWNLINK 11 832 2553
61.644 1 ATTITUDE -0.087891 1.151123 0.218018
61.650 1 DESIRED -0.8 0.04 5.2 -54. 40. 755. 0.1
61.655 1 WP_MOVED 4 504603.3125 3566652.5 755. 12
61.658 1 NAVIGATION 0 1 21.4 -2.8 7569.4 464.5 0 0
61.697 1 GPS 3 50456936 356667424 1161 753874 94 110 1736 603219750 12 12
61.727 1 FBW_STATUS 2 0 1 0 0
61.731 1 NAVIGATION 0 1 21.4 -2.8 7569.4 464.5 0 0
61.744 1 ATTITUDE -0.087646 1.151123 0.217773
61.746 1 CALIBRATION 56.3 0
61.844 1 ATTITUDE -0.087402 1.151611 0.217773
61.850 1 DESIRED -0.8 0.04 5.2 -54. 40. 755. 0.1
61.853 1 IMU_MAG 0.271484 -0.746582 -0.946289
61.855 1 DL_VALUE 9 1.
61.944 1 ATTITUDE -0.087402 1.1521 0.217773
61.950 1 GPS 3 50457004 356667424 1154 754034 71 84 1736 603220000 12 13
61.979 1 NAVIGATION 0 1 22. -2.8 7669.3 492.9 0 0
62.044 1 ATTITUDE -0.087158 1.152344 0.218506
62.050 1 DESIRED -0.8 0.04 5.2 -54. 40. 755. 0.1
62.053 1 ESTIMATOR 753.798035 1.060542
62.056 1 IMU_GYRO -0.010498 -0.015869 0.037109
62.144 1 ATTITUDE -0.087646 1.151367 0.21875
62.148 1 WP_MOVED 5 504607.1875 3566709.25 755. 12
62.151 1 BAT 0 0 0 58 1 68 68 0
62.167 1 DOWNLINK_STATUS 49 40899 1854 0 847. 39. 15.09
62.197 1 GPS 3 50456936 356667424 1147 754226 57 100 1736 603220250 12 14
62.229 1 NAVIGATION 0 1 21.4 -2.8 7569.4 464.5 0 0
62.244 1 ATTITUDE -0.087402 1.153564 0.218994
62.250 1 DESIRED -0.8 0.04 5.2 -54. 40. 755. 0.1
62.344 1 ATTITUDE -0.087402 1.154053 0.220215
62.347 1 IMU_ACCEL -6.490234 0.863281 7.157227
62.351 1 ENERGY 0. 0. 0 0.
62.444 1 ATTITUDE -0.087402 1.153809 0.219971
62.450 1 DESIRED -0.8 0.04 5.2 -54. 40. 755. 0.1
62.456 1 GPS 3 50456936 356667424 1141 754301 59 85 1736 603220500 12 15
62.458 1 SVINFO 15 135 28 3 36 46 217
62.461 1 GPS_SOL 1519 289 331 7
62.479 1 NAVIGATION 0 1 21.4 -2.8 7569.4 464.5 0 0
62.544 1 ATTITUDE -0.08667 1.153809 0.220947
62.547 1 ESTIMATOR 754.357056 1.073869
62.644 1 ATTITUDE -0.08667 1.154053 0.220459
62.650 1 DESIRED -0.8 0.04 5.2 -54. 40. 755. 0.
62.654 1 WP_MOVED 0 504590. 3566719. 755. 12
62.657 1 IMU_GYRO -0.027588 0.013672 0.012695
62.661 1 NAVIGATION 0 1 21.4 -2.8 7569.4 464.5 0 0
62.697 1 GPS 3 50456936 356667360 1133 754522 60 93 1736 603220750 12 16
62.729 1 NAVIGATION 0 1 21.4 -3.5 7634.1 469.1 0 0
62.744 1 ATTITUDE -0.08667 1.15332 0.219971
62.844 1 ATTITUDE -0.086426 1.153809 0.220215
62.851 1 DESIRED -0.8 0.04 5.2 -54. 40. 755. 0.
62.944 1 ATTITUDE -0.086182 1.153809 0.220459
62.950 1 GPS 3 50456936 356667360 1119 754558 91 89 1736 603221000 12 17
62.952 1 STATE_FILTER_STATUS 3 0
62.979 1 NAVIGATION 0 1 21.4 -3.5 7634.1 469.1 0 0
63.044 1 ATTITUDE -0.086182 1.153809 0.220215
63.050 1 DESIRED -0.8 0.04 5.2 -54. 40. 755. 0.
63.053 1 ESTIMATOR 754.784973 1.011537
63.144 1 ATTITUDE -0.085938 1.154053 0.219971
63.148 1 WP_MOVED 1 504548. 3566677. 754. 12
63.152 1 IMU_ACCEL -6.542969 0.782227 7.180664
63.154 1 IMU_MAG 0.266602 -0.755371 -0.952148
63.168 1 DOWNLINK_STATUS 50 41711 1890 0 812. 36. 15.09
63.197 1 GPS 3 50456936 356667360 1114 754784 90 76 1736 603221250 12 18
63.229 1 NAVIGATION 0 1 21.4 -3.5 7634.1 469.1 0 0
63.244 1 ATTITUDE -0.085938 1.154053 0.219482
63.250 1 DESIRED -0.8 0.04 5.2 -54. 40. 755. 0.
63.253 1 IMU_GYRO -0.012695 0.009521 0.009521
63.257 1 BAT 0 0 0 59 1 69 69 0
63.327 1 SETTING 1 8 1.
63.333 1 DL_VALUE 8 1.
63.344 1 ATTITUDE -0.085449 1.154541 0.219971
63.346 1 DL_VALUE 10 0.
63.444 1 ATTITUDE -0.085449 1.154053 0.219971
63.450 1 DESIRED -0.8 0.04 5.2 -54. 40. 755. 0.
63.456 1 GPS 3 50457004 356667360 1103 755106 83 76 1736 603221500 12 19
63.479 1 NAVIGATION 0 1 22. -3.5 7734. 497.6 0 0
63.544 1 ATTITUDE -0.085205 1.154541 0.219971
63.547 1 ESTIMATOR 755.187622 0.956125
63.644 1 ATTITUDE -0.085205 1.154541 0.219971
63.650 1 DESIRED -0.8 0.04 5.2 -54. 40. 755. -0.
63.654 1 WP_MOVED 2 504493.59375 3566717. 755. 12
63.658 1 NAVIGATION 0 1 22. -3.5 7734. 497.6 0 0
63.659 1 PONG 
63.697 1 GPS 3 50457004 356667360 1098 755499 82 81 1736 603221750 12 20
63.727 1 FBW_STATUS 2 0 1 0 0
63.731 1 NAVIGATION 0 1 22. -3.5 7734. 497.6 0 0
63.744 1 ATTITUDE -0.085205 1.154541 0.219727
63.827 1 COMMANDS 0,-4719,-1012
63.844 1 ATTITUDE -0.085205 1.154785 0.219971
63.850 1 DESIRED -0.8 0.04 5.2 -54. 40. 755. -0.
63.853 1 IMU_GYRO -0.023193 0.007324 0.019043
63.855 1 CALIBRATION 64.4 0
63.927 1 ACTUATORS 1000,1432,1348
63.945 1 ATTITUDE -0.084961 1.155273 0.219971
63.950 1 GPS 3 50457004 356667360 1096 755883 90 77 1736 603222000 12 21
63.953 1 IMU_ACCEL -6.59082 0.738281 7.237305
63.979 1 NAVIGATION 0 1 22. -3.5 7734. 497.6 0 0
64.045 1 ATTITUDE -0.084717 1.155273 0.219727
64.050 1 DESIRED -0.8 0.03 5.2 -54. 40. 755. -0.
64.052 1 ESTIMATOR 755.737366 0.997019
64.144 1 ATTITUDE -0.084961 1.155273 0.219238
64.148 1 WP_MOVED 3 504514.8125 3566634. 755. 12
64.169 1 DOWNLINK_STATUS 51 42544 1929 0 833. 39. 14.78
64.197 1 GPS 3 50457004 356667360 1094 756231 92 101 1736 603222250 12 22
64.230 1 NAVIGATION 0 1 22. -3.5 7734. 497.6 0 0
64.244 1 ATTITUDE -0.084961 1.155029 0.219482
64.251 1 DESIRED -0.8 0.03 5.2 -54. 40. 755. -0.1
64.344 1 ATTITUDE -0.084717 1.155029 0.219238
64.350 1 BAT 0 0 0 60 1 70 70 0
64.444 1 ATTITUDE -0.084473 1.154785 0.218994
64.450 1 DESIRED -0.8 0.03 5.2 -54. 40. 755. -0.1
64.456 1 GPS 3 50457004 356667360 913 756223 107 81 1736 603222500 12 23
64.459 1 IMU_GYRO -0.016846 0.013672 0.014893
64.462 1 IMU_MAG 0.273926 -0.743652 -0.946289
64.479 1 NAVIGATION 0 1 22. -3.5 7734. 497.6 0 0
64.545 1 ATTITUDE -0.084473 1.155273 0.219238
64.547 1 ESTIMATOR 756.286133 1.021312
64.644 1 ATTITUDE -0.084229 1.155273 0.219482
64.650 1 DESIRED -0.8 0.03 5.2 -54. 40. 755. -0.1
64.654 1 WP_MOVED 4 504603.3125 3566652.5 755. 12
64.658 1 NAVIGATION 0 1 22. -3.5 7734. 497.6 0 0
64.697 1 GPS 3 50457004 356667360 921 756330 94 87 1736 603222750 12 24
64.729 1 NAVIGATION 0 1 22. -3.5 7734. 497.6 0 0
64.744 1 ATTITUDE -0.084473 1.155273 0.219727
64.748 1 IMU_ACCEL -6.566406 0.743164 7.180664
64.844 1 ATTITUDE -0.084229 1.155029 0.219238
64.850 1 DESIRED -0.8 0.03 5.2 -54. 40. 755. -0.1
64.852 1 DL_VALUE 11 1.
64.855 1 ENERGY 0. 0. 0 0.
64.944 1 ATTITUDE -0.084229 1.155273 0.219482
64.950 1 GPS 3 50457004 356667296 933 756695 88 118 1736 603223000 12 25
64.954 1 ALIVE 20,182,19,30,209,130,135,216,36,56,36,172,141,52,115,94
64.979 1 NAVIGATION 0 1 22. -4. 7777.7 501.4 0 0
65.044 1 ATTITUDE -0.084717 1.155518 0.219727
65.050 1 DESIRED -0.8 0.03 5.2 -54. 40. 755. -0.1
65.052 1 ESTIMATOR 756.724243 0.983096
65.056 1 IMU_GYRO -0.019043 0.026367 0.007324
65.058 1 PPRZ_MODE 2 3 3 0 0 6
65.144 1 ATTITUDE -0.084961 1.154785 0.218994
65.148 1 WP_MOVED 5 504607.1875 3566709.25 755. 12
65.149 1 STATE_FILTER_STATUS 3 0
65.170 1 DOWNLINK_STATUS 52 43391 1967 0 847. 38. 14.78
65.197 1 GPS 3 50457004 356667296 947 756984 50 88 1736 603223250 12 26
65.229 1 NAVIGATION 0 1 22. -4. 7777.7 501.4 0 0
65.247 1 ATTITUDE -0.084961 1.154541 0.218994
65.250 1 DESIRED -0.8 0.03 5.2 -54. 40. 755. -0.1
65.344 1 ATTITUDE -0.085205 1.154297 0.218994
65.444 1 ATTITUDE -0.084961 1.154053 0.219238
65.450 1 DESIRED -0.8 0.03 5.2 -54. 40. 755. -0.1
65.456 1 GPS 3 50457004 356667296 979 757526 67 118 1736 603223500 12 27
65.459 1 BAT 0 0 0 61 1 71 71 0
65.479 1 NAVIGATION 0 1 22. -4. 7777.7 501.4 0 0
65.544 1 ATTITUDE -0.085205 1.154053 0.218506
65.546 1 ESTIMATOR 757.298584 1.031868
65.550 1 IMU_ACCEL -6.46582 0.87793 7.095703
65.644 1 ATTITUDE -0.085693 1.154297 0.218262
65.650 1 DESIRED -0.8 0.03 5.2 -54. 40. 755. -0.1
65.653 1 WP_MOVED 0 504590. 3566719. 755. 12
65.657 1 IMU_GYRO -0.014893 0.013672 0.013672
65.661 1 NAVIGATION 0 1 22. -4. 7777.7 501.4 0 0
65.697 1 GPS 3 50457004 356667296 987 757819 69 105 1736 603223750 12 28
65.727 1 FBW_STATUS 2 0 1 0 0
65.731 1 NAVIGATION 0 1 22. -4. 7777.7 501.4 0 0
65.744 1 ATTITUDE -0.085693 1.154297 0.218262
65.747 1 IMU_MAG 0.271484 -0.749512 -0.952148
65.844 1 ATTITUDE -0.085938 1.154541 0.217773
65.850 1 DESIRED -0.8 0.03 5.2 -54. 40. 755. -0.2
65.944 1 ATTITUDE -0.085449 1.155029 0.218262
65.950 1 GPS 3 50457004 356667264 997 758180 91 108 1736 603224000 12 29
65.952 1 CALIBRATION 73.3 0
65.979 1 NAVIGATION 0 1 22. -4.2 7799.8 503.4 0 0
66.044 1 ATTITUDE -0.085938 1.155029 0.218018
66.050 1 DESIRED -0.8 0.03 5.2 -54. 40. 755. -0.2
66.052 1 ESTIMATOR 757.966003 1.11574
66.144 1 ATTITUDE -0.085938 1.155273 0.217773
66.148 1 WP_MOVED 1 504548. 3566677. 754. 12
66.170 1 DOWNLINK_STATUS 53 44170 2001 0 779. 34. 14.78
66.197 1 GPS 3 50457132 356667264 987 758497 112 85 1736 603224250 12 30
66.229 1 NAVIGATION 0 1 23.3 -4.2 7997.3 561.5 0 0
66.244 1 ATTITUDE -0.086182 1.155518 0.217041
66.251 1 DESIRED -0.8 0.03 5.2 -54. 40. 755. -0.2
66.253 1 IMU_GYRO -0.014893 0.006348 0.013672
66.345 1 ATTITUDE -0.085938 1.155273 0.218018
66.347 1 IMU_ACCEL -6.508789 0.805664 7.233398
66.349 1 DL_VALUE 0 0.
66.444 1 ATTITUDE -0.085938 1.155518 0.218018
66.451 1 DESIRED -0.8 0.03 5.2 -54. 40. 755. -0.2
66.456 1 GPS 3 50457132 356667264 964 758790 103 83 1736 603224500 12 31
66.461 1 GPS_SOL 1422 257 330 7
66.479 1 NAVIGATION 0 1 23.3 -4.2 7997.3 561.5 0 0
66.544 1 ATTITUDE -0.085938 1.155518 0.217773
66.546 1 ESTIMATOR 758.647461 1.183373
66.550 1 BAT 0 0 0 62 1 72 72 0
66.644 1 ATTITUDE -0.086182 1.155518 0.217773
66.650 1 DESIRED -0.8 0.03 5.2 -54. 40. 755. -0.2
66.653 1 WP_MOVED 2 504493.59375 3566717. 755. 12
66.659 1 NAVIGATION 0 1 23.3 -4.2 7997.3 561.5 0 0
66.660 1 DOWNLINK 12 830 2744
66.697 1 GPS 3 50457260 356667264 845 758903 103 83 1736 603224750 12 32
66.699 1 SVINFO 0 3 13 4 22 24 46
66.729 1 NAVIGATION 0 1 24.6 -4.2 8198.1 622.9 0 0
66.744 1 ATTITUDE -0.086182 1.155518 0.217773
66.844 1 ATTITUDE -0.085938 1.155518 0.217773
66.850 1 DESIRED -0.8 0.03 5.2 -54. 40. 755. -0.2
66.853 1 IMU_GYRO -0.023193 0.023193 0.009521
66.944 1 ATTITUDE -0.085693 1.155273 0.21875
66.950 1 GPS 3 50457260 356667264 1055 759078 113 97 1736 603225000 12 1
66.952 1 SVINFO 1 6 13 4 22 8 38
66.979 1 NAVIGATION 0 1 24.6 -4.2 8198.1 622.9 0 0
67.044 1 ATTITUDE -0.085693 1.154785 0.218506
67.050 1 DESIRED -0.8 0.02 5.2 -54. 40. 755. -0.3
67.052 1 ESTIMATOR 759.188904 1.154495
67.055 1 IMU_MAG 0.26416 -0.749512 -0.955078
67.144 1 ATTITUDE -0.085449 1.155029 0.218262
67.147 1 WP_MOVED 3 504514.8125 3566634. 755. 12
67.151 1 IMU_ACCEL -6.490234 0.782227 7.071289
67.171 1 DOWNLINK_STATUS 54 45027 2040 0 857. 39. 14.78
67.197 1 GPS 3 50457260 356667264 1051 759278 108 92 1736 603225250 12 2
67.199 1 SVINFO 2 7 13 7 33 62 10
67.230 1 NAVIGATION 0 1 24.6 -4.2 8198.1 622.9 0 0
67.245 1 ATTITUDE -0.085693 1.155273 0.21875
67.251 1 DESIRED -0.8 0.02 5.2 -54. 40. 755. -0.3
67.344 1 ATTITUDE -0.085693 1.155273 0.218506
67.346 1 STATE_FILTER_STATUS 3 0
67.349 1 ENERGY 0. 0. 0 0.
67.352 1 NAVIGATION_REF 504548 3566677 12
67.444 1 ATTITUDE -0.086182 1.155273 0.218262
67.450 1 DESIRED -0.8 0.02 5.2 -54. 40. 755. -0.3
67.456 1 GPS 3 50457260 356667200 1068 759487 85 85 1736 603225500 12 3
67.459 1 IMU_GYRO -0.019043 0.016846 0.011475
67.480 1 NAVIGATION 0 1 24.6 -5. 8265. 629.9 0 0
67.545 1 ATTITUDE -0.085693 1.155518 0.21875
67.546 1 ESTIMATOR 759.650696 1.090526
67.644 1 ATTITUDE -0.085693 1.155518 0.21875
67.650 1 DESIRED -0.8 0.02 5.2 -54. 40. 755. -0.3
67.653 1 WP_MOVED 4 504603.3125 3566652.5 755. 12
67.658 1 NAVIGATION 0 1 24.6 -5. 8265. 629.9 0 0
67.661 1 BAT 0 0 0 63 1 73 73 0
67.697 1 GPS 3 50457260 356667200 1070 759575 100 92 1736 603225750 12 4
67.730 1 NAVIGATION 0 1 24.6 -5. 8265. 629.9 0 0
67.731 1 FBW_STATUS 2 0 1 0 0
67.744 1 ATTITUDE -0.085693 1.155518 0.219238
67.844 1 ATTITUDE -0.085693 1.155273 0.21875
67.850 1 DESIRED -0.8 0.02 5.2 -54. 40. 755. -0.3
67.852 1 DL_VALUE 1 0.
67.945 1 ATTITUDE -0.085938 1.155762 0.21875
67.950 1 GPS 3 50457260 356667200 1073 759682 80 100 1736 603226000 12 5
67.952 1 SVINFO 5 11 13 4 26 17 122
67.955 1 IMU_ACCEL -6.595703 0.791016 7.038086
