11.637 1 ATTITUDE -0.151123 1.006592 -1.196045
11.637 1 DESIRED -0.74 0.1 5. 16. -45. 805. 2.
11.645 1 IMU_GYRO -0.012695 -0.014893 -0.015869
11.645 1 BAT 0 0 0 0 0 36 36 0
11.650 1 CALIBRATION -150. 0
11.734 1 ATTITUDE -0.150879 1.005615 -1.196045
11.734 1 IMU_ACCEL 5.870117 0.556641 7.417969
11.739 1 DL_VALUE 0 0.
11.831 1 ATTITUDE -0.151123 1.005859 -1.196045
11.837 1 DESIRED -0.74 0.1 5. 16. -45. 805. 2.
11.843 1 GPS 0 1130805120 0 0 -17000 0 0 0 36250 12 1
11.846 1 GPS_SOL 795622080 100087 9999 0
11.866 1 NAVIGATION 0 2 10801716. -3566302. 1.29394907546e+14 1.29395570246e+14 0 0
11.931 1 ATTITUDE -0.151611 1.006592 -1.196289
11.934 1 ESTIMATOR -16.999998 -3e-06
12.031 1 ATTITUDE -0.151855 1.005859 -1.196045
12.037 1 DESIRED -0.74 0.1 5. 16. -45. 805. 2.
12.040 1 WP_MOVED 4 506374.40625 3566337.75 805. 12
12.045 1 NAVIGATION 0 2 10801716. -3566302. 1.29394907546e+14 1.29395570246e+14 0 0
12.048 1 IMU_MAG -1.055176 -0.94043 0.491699
12.084 1 GPS 0 1130805120 0 0 -17000 0 0 0 36500 12 2
12.116 1 NAVIGATION 0 2 10801716. -3566302. 1.29394907546e+14 1.29395570246e+14 0 0
12.131 1 ATTITUDE -0.152588 1.00708 -1.196045
12.231 1 ATTITUDE -0.152344 1.00708 -1.196045
12.237 1 DESIRED -0.74 0.1 5. 16. -45. 805. 2.
12.240 1 IMU_GYRO -0.010498 -0.019043 -0.015869
12.316 1 DOWNLINK_STATUS 3 2502 112 0 855. 39. 0.
12.331 1 ATTITUDE -0.152588 1.007568 -1.196045
12.337 1 GPS 0 1130805120 0 0 -17000 0 0 0 36750 12 3
12.340 1 DOWNLINK 3 814 1368
12.366 1 NAVIGATION 0 2 10801716. -3566302. 1.29394907546e+14 1.29395570246e+14 0 0
12.431 1 ATTITUDE -0.153076 1.008057 -1.196533
12.437 1 DESIRED -0.74 0.1 5. 16. -45. 805. 2.
12.439 1 ESTIMATOR -16.999998 -4e-06
12.531 1 ATTITUDE -0.153076 1.007568 -1.196533
12.535 1 WP_MOVED 5 506402.3125 3566363.25 820. 12
12.538 1 IMU_ACCEL 5.922852 0.512695 7.446289
12.585 1 GPS 0 1130805120 0 0 -17000 0 0 0 37250 12 4
12.616 1 NAVIGATION 0 2 10801716. -3566302. 1.29394907546e+14 1.29395570246e+14 0 0
12.631 1 ATTITUDE -0.153076 1.008057 -1.196533
12.637 1 DESIRED -0.74 0.1 5. 16. -45. 805. 2.
12.731 1 ATTITUDE -0.15332 1.007812 -1.196289
12.735 1 BAT 0 0 0 0 0 37 37 0
12.737 1 NAVIGATION_REF 506335 3566302 12
12.832 1 ATTITUDE -0.15332 1.008545 -1.196289
12.838 1 DESIRED -0.74 0.1 5. 16. -45. 805. 2.
12.845 1 GPS 0 1130805120 0 0 -17000 0 0 0 37250 12 5
12.846 1 IMU_GYRO -0.019043 -0.015869 -0.016846
12.867 1 NAVIGATION 0 2 10801716. -3566302. 1.29394907546e+14 1.29395570246e+14 0 0
12.935 1 ATTITUDE -0.152832 1.008789 -1.196045
12.935 1 ESTIMATOR -17. -4e-06
13.031 1 ATTITUDE -0.151367 1.007568 -1.192383
13.038 1 DESIRED -0.74 0.1 5. 16. -45. 805. 2.
13.041 1 WP_MOVED 6 506374.40625 3566337.75 820. 12
13.046 1 NAVIGATION 0 2 10801716. -3566302. 1.29394907546e+14 1.29395570246e+14 0 0
13.084 1 GPS 0 1130805120 0 0 -17000 0 0 0 37500 12 6
13.114 1 FBW_STATUS 2 0 1 0 0
13.121 1 NAVIGATION 0 2 10801716. -3566302. 1.29394907546e+14 1.29395570246e+14 0 0
13.134 1 ATTITUDE -0.149414 1.006348 -1.182373
13.231 1 ATTITUDE -0.142822 1.000244 -1.161377
13.239 1 DESIRED -0.74 0.1 5. 16. -45. 805. 2.
13.239 1 DL_VALUE 1 0.
13.317 1 DOWNLINK_STATUS 4 3289 147 0 787. 35. 0.
13.331 1 ATTITUDE -0.147705 1.007568 -1.143555
13.337 1 GPS 0 1130805120 0 0 -17000 0 0 0 38000 12 7
13.340 1 IMU_ACCEL 5.582031 0.614258 7.712891
13.343 1 IMU_MAG -1.008789 -0.93457 0.474609
13.366 1 NAVIGATION 0 2 10801716. -3566302. 1.29394907546e+14 1.29395570246e+14 0 0
13.431 1 ATTITUDE -0.159912 1.022461 -1.165527
13.437 1 DESIRED -0.74 0.1 5. 16. -45. 805. 2.
13.439 1 ESTIMATOR -17.000002 -3e-06
13.442 1 IMU_GYRO 0.052979 -0.824707 0.036133
13.531 1 ATTITUDE -0.229736 1.086426 -1.242188
13.534 1 WP_MOVED 7 506350.5 3566270.75 805. 12
13.536 1 STATE_FILTER_STATUS 3 0
13.584 1 GPS 0 1130805120 0 0 -17000 0 0 0 38250 12 8
13.616 1 NAVIGATION 0 2 10801716. -3566302. 1.29394907546e+14 1.29395570246e+14 0 0
13.631 1 ATTITUDE -0.309326 1.163818 -1.346191
13.637 1 DESIRED -0.74 0.1 5. 16. -45. 805. 2.
13.731 1 ATTITUDE -0.457031 1.269043 -1.40625
13.733 1 CALIBRATION -150. 0
13.736 1 ENERGY 0. 0. 0 0.
13.831 1 ATTITUDE -0.999512 1.782227 -1.479492
13.837 1 DESIRED -0.74 0.1 5. 16. -45. 805. 2.
13.843 1 GPS 0 1130805120 0 0 -17000 0 0 0 38250 12 9
13.846 1 BAT 0 0 0 0 0 38 38 0
13.849 1 GPS_SOL 795623232 100093 9999 0
13.867 1 NAVIGATION 0 2 10801716. -3566302. 1.29394907546e+14 1.29395570246e+14 0 0
13.931 1 ATTITUDE -1.648682 2.431396 -1.485107
13.933 1 ESTIMATOR -17.000002 -3e-06
14.031 1 ATTITUDE -1.797363 2.587646 -1.480225
14.038 1 DESIRED -0.74 0.1 5. 16. -45. 805. 2.
14.040 1 WP_MOVED 8 506254.8125 3566257.5 815. 12
14.043 1 IMU_GYRO -0.061523 0.926758 0.210693
14.048 1 NAVIGATION 0 2 10801716. -3566302. 1.29394907546e+14 1.29395570246e+14 0 0
14.084 1 GPS 0 1130805120 0 0 -17000 0 0 0 38500 12 10
14.116 1 NAVIGATION 0 2 10801716. -3566302. 1.29394907546e+14 1.29395570246e+14 0 0
14.132 1 ATTITUDE -0.052002 0.822021 -1.424316
14.135 1 IMU_ACCEL 5.922852 -0.431641 7.413086
14.231 1 ATTITUDE -0.047607 0.829346 -1.402832
14.237 1 DESIRED -0.74 0.1 5. 16. -45. 805. 2.
14.318 1 DOWNLINK_STATUS 5 4136 185 0 847. 38. 0.
14.331 1 ATTITUDE -0.053467 0.846924 -1.401123
14.337 1 GPS 0 1130805120 0 0 -17000 0 0 0 38750 12 11
14.367 1 NAVIGATION 0 2 10801716. -3566302. 1.29394907546e+14 1.29395570246e+14 0 0
14.431 1 ATTITUDE -0.053711 0.857666 -1.399902
14.437 1 DESIRED -0.74 0.1 5. 16. -45. 805. 2.
14.439 1 ESTIMATOR -17.000002 -2e-06
14.531 1 ATTITUDE -0.056152 0.866211 -1.395508
14.534 1 WP_MOVED 9 506213.8125 3566287.5 815. 12
14.584 1 GPS 0 1130805120 0 0 -17000 0 0 0 39250 12 12
14.617 1 NAVIGATION 0 2 10801716. -3566302. 1.29394907546e+14 1.29395570246e+14 0 0
14.632 1 ATTITUDE -0.056396 0.872803 -1.399658
14.639 1 DESIRED -0.74 0.1 5. 16. -45. 805. 2.
14.640 1 IMU_GYRO 0.006348 0.016846 0.010498
14.643 1 IMU_MAG -1.211914 -0.955078 0.563965
14.731 1 ATTITUDE -0.071777 0.890625 -1.407471
14.733 1 DL_VALUE 2 805.
14.818 1 PONG 
14.831 1 ATTITUDE -0.188477 1.00708 -1.485107
14.838 1 DESIRED -0.74 0.1 5. 16. -45. 805. 2.
14.843 1 GPS 0 1130805120 0 0 -17000 0 0 0 39250 12 13
14.867 1 NAVIGATION 0 2 10801716. -3566302. 1.29394907546e+14 1.29395570246e+14 0 0
14.931 1 ATTITUDE -0.543701 1.359375 -1.537598
14.933 1 ESTIMATOR -17.000002 -2e-06
14.936 1 IMU_ACCEL 8.483398 0.474609 4.22168
14.940 1 BAT 0 0 0 0 0 39 39 0
15.031 1 ATTITUDE -2.032227 2.82251 -1.539307
15.038 1 DESIRED -0.74 0.1 5. 16. -45. 805. 2.
15.040 1 WP_MOVED 0 506377. 3566344. 900. 12
15.045 1 NAVIGATION 0 2 10801716. -3566302. 1.29394907546e+14 1.29395570246e+14 0 0
15.083 1 GPS 0 1130805120 0 0 -17000 0 0 0 39500 12 14
15.113 1 FBW_STATUS 2 0 1 0 0
15.118 1 NAVIGATION 0 2 10801716. -3566302. 1.29394907546e+14 1.29395570246e+14 0 0
15.135 1 ATTITUDE -2.878174 -2.539551 -1.175049
15.214 1 COMMANDS 0,-9600,-5937,0
15.231 1 ATTITUDE -2.867676 -2.509277 -0.96167
15.237 1 DESIRED -0.74 0.1 5. 16. -45. 805. 2.
15.240 1 IMU_GYRO -0.170166 -0.783203 -0.116943
15.314 1 ACTUATORS 1000,1503,1047,1500
15.319 1 DOWNLINK_STATUS 6 4969 223 0 833. 38. 2.68
15.332 1 ATTITUDE -2.843994 -2.513672 -0.907471
15.337 1 GPS 0 1130805120 0 0 -17000 0 0 0 40000 12 15
15.367 1 NAVIGATION 0 2 10801716. -3566302. 1.29394907546e+14 1.29395570246e+14 0 0
15.431 1 ATTITUDE -2.853516 -2.500977 -0.89917
15.437 1 DESIRED -0.74 0.1 5. 16. -45. 805. 2.
15.439 1 ESTIMATOR -17.000002 -1e-06
15.531 1 ATTITUDE -2.775635 -2.528809 -0.718994
15.534 1 WP_MOVED 1 506335. 3566302. 765. 12
15.583 1 GPS 0 1130805120 0 0 -17000 0 0 0 40250 12 16
15.616 1 NAVIGATION 0 2 10801716. -3566302. 1.29394907546e+14 1.29395570246e+14 0 0
15.631 1 ATTITUDE -2.707764 -2.515137 -0.444336
15.639 1 DESIRED -0.74 0.1 5. 16. -45. 805. 2.
15.731 1 ATTITUDE -2.751953 -2.330078 -0.150391
15.734 1 IMU_ACCEL 10.194336 0.023438 -11.075195
15.736 1 STATE_FILTER_STATUS 3 0
15.831 1 ATTITUDE -2.796387 -2.098389 0.107178
15.838 1 DESIRED -0.74 0.1 5. 16. -45. 805. 2.
15.842 1 GPS 0 1130805120 0 0 -17000 0 0 0 40250 12 1
15.846 1 IMU_GYRO -0.259521 0.13501 0.591553
15.849 1 GPS_SOL 795624576 100099 9999 0
15.866 1 NAVIGATION 0 2 10801716. -3566302. 1.29394907546e+14 1.29395570246e+14 0 0
15.931 1 ATTITUDE -2.816895 -2. 0.101318
15.933 1 ESTIMATOR -17.000002 -0.
15.937 1 IMU_MAG -1.505859 -1.163086 2.065918
16.031 1 ATTITUDE -2.849609 -1.920898 0.101807
16.037 1 DESIRED -0.74 0.1 5. 16. -45. 805. 2.
16.040 1 WP_MOVED 2 506254.8125 3566257.5 815. 12
16.045 1 NAVIGATION 0 2 10801716. -3566302. 1.29394907546e+14 1.29395570246e+14 0 0
16.048 1 BAT 0 0 0 0 0 40 40 0
16.083 1 GPS 0 1130805120 0 0 -17000 0 0 0 40500 12 2
16.117 1 NAVIGATION 0 2 10801716. -3566302. 1.29394907546e+14 1.29395570246e+14 0 0
16.132 1 ATTITUDE -2.883301 -1.841553 0.136475
16.232 1 ATTITUDE -2.961426 -1.77002 0.138184
16.238 1 DESIRED -0.74 0.1 5. 16. -45. 805. 2.
16.239 1 DL_VALUE 3 0.
16.243 1 ENERGY 0. 0. 0 0.
16.319 1 DOWNLINK_STATUS 7 5780 259 0 811. 36. 2.68
16.331 1 ATTITUDE -3.004883 -1.672852 0.1604
16.337 1 GPS 0 1130805120 0 0 -17000 0 0 0 40750 12 3
16.342 1 ALIVE 37,176,226,237,9,75,50,6,184,30,166,180,60,149,108,159
16.366 1 NAVIGATION 0 2 10801716. -3566302. 1.29394907546e+14 1.29395570246e+14 0 0
16.431 1 ATTITUDE -3.024414 -1.544922 0.219482
16.437 1 DESIRED -0.74 0.1 5. 16. -45. 805. 2.
16.439 1 ESTIMATOR -17.000002 0.
16.442 1 IMU_GYRO -0.065918 -0.098877 0.116943
16.444 1 PPRZ_MODE 2 3 3 0 0 6
16.531 1 ATTITUDE -3.03418 -1.454102 0.207275
16.534 1 WP_MOVED 3 506350.5 3566257. 805. 12
16.537 1 IMU_ACCEL 2.978516 1.079102 -9.332031
16.583 1 GPS 0 1130805120 0 0 -17000 0 0 0 41250 12 4
16.616 1 NAVIGATION 0 2 10801716. -3566302. 1.29394907546e+14 1.29395570246e+14 0 0
16.631 1 ATTITUDE -3.037842 -1.377686 0.208496
16.638 1 DESIRED -0.74 0.1 5. 16. -45. 805. 2.
16.731 1 ATTITUDE -3.04541 -1.307617 0.199951
16.831 1 ATTITUDE -3.045898 -1.24707 0.177002
16.837 1 DESIRED -0.74 0.1 5. 16. -45. 805. 2.
16.842 1 GPS 0 1130805120 0 0 -17000 0 0 0 41250 12 5
16.866 1 NAVIGATION 0 2 10801716. -3566302. 1.29394907546e+14 1.29395570246e+14 0 0
16.931 1 ATTITUDE -3.036377 -1.220215 0.108887
16.933 1 ESTIMATOR -17.000002 1e-06
17.031 1 ATTITUDE -3.028564 -1.20166 0.067871
17.037 1 DESIRED -0.74 0.1 5. 16. -45. 805. 2.
17.040 1 WP_MOVED 4 506374.40625 3566337.75 805. 12
17.043 1 IMU_GYRO -0.280762 0.391602 -0.238281
17.048 1 NAVIGATION 0 2 10801716. -3566302. 1.29394907546e+14 1.29395570246e+14 0 0
17.083 1 GPS 0 1130805120 0 0 -17000 0 0 0 41500 12 6
17.113 1 FBW_STATUS 2 0 1 0 0
17.118 1 NAVIGATION 0 2 10801716. -3566302. 1.29394907546e+14 1.29395570246e+14 0 0
17.131 1 ATTITUDE -2.997314 -1.202881 -0.05127
17.134 1 BAT 0 0 0 0 0 42 42 0
17.231 1 ATTITUDE -2.995361 -1.232666 -0.122559
17.237 1 DESIRED -0.74 0.1 5. 16. -45. 805. 2.
17.240 1 IMU_MAG -1.618652 -1.015625 1.858887
17.320 1 DOWNLINK_STATUS 8 6601 295 0 821. 36. 2.68
17.331 1 ATTITUDE -2.994629 -1.282227 -0.449219
17.336 1 GPS 0 1130805120 0 0 -17000 0 0 0 42000 12 7
17.340 1 IMU_ACCEL 8.666016 1.136719 -5.238281
17.366 1 NAVIGATION 0 2 10801716. -3566302. 1.29394907546e+14 1.29395570246e+14 0 0
17.431 1 ATTITUDE -2.993408 -1.332764 -0.470459
17.437 1 DESIRED -0.74 0.1 5. 16. -45. 805. 2.
17.439 1 ESTIMATOR -17.000002 1e-06
17.441 1 DOWNLINK 4 825 1556
17.531 1 ATTITUDE -2.994385 -1.381348 -0.478271
17.534 1 WP_MOVED 5 506402.3125 3566363.25 820. 12
17.583 1 GPS 0 1130805120 0 0 -17000 0 0 0 42250 12 8
17.616 1 NAVIGATION 0 2 10801716. -3566302. 1.29394907546e+14 1.29395570246e+14 0 0
17.631 1 ATTITUDE -2.993896 -1.430908 -0.48291
17.637 1 DESIRED -0.74 0.1 5. 16. -45. 805. 2.
17.640 1 IMU_GYRO 0.025391 0.038086 -0.052979
17.731 1 ATTITUDE -2.993164 -1.481201 -0.485352
17.733 1 DL_VALUE 4 0.
17.831 1 ATTITUDE -2.991455 -1.525146 -0.487549
17.837 1 DESIRED -0.74 0.1 5. 16. -45. 805. 2.
17.842 1 GPS 0 1130805120 0 0 -17000 0 0 0 42250 12 9
17.845 1 GPS_SOL 795625920 100104 9999 0
17.866 1 NAVIGATION 0 2 10801716. -3566302. 1.29394907546e+14 1.29395570246e+14 0 0
17.931 1 ATTITUDE -2.990234 -1.559082 -0.49292
17.933 1 ESTIMATOR -17.000002 2e-06
17.935 1 CALIBRATION -150. 0
17.937 1 STATE_FILTER_STATUS 3 0
18.031 1 ATTITUDE -2.991699 -1.594482 -0.498535
18.037 1 DESIRED -0.74 0.1 5. 16. -45. 805. 2.
18.040 1 WP_MOVED 6 506374.40625 3566337.75 820. 12
18.045 1 NAVIGATION 0 2 10801716. -3566302. 1.29394907546e+14 1.29395570246e+14 0 0
18.083 1 GPS 0 1130805120 0 0 -17000 0 0 0 42500 12 10
18.116 1 NAVIGATION 0 2 10801716. -3566302. 1.29394907546e+14 1.29395570246e+14 0 0
18.131 1 ATTITUDE -2.992676 -1.626709 -0.497314
18.134 1 IMU_ACCEL 8.358398 1.271484 -5.077148
18.231 1 ATTITUDE -2.992432 -1.654785 -0.499756
18.237 1 DESIRED -0.74 0.1 5. 16. -45. 805. 2.
18.240 1 IMU_GYRO -0.044678 0. 0.018066
18.243 1 BAT 0 0 0 0 0 43 43 0
18.321 1 DOWNLINK_STATUS 9 7432 333 0 831. 38. 2.68
18.331 1 ATTITUDE -2.994141 -1.679932 -0.505371
18.336 1 GPS 0 1130805120 0 0 -17000 0 0 0 43000 12 11
18.366 1 NAVIGATION 0 2 10801716. -3566302. 1.29394907546e+14 1.29395570246e+14 0 0
18.431 1 ATTITUDE -2.996338 -1.705811 -0.506104
18.437 1 DESIRED -0.74 0.1 5. 16. -45. 805. 2.
18.439 1 ESTIMATOR -17.000002 3e-06
18.531 1 ATTITUDE -2.996338 -1.737793 -0.511963
18.534 1 WP_MOVED 7 506350.5 3566270.75 805. 12
18.537 1 IMU_MAG -1.691895 -0.992676 1.507812
18.583 1 GPS 0 1130805120 0 0 -17000 0 0 0 43250 12 12
18.615 1 NAVIGATION 0 2 10801716. -3566302. 1.29394907546e+14 1.29395570246e+14 0 0
18.632 1 ATTITUDE -2.996338 -1.765381 -0.520264
18.641 1 DESIRED -0.74 0.1 5. 16. -45. 805. 2.
18.731 1 ATTITUDE -2.981201 -1.812012 -0.569824
18.734 1 ENERGY 0. 0. 0 0.
18.831 1 ATTITUDE -3.002197 -1.8125 -0.476562
18.837 1 DESIRED -0.74 0.1 5. 16. -45. 805. 2.
18.842 1 GPS 0 1130805120 0 0 -17000 0 0 0 43250 12 13
18.845 1 IMU_GYRO -0.038086 -2.014404 0.272217
18.865 1 NAVIGATION 0 2 10801716. -3566302. 1.29394907546e+14 1.29395570246e+14 0 0
18.931 1 ATTITUDE -3.041016 -1.749268 -0.253174
18.933 1 ESTIMATOR -17.000002 3e-06
18.936 1 IMU_ACCEL 7.143555 1.391602 -6.782227
19.031 1 ATTITUDE -3.105957 -1.702393 -0.165039
19.037 1 DESIRED -0.74 0.1 5. 16. -45. 805. 2.
19.040 1 WP_MOVED 8 506254.8125 3566257.5 815. 12
19.046 1 NAVIGATION 0 2 10801716. -3566302. 1.29394907546e+14 1.29395570246e+14 0 0
19.083 1 GPS 0 1130805120 0 0 -17000 0 0 0 43500 12 14
19.113 1 FBW_STATUS 2 0 1 0 0
19.118 1 NAVIGATION 0 2 10801716. -3566302. 1.29394907546e+14 1.29395570246e+14 0 0
19.131 1 ATTITUDE -3.123535 -1.657959 -0.182861
19.231 1 ATTITUDE -3.051514 -1.695557 -0.445312
19.237 1 DESIRED -0.74 0.1 5. 16. -45. 805. 2.
19.238 1 DL_VALUE 5 0.
19.321 1 DOWNLINK_STATUS 10 8211 367 0 779. 34. 2.68
19.331 1 ATTITUDE -2.820801 -1.971436 -0.841309
19.336 1 GPS 0 1130805120 0 0 -17000 0 0 0 44000 12 15
19.340 1 BAT 0 0 0 0 0 44 44 0
19.365 1 NAVIGATION 0 2 10801716. -3566302. 1.29394907546e+14 1.29395570246e+14 0 0
19.431 1 ATTITUDE -2.638428 -2.138184 -0.736084
19.437 1 DESIRED -0.74 0.1 5. 16. -45. 805. 2.
19.439 1 ESTIMATOR -17.000002 4e-06
19.442 1 IMU_GYRO -0.025391 0.034912 -0.464844
19.531 1 ATTITUDE -2.628906 -2.189941 -0.700439
19.534 1 WP_MOVED 9 506213.8125 3566287.5 815. 12
19.583 1 GPS 0 1130805120 0 0 -17000 0 0 0 44250 12 16
19.615 1 NAVIGATION 0 2 10801716. -3566302. 1.29394907546e+14 1.29395570246e+14 0 0
19.631 1 ATTITUDE -2.755371 -2.09082 -0.546631
19.638 1 DESIRED -0.74 0.1 5. 16. -45. 805. 2.
19.731 1 ATTITUDE -2.852539 -1.990723 -0.344727
19.734 1 IMU_ACCEL 8.219727 1.703125 -7.109375
19.819 1 PONG 
19.831 1 ATTITUDE -2.928223 -1.949219 -0.261475
19.837 1 DESIRED -0.74 0.1 5. 16. -45. 805. 2.
19.842 1 GPS 0 1130805120 0 0 -17000 0 0 0 44250 12 1
19.845 1 IMU_MAG -1.650391 -1.059082 1.754883
19.848 1 GPS_SOL 795627328 100110 9999 0
19.865 1 NAVIGATION 0 2 10801716. -3566302. 1.29394907546e+14 1.29395570246e+14 0 0
19.931 1 ATTITUDE -2.962646 -1.912109 -0.209473
19.933 1 ESTIMATOR -17. 4e-06
20.031 1 ATTITUDE -3.025391 -1.852539 -0.180176
20.036 1 DESIRED -0.74 0.1 5. 16. -45. 805. 2.
20.040 1 WP_MOVED 0 506377. 3566344. 900. 12
20.043 1 IMU_GYRO 0.016846 -0.157471 0.141357
20.048 1 NAVIGATION 0 2 10801716. -3566302. 1.29394907546e+14 1.29395570246e+14 0 0
20.050 1 CALIBRATION -150. 0
20.083 1 GPS 0 1130805120 0 0 -17000 0 0 0 44500 12 2
20.115 1 NAVIGATION 0 2 10801716. -3566302. 1.29394907546e+14 1.29395570246e+14 0 0
20.131 1 ATTITUDE -3.037842 -1.808838 -0.187988
20.132 1 STATE_FILTER_STATUS 3 0
20.213 1 COMMANDS 0,-9600,-1635,0
20.231 1 ATTITUDE -3.044189 -1.781738 -0.202637
20.236 1 DESIRED -0.74 0.1 5. 16. -45. 805. 2.
20.313 1 ACTUATORS 1000,1358,1193,1500
20.322 1 DOWNLINK_STATUS 11 9056 406 0 845. 39. 2.72
20.331 1 ATTITUDE -3.020264 -1.766846 -0.31665
20.336 1 GPS 0 1130805120 0 0 -17000 0 0 0 44750 12 3
20.365 1 NAVIGATION 0 2 10801716. -3566302. 1.29394907546e+14 1.29395570246e+14 0 0
20.431 1 ATTITUDE -3.016357 -1.762451 -0.334961
20.436 1 DESIRED -0.74 0.1 5. 16. -45. 805. 2.
20.439 1 ESTIMATOR -16.999998 3e-06
20.442 1 BAT 0 0 0 0 0 45 45 0
20.531 1 ATTITUDE -3.013428 -1.759033 -0.268555
20.534 1 WP_MOVED 1 506335. 3566302. 765. 12
20.537 1 IMU_ACCEL 7.811523 1.136719 -6.938477
20.583 1 GPS 0 1130805120 0 0 -17000 0 0 0 45250 12 4
20.616 1 NAVIGATION 0 2 10801716. -3566302. 1.29394907546e+14 1.29395570246e+14 0 0
20.632 1 ATTITUDE -3.014893 -1.740234 -0.219482
20.639 1 DESIRED -0.74 0.1 5. 16. -45. 805. 2.
20.641 1 IMU_GYRO 0.052979 -1.373779 0.131836
20.731 1 ATTITUDE -3.02124 -1.69873 -0.149414
20.732 1 DL_VALUE 6 100.
20.831 1 ATTITUDE -3.015381 -1.678467 -0.183594
20.836 1 DESIRED -0.74 0.1 5. 16. -45. 805. 2.
20.842 1 GPS 0 1130805120 0 0 -17000 0 0 0 45250 12 5
20.865 1 NAVIGATION 0 2 10801716. -3566302. 1.29394907546e+14 1.29395570246e+14 0 0
20.930 1 ATTITUDE -3.041504 -1.668945 -0.306152
20.933 1 ESTIMATOR -16.999998 3e-06
21.030 1 ATTITUDE -3.06958 -1.679443 -0.501953
21.036 1 DESIRED -0.74 0.1 5. 16. -45. 805. 2.
21.040 1 WP_MOVED 2 506254.8125 3566257.5 815. 12
21.044 1 NAVIGATION 0 2 10801716. -3566302. 1.29394907546e+14 1.29395570246e+14 0 0
21.083 1 GPS 0 1130805120 0 0 -17000 0 0 0 45500 12 6
21.113 1 FBW_STATUS 2 0 1 0 0
21.118 1 NAVIGATION 0 2 10801716. -3566302. 1.29394907546e+14 1.29395570246e+14 0 0
21.131 1 ATTITUDE -3.109863 -1.684814 -0.552979
21.134 1 IMU_MAG -1.694336 -0.902832 1.467285
21.230 1 ATTITUDE 3.088379 -1.649414 -0.476807
21.236 1 DESIRED -0.74 0.1 5. 16. -45. 805. 2.
21.240 1 IMU_GYRO -0.036133 -1.042725 0.480957
21.243 1 ENERGY 0. 0. 0 0.
21.323 1 DOWNLINK_STATUS 12 9873 442 0 817. 36. 2.72
21.330 1 ATTITUDE 3.056152 -1.616943 -0.388672
21.336 1 GPS 0 1130805120 0 0 -17000 0 0 0 46000 12 7
21.339 1 IMU_ACCEL 7.378906 -0.858398 -5.727539
21.343 1 ALIVE 37,176,226,237,9,75,50,6,184,30,166,180,60,149,108,159
21.365 1 NAVIGATION 0 2 10801716. -3566302. 1.29394907546e+14 1.29395570246e+14 0 0
21.430 1 ATTITUDE 3.052246 -1.593994 -0.3479
21.436 1 DESIRED -0.74 0.1 5. 16. -45. 805. 2.
21.439 1 ESTIMATOR -16.999998 2e-06
21.441 1 PPRZ_MODE 2 3 3 0 0 6
21.530 1 ATTITUDE 3.067139 -1.595947 -0.343506
21.534 1 WP_MOVED 3 506350.5 3566257. 805. 12
21.537 1 BAT 0 0 0 0 0 46 46 0
21.583 1 GPS 0 1130805120 0 0 -17000 0 0 0 46250 12 8
21.615 1 NAVIGATION 0 2 10801716. -3566302. 1.29394907546e+14 1.29395570246e+14 0 0
21.631 1 ATTITUDE 3.122803 -1.63208 -0.435303
21.636 1 DESIRED -0.74 0.1 5. 16. -45. 805. 2.
21.730 1 ATTITUDE -3.019531 -1.752441 -0.676514
21.733 1 NAVIGATION_REF 506335 3566302 12
21.830 1 ATTITUDE -2.782471 -1.992188 -0.703369
21.836 1 DESIRED -0.74 0.1 5. 16. -45. 805. 2.
21.842 1 GPS 0 1130805120 0 0 -17000 0 0 0 46500 12 9
21.845 1 IMU_GYRO -0.142578 0.28833 -1.095947
21.848 1 GPS_SOL 795628864 100115 9999 0
21.865 1 NAVIGATION 0 2 10801716. -3566302. 1.29394907546e+14 1.29395570246e+14 0 0
21.930 1 ATTITUDE -2.704834 -2.118896 -0.699219
21.933 1 ESTIMATOR -16.999998 2e-06
22.030 1 ATTITUDE -2.793701 -2.111572 -0.718262
22.035 1 WIND_INFO 1 42 0. 0. 0.
22.036 1 DESIRED -0.74 0.1 5. 16. -45. 805. 2.
22.040 1 WP_MOVED 4 506374.40625 3566337.75 805. 12
22.044 1 NAVIGATION 0 2 10801716. -3566302. 1.29394907546e+14 1.29395570246e+14 0 0
22.083 1 GPS 0 1130805120 0 0 -17000 0 0 0 46500 12 10
22.116 1 NAVIGATION 0 2 10801716. -3566302. 1.29394907546e+14 1.29395570246e+14 0 0
22.132 1 ATTITUDE -3.107666 -1.854248 -0.645264
22.134 1 IMU_ACCEL 8.56543 -0.978516 -3.84668
22.135 1 CALIBRATION -150. 0
22.230 1 ATTITUDE 3.047607 -1.746094 -0.574951
22.236 1 DESIRED -0.74 0.1 5. 16. -45. 805. 2.
22.238 1 DL_VALUE 7 2.
22.324 1 DOWNLINK_STATUS 13 10716 480 0 843. 38. 2.72
22.330 1 ATTITUDE 2.99585 -1.715088 -0.568359
22.336 1 GPS 0 1130805120 0 0 -17000 0 0 0 46750 12 11
22.338 1 STATE_FILTER_STATUS 3 0
22.365 1 NAVIGATION 0 2 10801716. -3566302. 1.29394907546e+14 1.29395570246e+14 0 0
22.430 1 ATTITUDE 3.010986 -1.736084 -0.609375
22.436 1 DESIRED -0.74 0.1 5. 16. -45. 805. 2.
22.439 1 ESTIMATOR -16.999998 1e-06
22.442 1 IMU_GYRO -0.051025 0.438232 -0.477783
22.445 1 IMU_MAG -1.677246 -0.723145 1.438477
22.530 1 ATTITUDE 3.034668 -1.778564 -0.666992
22.534 1 WP_MOVED 5 506402.3125 3566363.25 820. 12
22.536 1 DOWNLINK 4 819 1745
22.583 1 GPS 0 1130805120 0 0 -17000 0 0 0 47250 12 12
22.616 1 NAVIGATION 0 2 10801716. -3566302. 1.29394907546e+14 1.29395570246e+14 0 0
22.633 1 ATTITUDE 3.088867 -1.860352 -0.730957
22.637 1 DESIRED -0.74 0.1 5. 16. -45. 805. 2.
22.640 1 BAT 0 0 0 0 0 47 47 0
22.730 1 ATTITUDE -3.077393 -1.976074 -0.775635
22.830 1 ATTITUDE -2.977295 -2.0896 -0.750488
22.836 1 DESIRED -0.74 0.1 5. 16. -45. 805. 2.
22.842 1 GPS 0 1130805120 0 0 -17000 0 0 0 47500 12 13
22.865 1 NAVIGATION 0 2 10801716. -3566302. 1.29394907546e+14 1.29395570246e+14 0 0
22.930 1 ATTITUDE -2.971924 -2.116943 -0.788574
22.933 1 ESTIMATOR -16.999998 0.
22.936 1 IMU_ACCEL 9.329102 1.463867 -1.922852
23.031 1 ATTITUDE -2.973633 -2.140869 -0.810547
23.036 1 DESIRED -0.74 0.1 5. 16. -45. 805. 2.
23.040 1 WP_MOVED 6 506374.40625 3566337.75 820. 12
23.043 1 IMU_GYRO -0.204102 -0.092529 -0.175537
23.047 1 NAVIGATION 0 2 10801716. -3566302. 1.29394907546e+14 1.29395570246e+14 0 0
23.083 1 GPS 0 1130805120 0 0 -17000 0 0 0 47500 12 14
23.113 1 FBW_STATUS 2 0 1 0 0
23.119 1 NAVIGATION 0 2 10801716. -3566302. 1.29394907546e+14 1.29395570246e+14 0 0
23.133 1 ATTITUDE -2.960205 -2.164551 -0.742188
23.230 1 ATTITUDE -2.980469 -2.160156 -0.621582
23.236 1 DESIRED -0.74 0.1 5. 16. -45. 805. 2.
23.325 1 DOWNLINK_STATUS 14 11522 516 0 806. 36. 2.72
23.330 1 ATTITUDE -3.037842 -2.109863 -0.394043
23.336 1 GPS 0 1130805120 0 0 -17000 0 0 0 48000 12 15
23.365 1 NAVIGATION 0 2 10801716. -3566302. 1.29394907546e+14 1.29395570246e+14 0 0
23.430 1 ATTITUDE -3.079346 -2.012695 -0.197266
23.436 1 DESIRED -0.74 0.1 5. 16. -45. 805. 2.
23.439 1 ESTIMATOR -16.999998 -0.
23.530 1 ATTITUDE -3.085205 -1.920898 -0.102783
23.534 1 WP_MOVED 7 506350.5 3566270.75 805. 12
23.583 1 GPS 0 1130805120 0 0 -17000 0 0 0 48250 12 16
23.615 1 NAVIGATION 0 2 10801716. -3566302. 1.29394907546e+14 1.29395570246e+14 0 0
23.633 1 ATTITUDE -3.07251 -1.841309 -0.083008
23.636 1 DESIRED -0.74 0.1 5. 16. -45. 805. 2.
23.639 1 IMU_GYRO -0.206299 -0.412842 0.114746
23.730 1 ATTITUDE -3.067871 -1.765137 -0.033447
23.733 1 IMU_ACCEL 5.654297 0.474609 -9.056641
23.737 1 BAT 0 0 0 0 0 48 48 0
23.740 1 IMU_MAG -1.572266 -0.899902 1.962402
23.742 1 DL_VALUE 8 0.
23.745 1 ENERGY 0. 0. 0 0.
23.830 1 ATTITUDE -3.066895 -1.688477 0.029297
23.836 1 DESIRED -0.74 0.1 5. 16. -45. 805. 2.
23.842 1 GPS 0 1130805120 0 0 -17000 0 0 0 48500 12 1
23.845 1 GPS_SOL 795630464 100121 9999 0
23.865 1 NAVIGATION 0 2 10801716. -3566302. 1.29394907546e+14 1.29395570246e+14 0 0
23.930 1 ATTITUDE -3.043457 -1.626953 0.039062
23.933 1 ESTIMATOR -16.999998 -1e-06
24.030 1 ATTITUDE -3.023926 -1.569336 0.060303
24.036 1 DESIRED -0.74 0.1 5. 16. -45. 805. 2.
24.040 1 WP_MOVED 8 506254.8125 3566257.5 815. 12
24.044 1 NAVIGATION 0 2 10801716. -3566302. 1.29394907546e+14 1.29395570246e+14 0 0
24.083 1 GPS 0 1130805120 0 0 -17000 0 0 0 48500 12 2
24.115 1 NAVIGATION 0 2 10801716. -3566302. 1.29394907546e+14 1.29395570246e+14 0 0
24.134 1 ATTITUDE -3.022705 -1.512939 0.066406
24.230 1 ATTITUDE -3.024414 -1.455322 0.073242
24.236 1 DESIRED -0.74 0.1 5. 16. -45. 805. 2.
24.239 1 IMU_GYRO 0.012695 0.066895 0.039307
24.241 1 CALIBRATION -150. 0
24.326 1 DOWNLINK_STATUS 15 12353 553 0 831. 37. 2.72
24.330 1 ATTITUDE -3.027588 -1.401611 0.060303
24.336 1 GPS 0 1130805120 0 0 -17000 0 0 0 48750 12 3
24.365 1 NAVIGATION 0 2 10801716. -3566302. 1.29394907546e+14 1.29395570246e+14 0 0
24.430 1 ATTITUDE -3.028809 -1.353027 0.059326
24.436 1 DESIRED -0.74 0.1 5. 16. -45. 805. 2.
24.439 1 ESTIMATOR -16.999998 -1e-06
24.530 1 ATTITUDE -3.037842 -1.303955 0.07373
24.534 1 WP_MOVED 9 506213.8125 3566287.5 815. 12
24.537 1 IMU_ACCEL 4.871094 0.820312 -8.923828
24.538 1 STATE_FILTER_STATUS 3 0
24.583 1 GPS 0 1130805120 0 0 -17000 0 0 0 49250 12 4
24.615 1 NAVIGATION 0 2 10801716. -3566302. 1.29394907546e+14 1.29395570246e+14 0 0
24.634 1 ATTITUDE -3.039551 -1.233887 0.11084
24.636 1 DESIRED -0.74 0.1 5. 16. -45. 805. 2.
24.730 1 ATTITUDE -3.022217 -1.150879 0.217773
24.819 1 PONG 
24.830 1 ATTITUDE -3.012939 -1.066162 0.273193
24.836 1 DESIRED -0.74 0.1 5. 16. -45. 805. 2.
24.842 1 GPS 0 1130805120 0 0 -17000 0 0 0 49500 12 5
24.845 1 IMU_GYRO 0.029785 0.02124 0.009521
24.848 1 BAT 0 0 0 0 0 49 49 0
24.865 1 NAVIGATION 0 2 10801716. -3566302. 1.29394907546e+14 1.29395570246e+14 0 0
24.930 1 ATTITUDE -3.016113 -1.002441 0.284424
24.933 1 ESTIMATOR -16.999998 -2e-06
25.030 1 ATTITUDE -3.021729 -0.952148 0.263184
25.036 1 DESIRED -0.74 0.1 5. 16. -45. 805. 2.
25.040 1 WP_MOVED 0 506377. 3566344. 900. 12
25.044 1 NAVIGATION 0 2 10801716. -3566302. 1.29394907546e+14 1.29395570246e+14 0 0
25.047 1 IMU_MAG -1.422852 -0.899902 2.181152
25.083 1 GPS 0 1130805120 0 0 -17000 0 0 0 49500 12 6
25.113 1 FBW_STATUS 2 0 1 0 0
25.117 1 NAVIGATION 0 2 10801716. -3566302. 1.29394907546e+14 1.29395570246e+14 0 0
25.134 1 ATTITUDE -3.02002 -0.90918 0.227051
25.213 1 COMMANDS 0,-9600,312,0
25.230 1 ATTITUDE -3.008057 -0.897217 0.121582
25.236 1 DESIRED -0.74 0.1 5. 16. -45. 805. 2.
25.238 1 DL_VALUE 9 0.
25.313 1 ACTUATORS 1000,1309,1242,1500
25.327 1 DOWNLINK_STATUS 16 13177 591 0 824. 38. 2.56
25.330 1 ATTITUDE -2.981201 -0.919434 -0.073486
25.336 1 GPS 0 1130805120 0 0 -17000 0 0 0 50000 12 7
25.339 1 IMU_ACCEL 6.495117 0.873047 -9.290039
25.365 1 NAVIGATION 0 2 10801716. -3566302. 1.29394907546e+14 1.29395570246e+14 0 0
25.430 1 ATTITUDE -3.009277 -0.969727 -0.197021
25.436 1 DESIRED -0.74 0.1 5. 16. -45. 805. 2.
25.439 1 ESTIMATOR -16.999998 -2e-06
25.442 1 IMU_GYRO 0.55957 1.274902 0.352051
25.530 1 ATTITUDE -3.039795 -1.032227 -0.280518
25.534 1 WP_MOVED 1 506335. 3566302. 765. 12
25.583 1 GPS 0 1130805120 0 0 -17000 0 0 0 50250 12 8
25.616 1 NAVIGATION 0 2 10801716. -3566302. 1.29394907546e+14 1.29395570246e+14 0 0
25.636 1 ATTITUDE -3.0625 -1.092041 -0.279785
25.637 1 DESIRED -0.74 0.1 5. 16. -45. 805. 2.
25.730 1 ATTITUDE -3.049072 -1.161377 -0.425781
25.830 1 ATTITUDE -3.046875 -1.216553 -0.44165
25.836 1 DESIRED -0.74 0.1 5. 16. -45. 805. 2.
25.842 1 GPS 0 1130805120 0 0 -17000 0 0 0 50500 12 9
25.845 1 GPS_SOL 795632128 100127 9999 0
25.865 1 NAVIGATION 0 2 10801716. -3566302. 1.29394907546e+14 1.29395570246e+14 0 0
25.930 1 ATTITUDE -3.045898 -1.269775 -0.450684
25.933 1 ESTIMATOR -16.999998 -3e-06
25.936 1 BAT 0 0 0 0 0 50 50 0
26.030 1 ATTITUDE -3.046875 -1.320312 -0.459961
26.036 1 DESIRED -0.74 0.1 5. 16. -45. 805. 2.
26.040 1 WP_MOVED 2 506254.8125 3566257.5 815. 12
26.043 1 IMU_GYRO 0.010498 0.052979 -0.022217
26.047 1 NAVIGATION 0 2 10801716. -3566302. 1.29394907546e+14 1.29395570246e+14 0 0
26.083 1 GPS 0 1130805120 0 0 -17000 0 0 0 50500 12 10
26.115 1 NAVIGATION 0 2 10801716. -3566302. 1.29394907546e+14 1.29395570246e+14 0 0
26.136 1 ATTITUDE -3.047363 -1.367676 -0.465088
26.137 1 IMU_ACCEL 8.180664 1.074219 -5.427734
26.230 1 ATTITUDE -3.044922 -1.414795 -0.473389
26.236 1 DESIRED -0.74 0.1 5. 16. -45. 805. 2.
26.240 1 ENERGY 0. 0. 0 0.
26.328 1 DOWNLINK_STATUS 17 13986 626 0 809. 35. 2.56
26.330 1 ATTITUDE -3.044434 -1.460205 -0.480469
26.336 1 GPS 0 1130805120 0 0 -17000 0 0 0 50750 12 11
26.339 1 IMU_MAG -1.68457 -0.946289 1.539062
26.341 1 CALIBRATION -150. 0
26.346 1 ALIVE 37,176,226,237,9,75,50,6,184,30,166,180,60,149,108,159
26.365 1 NAVIGATION 0 2 10801716. -3566302. 1.29394907546e+14 1.29395570246e+14 0 0
26.430 1 ATTITUDE -3.043213 -1.499512 -0.487793
26.436 1 DESIRED -0.74 0.1 5. 16. -45. 805. 2.
26.439 1 ESTIMATOR -16.999998 -4e-06
26.441 1 PPRZ_MODE 2 3 3 0 0 6
26.530 1 ATTITUDE -3.043457 -1.536377 -0.492188
26.534 1 WP_MOVED 3 506350.5 3566257. 805. 12
26.583 1 GPS 0 1130805120 0 0 -17000 0 0 0 51250 12 12
26.616 1 NAVIGATION 0 2 10801716. -3566302. 1.29394907546e+14 1.29395570246e+14 0 0
26.630 1 ATTITUDE -3.044434 -1.570068 -0.496094
26.638 1 DESIRED -0.74 0.1 5. 16. -45. 805. 2.
26.639 1 IMU_GYRO -0.008301 0. -0.023193
26.731 1 ATTITUDE -3.044434 -1.604736 -0.49707
26.732 1 DL_VALUE 10 0.
26.734 1 STATE_FILTER_STATUS 3 0
26.830 1 ATTITUDE -3.043701 -1.63623 -0.499023
26.836 1 DESIRED -0.74 0.1 5. 16. -45. 805. 2.
26.842 1 GPS 0 1130805120 0 0 -17000 0 0 0 51500 12 13
26.865 1 NAVIGATION 0 2 10801716. -3566302. 1.29394907546e+14 1.29395570246e+14 0 0
26.930 1 ATTITUDE -3.043701 -1.663086 -0.50293
26.933 1 ESTIMATOR -17. -4e-06
26.936 1 IMU_ACCEL 8.416992 0.887695 -4.967773
27.030 1 ATTITUDE -3.044189 -1.687988 -0.506592
27.037 1 DESIRED -0.74 0.1 5. 16. -45. 805. 2.
27.040 1 WP_MOVED 4 506374.40625 3566337.75 805. 12
27.044 1 NAVIGATION 0 2 10801716. -3566302. 1.29394907546e+14 1.29395570246e+14 0 0
27.048 1 BAT 0 0 0 0 0 51 51 0
27.083 1 GPS 0 1130805120 0 0 -17000 0 0 0 51500 12 14
27.113 1 FBW_STATUS 2 0 1 0 0
27.118 1 NAVIGATION 0 2 10801716. -3566302. 1.29394907546e+14 1.29395570246e+14 0 0
27.130 1 ATTITUDE -3.044189 -1.712158 -0.508789
27.230 1 ATTITUDE -3.043945 -1.735596 -0.510986
27.236 1 DESIRED -0.74 0.1 5. 16. -45. 805. 2.
27.239 1 IMU_GYRO -0.014893 0.001953 -0.016846
27.328 1 DOWNLINK_STATUS 18 14838 665 0 852. 39. 2.56
27.330 1 ATTITUDE -3.044434 -1.756836 -0.513184
27.336 1 GPS 0 1130805120 0 0 -17000 0 0 0 52000 12 15
27.365 1 NAVIGATION 0 2 10801716. -3566302. 1.29394907546e+14 1.29395570246e+14 0 0
27.430 1 ATTITUDE -3.044678 -1.775879 -0.515381
27.436 1 DESIRED -0.74 0.1 5. 16. -45. 805. 2.
27.438 1 ESTIMATOR -17.000002 -3e-06
27.530 1 ATTITUDE -3.044434 -1.794189 -0.518311
27.534 1 WP_MOVED 5 506402.3125 3566363.25 820. 12
27.583 1 GPS 0 1130805120 0 0 -17000 0 0 0 52250 12 16
27.615 1 NAVIGATION 0 2 10801716. -3566302. 1.29394907546e+14 1.29395570246e+14 0 0
27.630 1 ATTITUDE -3.044678 -1.811523 -0.52002
27.637 1 DESIRED -0.74 0.1 5. 16. -45. 805. 2.
27.639 1 IMU_MAG -1.68457 -0.93457 1.519043
27.641 1 DOWNLINK 4 824 1932
27.730 1 ATTITUDE -3.044678 -1.827637 -0.522217
27.733 1 IMU_ACCEL 8.550781 0.892578 -4.886719
27.830 1 ATTITUDE -3.044922 -1.842041 -0.52417
27.836 1 DESIRED -0.74 0.1 5. 16. -45. 805. 2.
27.842 1 GPS 0 1130805120 0 0 -17000 0 0 0 52500 12 1
27.845 1 IMU_GYRO -0.014893 0. -0.015869
27.848 1 GPS_SOL 795633856 100132 9999 0
27.865 1 NAVIGATION 0 2 10801716. -3566302. 1.29394907546e+14 1.29395570246e+14 0 0
27.930 1 ATTITUDE -3.044922 -1.855957 -0.525879
27.933 1 ESTIMATOR -17.000002 -3e-06
28.030 1 ATTITUDE -3.044922 -1.868896 -0.527588
28.036 1 DESIRED -0.74 0.1 5. 16. -45. 805. 2.
28.039 1 WP_MOVED 6 506374.40625 3566337.75 820. 12
28.044 1 NAVIGATION 0 2 10801716. -3566302. 1.29394907546e+14 1.29395570246e+14 0 0
28.083 1 GPS 0 1130805120 0 0 -17000 0 0 0 52500 12 2
28.115 1 NAVIGATION 0 2 10801716. -3566302. 1.29394907546e+14 1.29395570246e+14 0 0
28.130 1 ATTITUDE -3.044922 -1.881592 -0.529053
28.137 1 BAT 0 0 0 0 0 53 53 0
28.230 1 ATTITUDE -3.044922 -1.892334 -0.529785
28.237 1 DESIRED -0.74 0.1 5. 16. -45. 805. 2.
28.238 1 DL_VALUE 11 1.
28.328 1 DOWNLINK_STATUS 19 15631 700 0 793. 35. 2.56
28.330 1 ATTITUDE -3.044922 -1.9021 -0.530762
28.336 1 GPS 0 1130805120 0 0 -17000 0 0 0 53000 12 3
28.365 1 NAVIGATION 0 2 10801716. -3566302. 1.29394907546e+14 1.29395570246e+14 0 0
28.430 1 ATTITUDE -3.044922 -1.910889 -0.532227
28.436 1 DESIRED -0.74 0.1 5. 16. -45. 805. 2.
28.438 1 ESTIMATOR -17.000002 -2e-06
28.442 1 IMU_GYRO -0.012695 -0.005127 -0.015869
28.443 1 CALIBRATION -150. 0
28.530 1 ATTITUDE -3.04541 -1.919189 -0.533447
28.534 1 WP_MOVED 7 506350.5 3566270.75 805. 12
28.537 1 IMU_ACCEL 8.589844 0.858398 -4.763672
28.583 1 GPS 0 1130805120 0 0 -17000 0 0 0 53250 12 4
28.615 1 NAVIGATION 0 2 10801716. -3566302. 1.29394907546e+14 1.29395570246e+14 0 0
28.630 1 ATTITUDE -3.045166 -1.926514 -0.53418
28.637 1 DESIRED -0.74 0.1 5. 16. -45. 805. 2.
28.730 1 ATTITUDE -3.045166 -1.93335 -0.537354
28.734 1 ENERGY 0. 0. 0 0.
28.831 1 ATTITUDE -3.046143 -1.940186 -0.540283
28.836 1 DESIRED -0.74 0.1 5. 16. -45. 805. 2.
28.842 1 GPS 0 1130805120 0 0 -17000 0 0 0 53500 12 5
28.865 1 NAVIGATION 0 2 10801716. -3566302. 1.29394907546e+14 1.29395570246e+14 0 0
28.930 1 ATTITUDE -3.045898 -1.946777 -0.542236
28.932 1 ESTIMATOR -17.000002 -2e-06
28.936 1 IMU_MAG -1.696777 -0.943359 1.479004
28.937 1 STATE_FILTER_STATUS 3 0
29.030 1 ATTITUDE -3.046631 -1.950439 -0.543945
29.036 1 DESIRED -0.74 0.1 5. 16. -45. 805. 2.
29.039 1 WP_MOVED 8 506254.8125 3566257.5 815. 12
29.042 1 IMU_GYRO -0.02124 0.007324 -0.005127
29.047 1 NAVIGATION 0 2 10801716. -3566302. 1.29394907546e+14 1.29395570246e+14 0 0
29.083 1 GPS 0 1130805120 0 0 -17000 0 0 0 53500 12 6
29.113 1 FBW_STATUS 2 0 1 0 0
29.117 1 NAVIGATION 0 2 10801716. -3566302. 1.29394907546e+14 1.29395570246e+14 0 0
29.130 1 ATTITUDE -3.047607 -1.955811 -0.546143
29.230 1 ATTITUDE -3.047607 -1.963379 -0.549072
29.236 1 DESIRED -0.74 0.1 5. 16. -45. 805. 2.
29.239 1 BAT 0 0 0 0 0 54 54 0
29.328 1 DOWNLINK_STATUS 20 16457 737 0 826. 37. 2.56
29.330 1 ATTITUDE -3.047119 -1.971436 -0.551025
29.336 1 GPS 0 1130805120 0 0 -17000 0 0 0 54000 12 7
29.339 1 IMU_ACCEL 8.743164 0.882812 -4.625977
29.365 1 NAVIGATION 0 2 10801716. -3566302. 1.29394907546e+14 1.29395570246e+14 0 0
29.430 1 ATTITUDE -3.046387 -1.978516 -0.550537
29.436 1 DESIRED -0.74 0.1 5. 16. -45. 805. 2.
29.438 1 ESTIMATOR -17.000002 -1e-06
29.530 1 ATTITUDE -3.044678 -1.988281 -0.563477
29.533 1 WP_MOVED 9 506213.8125 3566287.5 815. 12
29.583 1 GPS 0 1130805120 0 0 -17000 0 0 0 54250 12 8
29.616 1 NAVIGATION 0 2 10801716. -3566302. 1.29394907546e+14 1.29395570246e+14 0 0
29.630 1 ATTITUDE -3.042236 -1.997559 -0.586182
29.638 1 DESIRED -0.74 0.1 5. 16. -45. 805. 2.
29.639 1 IMU_GYRO -0.025391 0.17749 -0.013672
29.730 1 ATTITUDE -3.041016 -2.01001 -0.58374
29.732 1 DL_VALUE 0 0.
29.820 1 PONG 
29.830 1 ATTITUDE -3.038574 -2.019043 -0.596191
29.836 1 DESIRED -0.74 0.1 5. 16. -45. 805. 2.
29.842 1 GPS 0 1130805120 0 0 -17000 0 0 0 54500 12 9
29.845 1 GPS_SOL 795635648 100138 9999 0
29.865 1 NAVIGATION 0 2 10801716. -3566302. 1.29394907546e+14 1.29395570246e+14 0 0
29.930 1 ATTITUDE -3.039307 -2.024658 -0.590332
29.932 1 ESTIMATOR -17.000002 -0.
30.030 1 ATTITUDE -3.03833 -2.03125 -0.603516
30.036 1 DESIRED -0.74 0.1 5. 16. -45. 805. 2.
30.039 1 WP_MOVED 0 506377. 3566344. 900. 12
30.044 1 NAVIGATION 0 2 10801716. -3566302. 1.29394907546e+14 1.29395570246e+14 0 0
30.083 1 GPS 0 1130805120 0 0 -17000 0 0 0 54500 12 10
30.115 1 NAVIGATION 0 2 10801716. -3566302. 1.29394907546e+14 1.29395570246e+14 0 0
30.130 1 ATTITUDE -3.037354 -2.039062 -0.610596
30.138 1 IMU_ACCEL 9.016602 0.935547 -3.941406
30.213 1 COMMANDS 0,-9600,-3908,0
30.230 1 ATTITUDE -3.037109 -2.04541 -0.610352
30.236 1 DESIRED -0.74 0.1 5. 16. -45. 805. 2.
30.239 1 IMU_GYRO -0.019043 -0.011475 -0.02002
30.242 1 IMU_MAG -1.689453 -0.94043 1.430176
30.313 1 ACTUATORS 1000,1439,1112,1500
30.328 1 DOWNLINK_STATUS 21 17291 775 0 834. 38. 2.66
30.330 1 ATTITUDE -3.036865 -2.051025 -0.613037
30.336 1 GPS 0 1130805120 0 0 -17000 0 0 0 55000 12 11
30.339 1 BAT 0 0 0 0 0 55 55 0
30.365 1 NAVIGATION 0 2 10801716. -3566302. 1.29394907546e+14 1.29395570246e+14 0 0
30.430 1 ATTITUDE -3.037354 -2.055664 -0.611572
30.437 1 DESIRED -0.74 0.1 5. 16. -45. 805. 2.
30.438 1 ESTIMATOR -17.000002 0.
30.530 1 ATTITUDE -3.037598 -2.060547 -0.608887
30.533 1 WP_MOVED 1 506335. 3566302. 765. 12
30.535 1 CALIBRATION -150. 0
30.583 1 GPS 0 1130805120 0 0 -17000 0 0 0 55250 12 12
30.615 1 NAVIGATION 0 2 10801716. -3566302. 1.29394907546e+14 1.29395570246e+14 0 0
30.630 1 ATTITUDE -3.037354 -2.063965 -0.60791
30.640 1 DESIRED -0.74 0.1 5. 16. -45. 805. 2.
30.730 1 ATTITUDE -3.037354 -2.067139 -0.608154
30.733 1 NAVIGATION_REF 506335 3566302 12
30.830 1 ATTITUDE -3.037354 -2.070068 -0.608398
30.836 1 DESIRED -0.74 0.1 5. 16. -45. 805. 2.
30.842 1 GPS 0 1130805120 0 0 -17000 0 0 0 55500 12 13
30.845 1 IMU_GYRO -0.012695 -0.022217 -0.019043
30.865 1 NAVIGATION 0 2 10801716. -3566302. 1.29394907546e+14 1.29395570246e+14 0 0
30.930 1 ATTITUDE -3.037109 -2.072998 -0.608643
30.932 1 ESTIMATOR -17.000002 1e-06
30.935 1 IMU_ACCEL 8.882812 0.87793 -4.022461
31.030 1 ATTITUDE -3.037354 -2.075439 -0.608887
31.036 1 DESIRED -0.74 0.1 5. 16. -45. 805. 2.
31.039 1 WP_MOVED 2 506254.8125 3566257.5 815. 12
31.044 1 NAVIGATION 0 2 10801716. -3566302. 1.29394907546e+14 1.29395570246e+14 0 0
31.082 1 GPS 0 1130805120 0 0 -17000 0 0 0 55500 12 14
31.112 1 FBW_STATUS 2 0 1 0 0
31.117 1 NAVIGATION 0 2 10801716. -3566302. 1.29394907546e+14 1.29395570246e+14 0 0
31.130 1 ATTITUDE -3.037354 -2.077148 -0.608398
31.131 1 STATE_FILTER_STATUS 3 0
31.230 1 ATTITUDE -3.037109 -2.079834 -0.608643
31.237 1 DESIRED -0.74 0.1 5. 16. -45. 805. 2.
31.238 1 DL_VALUE 1 0.
31.241 1 ENERGY 0. 0. 0 0.
31.328 1 DOWNLINK_STATUS 22 18107 812 0 816. 37. 2.66
31.330 1 ATTITUDE -3.037109 -2.083252 -0.608643
31.336 1 GPS 0 1130805120 0 0 -17000 0 0 0 56000 12 15
31.340 1 ALIVE 37,176,226,237,9,75,50,6,184,30,166,180,60,149,108,159
31.365 1 NAVIGATION 0 2 10801716. -3566302. 1.29394907546e+14 1.29395570246e+14 0 0
31.430 1 ATTITUDE -3.037109 -2.084961 -0.608887
31.436 1 DESIRED -0.74 0.1 5. 16. -45. 805. 2.
31.438 1 ESTIMATOR -17.000002 1e-06
31.441 1 IMU_GYRO -0.014893 -0.012695 -0.014893
31.445 1 BAT 0 0 0 0 0 56 56 0
31.447 1 PPRZ_MODE 2 3 3 0 0 6
31.530 1 ATTITUDE -3.037354 -2.087402 -0.608398
31.533 1 WP_MOVED 3 506350.5 3566257. 805. 12
31.536 1 IMU_MAG -1.694336 -0.946289 1.424316
31.582 1 GPS 0 1130805120 0 0 -17000 0 0 0 56250 12 16
31.615 1 NAVIGATION 0 2 10801716. -3566302. 1.29394907546e+14 1.29395570246e+14 0 0
31.630 1 ATTITUDE -3.037354 -2.088867 -0.608154
31.641 1 DESIRED -0.74 0.1 5. 16. -45. 805. 2.
31.730 1 ATTITUDE -3.03833 -2.089111 -0.600586
31.733 1 IMU_ACCEL 8.084961 0.623047 -4.06543
31.830 1 ATTITUDE -3.037354 -2.088379 -0.613037
31.837 1 DESIRED -0.74 0.1 5. 16. -45. 805. 2.
31.841 1 GPS 0 1130805120 0 0 -17000 0 0 0 56500 12 1
31.844 1 GPS_SOL 795637568 100144 9999 0
31.866 1 NAVIGATION 0 2 10801716. -3566302. 1.29394907546e+14 1.29395570246e+14 0 0
31.930 1 ATTITUDE -3.037109 -2.091064 -0.616211
31.932 1 ESTIMATOR -17.000002 2e-06
31.960 1 SETTING 1 8 1.
31.966 1 DL_VALUE 8 1.
31.979 1 PPRZ_MODE 3 3 3 0 0 6
32.030 1 ATTITUDE -3.036621 -2.094238 -0.617188
32.035 1 WIND_INFO 1 42 0. 0. 0.
32.036 1 DESIRED -0.74 0.1 5. 16. -45. 805. 2.
32.039 1 WP_MOVED 4 506374.40625 3566337.75 805. 12
32.042 1 IMU_GYRO -0.019043 0.011475 -0.013672
32.047 1 NAVIGATION 0 2 10801716. -3566302. 1.29394907546e+14 1.29395570246e+14 0 0
32.083 1 GPS 0 1130805120 0 0 -17000 0 0 0 56500 12 2
32.112 1 PPRZ_MODE 4 3 3 0 0 6
32.117 1 NAVIGATION 0 2 10801716. -3566302. 1.29394907546e+14 1.29395570246e+14 0 0
32.130 1 ATTITUDE -3.036377 -2.096924 -0.61499
32.230 1 ATTITUDE -3.037354 -2.0979 -0.610107
32.236 1 DESIRED 0.3 0.5 5. 16. -45. 805. 2.
32.328 1 DOWNLINK_STATUS 23 18966 851 0 859. 39. 2.66
32.330 1 ATTITUDE -3.036377 -2.098877 -0.614502
32.336 1 GPS 0 1130805120 0 0 -17000 0 0 0 57000 12 3
32.364 1 NAVIGATION 0 2 10801716. -3566302. 1.29394907546e+14 1.29395570246e+14 0 0
32.430 1 ATTITUDE -3.035645 -2.101074 -0.61499
32.436 1 DESIRED 0.3 0.5 5. 16. -45. 805. 2.
32.438 1 ESTIMATOR -17.000002 3e-06
32.530 1 ATTITUDE -3.034912 -2.103516 -0.61499
32.533 1 WP_MOVED 5 506402.3125 3566363.25 820. 12
32.536 1 IMU_ACCEL 10.242188 0.359375 -3.931641
32.540 1 BAT 0 0 0 0 1 57 57 0
32.582 1 GPS 0 1130805120 0 0 -17000 0 0 0 57250 12 4
32.615 1 NAVIGATION 0 2 10801716. -3566302. 1.29394907546e+14 1.29395570246e+14 0 0
32.630 1 ATTITUDE -3.0354 -2.104492 -0.618408
32.643 1 DESIRED 0.3 0.5 5. 16. -45. 805. 2.
32.643 1 IMU_GYRO -0.016846 0.031738 -0.026367
32.643 1 CALIBRATION -150. 0
32.730 1 ATTITUDE -3.035645 -2.106445 -0.619629
32.732 1 DL_VALUE 2 805.
32.734 1 DOWNLINK 4 824 2123
32.830 1 ATTITUDE -3.037354 -2.108154 -0.62085
32.836 1 DESIRED 0.3 0.5 5. 16. -45. 805. 2.
32.841 1 GPS 0 1130805120 0 0 -17000 0 0 0 57500 12 5
32.845 1 IMU_MAG -1.68457 -0.943359 1.401367
32.865 1 NAVIGATION 0 2 10801716. -3566302. 1.29394907546e+14 1.29395570246e+14 0 0
32.930 1 ATTITUDE -3.03833 -2.10791 -0.619141
32.932 1 ESTIMATOR -17.000002 3e-06
33.030 1 ATTITUDE -3.037354 -2.108887 -0.618164
33.036 1 DESIRED 0.3 0.5 5. 16. -45. 805. 2.
33.039 1 WP_MOVED 6 506374.40625 3566337.75 820. 12
33.044 1 NAVIGATION 0 2 10801716. -3566302. 1.29394907546e+14 1.29395570246e+14 0 0
33.082 1 GPS 0 1130805120 0 0 -17000 0 0 0 57500 12 6
33.112 1 FBW_STATUS 2 0 1 0 0
33.117 1 NAVIGATION 0 2 10801716. -3566302. 1.29394907546e+14 1.29395570246e+14 0 0
33.130 1 ATTITUDE -3.037598 -2.110107 -0.616943
33.230 1 ATTITUDE -3.037354 -2.111084 -0.61377
33.236 1 DESIRED 0.3 0.5 5. 16. -45. 805. 2.
33.239 1 IMU_GYRO -0.012695 -0.076416 -0.019043
33.329 1 DOWNLINK_STATUS 24 19785 888 0 819. 37. 2.66
33.330 1 ATTITUDE -3.037354 -2.111328 -0.613037
33.335 1 GPS 0 1130805120 0 0 -17000 0 0 0 58000 12 7
33.339 1 IMU_ACCEL 9.045898 0.892578 -4.12207
33.340 1 STATE_FILTER_STATUS 3 0
33.364 1 NAVIGATION 0 2 10801716. -3566302. 1.29394907546e+14 1.29395570246e+14 0 0
33.430 1 ATTITUDE -3.037354 -2.112061 -0.61499
33.436 1 DESIRED 0.3 0.5 5. 16. -45. 805. 2.
33.438 1 ESTIMATOR -17.000002 4e-06
33.530 1 ATTITUDE -3.036377 -2.113037 -0.618408
33.533 1 WP_MOVED 7 506350.5 3566270.75 805. 12
33.583 1 GPS 0 1130805120 0 0 -17000 0 0 0 58250 12 8
33.615 1 NAVIGATION 0 2 10801716. -3566302. 1.29394907546e+14 1.29395570246e+14 0 0
33.630 1 ATTITUDE -3.036377 -2.113281 -0.618896
33.637 1 DESIRED 0.3 0.5 5. 16. -45. 805. 2.
33.643 1 BAT 0 0 0 0 1 58 58 0
33.730 1 ATTITUDE -3.037354 -2.114014 -0.614746
33.733 1 ENERGY 0. 0. 0 0.
33.830 1 ATTITUDE -3.036865 -2.115967 -0.616455
33.836 1 DESIRED 0.3 0.5 5. 16. -45. 805. 2.
33.841 1 GPS 0 1130805120 0 0 -17000 0 0 0 58500 12 9
33.844 1 IMU_GYRO -0.008301 -0.023193 -0.026367
33.847 1 GPS_SOL 795639488 100149 9999 0
33.864 1 NAVIGATION 0 2 10801716. -3566302. 1.29394907546e+14 1.29395570246e+14 0 0
33.930 1 ATTITUDE -3.035645 -2.115723 -0.611572
33.932 1 ESTIMATOR -17. 4e-06
34.030 1 ATTITUDE -3.035156 -2.114502 -0.611816
34.036 1 DESIRED 0.3 0.5 5. 16. -45. 805. 2.
34.039 1 WP_MOVED 8 506254.8125 3566257.5 815. 12
34.044 1 NAVIGATION 0 2 10801716. -3566302. 1.29394907546e+14 1.29395570246e+14 0 0
34.083 1 GPS 0 1130805120 0 0 -17000 0 0 0 58500 12 10
34.114 1 NAVIGATION 0 2 10801716. -3566302. 1.29394907546e+14 1.29395570246e+14 0 0
34.130 1 ATTITUDE -3.0354 -2.114014 -0.61792
34.133 1 IMU_ACCEL 8.950195 0.800781 -3.90332
34.136 1 IMU_MAG -1.711914 -0.9375 1.415527
34.230 1 ATTITUDE -3.035156 -2.114258 -0.62085
34.236 1 DESIRED 0.3 0.5 5. 16. -45. 805. 2.
34.238 1 DL_VALUE 3 0.
34.329 1 DOWNLINK_STATUS 25 20614 925 0 829. 37. 2.66
34.330 1 ATTITUDE -3.034668 -2.11377 -0.618652
34.335 1 GPS 0 1130805120 0 0 -17000 0 0 0 58750 12 11
34.364 1 NAVIGATION 0 2 10801716. -3566302. 1.29394907546e+14 1.29395570246e+14 0 0
34.430 1 ATTITUDE -3.03418 -2.113281 -0.625244
34.436 1 DESIRED 0.3 0.5 5. 16. -45. 805. 2.
34.438 1 ESTIMATOR -16.999998 3e-06
34.441 1 IMU_GYRO -0.008301 -0.070068 -0.015869
34.530 1 ATTITUDE -3.034424 -2.114258 -0.623535
34.533 1 WP_MOVED 9 506213.8125 3566287.5 815. 12
34.582 1 GPS 0 1130805120 0 0 -17000 0 0 0 59250 12 12
34.614 1 NAVIGATION 0 2 10801716. -3566302. 1.29394907546e+14 1.29395570246e+14 0 0
34.630 1 ATTITUDE -3.033936 -2.115234 -0.626221
34.636 1 DESIRED 0.3 0.5 5. 16. -45. 805. 2.
34.730 1 ATTITUDE -3.033691 -2.115479 -0.626709
34.733 1 BAT 0 0 0 0 1 59 59 0
34.735 1 CALIBRATION -150. 0
34.821 1 PONG 
34.830 1 ATTITUDE -3.033691 -2.115723 -0.627197
34.836 1 DESIRED 0.3 0.5 5. 16. -45. 805. 2.
34.841 1 GPS 0 1130805120 0 0 -17000 0 0 0 59500 12 13
34.865 1 NAVIGATION 0 2 10801716. -3566302. 1.29394907546e+14 1.29395570246e+14 0 0
34.930 1 ATTITUDE -3.033936 -2.115479 -0.626709
34.932 1 ESTIMATOR -16.999998 3e-06
34.935 1 IMU_ACCEL 8.993164 0.950195 -3.960938
35.030 1 ATTITUDE -3.033691 -2.115967 -0.627441
35.036 1 DESIRED 0.3 0.5 5. 16. -45. 805. 2.
35.039 1 WP_MOVED 0 506377. 3566344. 900. 12
35.042 1 IMU_GYRO -0.012695 0.003174 -0.018066
35.047 1 NAVIGATION 0 2 10801716. -3566302. 1.29394907546e+14 1.29395570246e+14 0 0
35.082 1 GPS 0 1130805120 0 0 -17000 0 0 0 59500 12 14
35.112 1 FBW_STATUS 2 0 1 0 0
35.117 1 NAVIGATION 0 2 10801716. -3566302. 1.29394907546e+14 1.29395570246e+14 0 0
35.130 1 ATTITUDE -3.033691 -2.116211 -0.627441
35.212 1 COMMANDS 0,-9600,-6199,0
35.230 1 ATTITUDE -3.033447 -2.117188 -0.627441
35.236 1 DESIRED 0.3 0.5 5. 16. -45. 805. 2.
35.312 1 ACTUATORS 1000,1533,1017,1500
35.329 1 DOWNLINK_STATUS 26 21429 962 0 815. 37. 2.74
35.330 1 ATTITUDE -3.033447 -2.118408 -0.627686
35.335 1 GPS 0 1130805120 0 0 -17000 0 0 0 60000 12 15
35.365 1 NAVIGATION 0 2 10801716. -3566302. 1.29394907546e+14 1.29395570246e+14 0 0
35.430 1 ATTITUDE -3.033447 -2.118408 -0.627686
35.437 1 DESIRED 0.3 0.5 5. 16. -45. 805. 2.
35.438 1 ESTIMATOR -16.999998 2e-06
35.441 1 IMU_MAG -1.704102 -0.94043 1.406738
35.530 1 ATTITUDE -3.033447 -2.119141 -0.62793
35.533 1 WP_MOVED 1 506335. 3566302. 765. 12
35.535 1 STATE_FILTER_STATUS 3 0
35.583 1 GPS 0 1130805120 0 0 -17000 0 0 0 60250 12 16
35.614 1 NAVIGATION 0 2 10801716. -3566302. 1.29394907546e+14 1.29395570246e+14 0 0
35.631 1 ATTITUDE -3.033691 -2.119385 -0.627686
35.636 1 DESIRED 0.3 0.5 5. 16. -45. 805. 2.
35.646 1 IMU_GYRO -0.014893 -0.018066 -0.013672
35.730 1 ATTITUDE -3.033691 -2.119873 -0.627686
35.733 1 IMU_ACCEL 8.950195 0.902344 -3.960938
35.735 1 DL_VALUE 4 0.
35.830 1 ATTITUDE -3.033691 -2.120605 -0.62793
35.836 1 DESIRED 0.3 0.5 5. 16. -45. 805. 2.
35.841 1 GPS 0 1130805120 0 0 -17000 0 0 0 60500 12 1
35.845 1 BAT 0 0 0 0 1 60 60 0
35.848 1 GPS_SOL 795641472 100155 9999 0
35.865 1 NAVIGATION 0 2 10801716. -3566302. 1.29394907546e+14 1.29395570246e+14 0 0
35.930 1 ATTITUDE -3.033447 -2.121094 -0.627441
35.932 1 ESTIMATOR -16.999998 2e-06
36.030 1 ATTITUDE -3.033691 -2.12085 -0.627686
36.035 1 DESIRED 0.3 0.5 5. 16. -45. 805. 2.
36.039 1 WP_MOVED 2 506254.8125 3566257.5 815. 12
36.043 1 NAVIGATION 0 2 10801716. -3566302. 1.29394907546e+14 1.29395570246e+14 0 0
36.083 1 GPS 0 1130805120 0 0 -17000 0 0 0 60500 12 2
36.114 1 NAVIGATION 0 2 10801716. -3566302. 1.29394907546e+14 1.29395570246e+14 0 0
36.131 1 ATTITUDE -3.03418 -2.121338 -0.622803
36.230 1 ATTITUDE -3.033447 -2.121582 -0.625732
36.235 1 DESIRED 0.3 0.5 5. 16. -45. 805. 2.
36.239 1 IMU_GYRO -0.019043 -0.037109 -0.022217
36.242 1 ENERGY 0. 0. 0 0.
36.329 1 DOWNLINK_STATUS 27 22258 999 0 829. 37. 2.74
36.330 1 ATTITUDE -3.033936 -2.120605 -0.627197
36.335 1 GPS 0 1130805120 0 0 -17000 0 0 0 61000 12 3
36.339 1 ALIVE 37,176,226,237,9,75,50,6,184,30,166,180,60,149,108,159
36.365 1 NAVIGATION 0 2 10801716. -3566302. 1.29394907546e+14 1.29395570246e+14 0 0
36.430 1 ATTITUDE -3.033936 -2.120117 -0.627197
36.435 1 DESIRED 0.3 0.5 5. 16. -45. 805. 2.
36.438 1 ESTIMATOR -16.999998 1e-06
36.440 1 PPRZ_MODE 4 1 2 0 0 6
36.530 1 ATTITUDE -3.033936 -2.120605 -0.626953
36.533 1 WP_MOVED 3 506350.5 3566257. 805. 12
36.536 1 IMU_ACCEL 8.983398 0.998047 -3.894531
36.582 1 GPS 0 1130805120 0 0 -17000 0 0 0 61250 12 4
36.614 1 NAVIGATION 0 2 10801716. -3566302. 1.29394907546e+14 1.29395570246e+14 0 0
36.630 1 ATTITUDE -3.033936 -2.120361 -0.626953
36.635 1 DESIRED 0.3 0.5 5. 16. -45. 805. 2.
36.730 1 ATTITUDE -3.033936 -2.120117 -0.627197
36.733 1 IMU_MAG -1.708984 -0.943359 1.395508
36.829 1 ATTITUDE -3.033691 -2.119873 -0.626953
36.835 1 DESIRED 0.3 0.5 5. 16. -45. 805. 2.
36.841 1 GPS 0 1130805120 0 0 -17000 0 0 0 61500 12 5
36.844 1 IMU_GYRO -0.012695 -0.007324 -0.018066
36.846 1 CALIBRATION -150. 0
36.864 1 NAVIGATION 0 2 10801716. -3566302. 1.29394907546e+14 1.29395570246e+14 0 0
36.930 1 ATTITUDE -3.033691 -2.119873 -0.627197
36.932 1 ESTIMATOR -16.999998 0.
36.935 1 BAT 0 0 0 0 1 61 61 0
37.029 1 ATTITUDE -3.033691 -2.120361 -0.627686
37.035 1 DESIRED 0.3 0.5 5. 16. -45. 805. 2.
37.039 1 WP_MOVED 4 506374.40625 3566337.75 805. 12
37.043 1 NAVIGATION 0 2 10801716. -3566302. 1.29394907546e+14 1.29395570246e+14 0 0
37.083 1 GPS 0 1130805120 0 0 -17000 0 0 0 61500 12 6
37.114 1 NAVIGATION 0 2 10801716. -3566302. 1.29394907546e+14 1.29395570246e+14 0 0
37.117 1 FBW_STATUS 2 0 1 0 0
37.130 1 ATTITUDE -3.033691 -2.120361 -0.627686
37.230 1 ATTITUDE -3.033203 -2.121582 -0.627686
37.235 1 DESIRED 0.3 0.5 5. 16. -45. 805. 2.
37.237 1 DL_VALUE 5 0.
37.330 1 ATTITUDE -3.030029 -2.123535 -0.635986
37.330 1 DOWNLINK_STATUS 28 23101 1037 0 843. 38. 2.74
37.335 1 GPS 0 1130805120 0 0 -17000 0 0 0 62000 12 7
37.338 1 IMU_ACCEL 8.257812 1.208984 -4.188477
37.364 1 NAVIGATION 0 2 10801716. -3566302. 1.29394907546e+14 1.29395570246e+14 0 0
37.430 1 ATTITUDE -3.030029 -2.126221 -0.63916
37.435 1 DESIRED 0.3 0.5 5. 16. -45. 805. 2.
37.438 1 ESTIMATOR -16.999998 -0.
37.441 1 IMU_GYRO 0. 0.060547 0.000977
37.529 1 ATTITUDE -3.030518 -2.128174 -0.640381
37.533 1 WP_MOVED 5 506402.3125 3566363.25 820. 12
37.583 1 GPS 0 1130805120 0 0 -17000 0 0 0 62250 12 8
37.614 1 NAVIGATION 0 2 10801716. -3566302. 1.29394907546e+14 1.29395570246e+14 0 0
37.629 1 ATTITUDE -3.030273 -2.129639 -0.640869
37.635 1 DESIRED 0.3 0.5 5. 16. -45. 805. 2.
37.729 1 ATTITUDE -3.031006 -2.131592 -0.641357
37.731 1 STATE_FILTER_STATUS 3 0
37.829 1 ATTITUDE -3.031494 -2.132568 -0.641846
37.835 1 DESIRED 0.3 0.5 5. 16. -45. 805. 2.
37.841 1 GPS 0 1130805120 0 0 -17000 0 0 0 62500 12 9
37.844 1 GPS_SOL 795643648 100160 9999 0
37.846 1 DOWNLINK 4 820 2310
37.864 1 NAVIGATION 0 2 10801716. -3566302. 1.29394907546e+14 1.29395570246e+14 0 0
37.929 1 ATTITUDE -3.031494 -2.134033 -0.641602
37.932 1 ESTIMATOR -16.999998 -1e-06
38.029 1 ATTITUDE -3.031494 -2.135498 -0.641357
38.035 1 DESIRED 0.3 0.5 5. 16. -45. 805. 2.
38.039 1 WP_MOVED 6 506374.40625 3566337.75 820. 12
38.042 1 IMU_GYRO -0.014893 -0.014893 -0.015869
38.046 1 NAVIGATION 0 2 10801716. -3566302. 1.29394907546e+14 1.29395570246e+14 0 0
38.082 1 GPS 0 1130805120 0 0 -17000 0 0 0 62500 12 10
38.115 1 NAVIGATION 0 2 10801716. -3566302. 1.29394907546e+14 1.29395570246e+14 0 0
38.129 1 ATTITUDE -3.031494 -2.135986 -0.640869
38.133 1 IMU_ACCEL 9.00293 0.96875 -3.818359
38.229 1 ATTITUDE -3.031494 -2.136719 -0.640625
38.235 1 DESIRED 0.3 0.5 5. 16. -45. 805. 2.
38.329 1 ATTITUDE -3.031494 -2.136719 -0.640625
38.330 1 DOWNLINK_STATUS 29 23890 1072 0 789. 35. 2.74
38.335 1 GPS 0 1130805120 0 0 -17000 0 0 0 62750 12 11
38.364 1 NAVIGATION 0 2 10801716. -3566302. 1.29394907546e+14 1.29395570246e+14 0 0
38.429 1 ATTITUDE -3.031494 -2.137207 -0.640137
38.436 1 DESIRED 0.3 0.5 5. 16. -45. 805. 2.
38.438 1 ESTIMATOR -16.999998 -1e-06
38.529 1 ATTITUDE -3.031494 -2.137939 -0.640137
38.533 1 WP_MOVED 7 506350.5 3566270.75 805. 12
38.582 1 GPS 0 1130805120 0 0 -17000 0 0 0 63250 12 12
38.615 1 NAVIGATION 0 2 10801716. -3566302. 1.29394907546e+14 1.29395570246e+14 0 0
38.629 1 ATTITUDE -3.031494 -2.137695 -0.640381
38.635 1 DESIRED 0.3 0.5 5. 16. -45. 805. 2.
38.638 1 IMU_GYRO -0.016846 -0.025391 -0.015869
38.730 1 ATTITUDE -3.031494 -2.136963 -0.640381
38.731 1 DL_VALUE 6 100.
38.736 1 ENERGY 0. 0. 0 0.
38.829 1 ATTITUDE -3.03125 -2.136963 -0.642578
38.835 1 DESIRED 0.3 0.5 5. 16. -45. 805. 2.
38.841 1 GPS 0 1130805120 0 0 -17000 0 0 0 63500 12 13
38.864 1 NAVIGATION 0 2 10801716. -3566302. 1.29394907546e+14 1.29395570246e+14 0 0
38.929 1 ATTITUDE -3.03125 -2.136963 -0.642822
38.932 1 ESTIMATOR -16.999998 -2e-06
38.935 1 IMU_ACCEL 9.026367 0.935547 -3.760742
38.937 1 CALIBRATION -150. 0
39.029 1 ATTITUDE -3.031494 -2.137207 -0.643066
39.035 1 DESIRED 0.3 0.5 5. 16. -45. 805. 2.
39.039 1 WP_MOVED 8 506254.8125 3566257.5 815. 12
39.043 1 NAVIGATION 0 2 10801716. -3566302. 1.29394907546e+14 1.29395570246e+14 0 0
39.082 1 GPS 0 1130805120 0 0 -17000 0 0 0 63500 12 14
39.112 1 FBW_STATUS 2 0 1 0 0
39.117 1 NAVIGATION 0 2 10801716. -3566302. 1.29394907546e+14 1.29395570246e+14 0 0
39.129 1 ATTITUDE -3.031738 -2.136963 -0.642822
39.133 1 BAT 0 0 0 0 1 64 64 0
39.229 1 ATTITUDE -3.031738 -2.137939 -0.64209
39.236 1 DESIRED 0.3 0.5 5. 16. -45. 805. 2.
39.238 1 IMU_GYRO -0.014893 -0.019043 -0.016846
39.329 1 ATTITUDE -3.031738 -2.138916 -0.641846
39.330 1 DOWNLINK_STATUS 30 24700 1108 0 810. 36. 2.74
39.335 1 GPS 0 1130805120 0 0 -17000 0 0 0 64000 12 15
39.338 1 IMU_MAG -1.70166 -0.943359 1.383789
39.364 1 NAVIGATION 0 2 10801716. -3566302. 1.29394907546e+14 1.29395570246e+14 0 0
39.429 1 ATTITUDE -3.031982 -2.139404 -0.64209
39.435 1 DESIRED 0.3 0.5 5. 16. -45. 805. 2.
39.438 1 ESTIMATOR -16.999998 -2e-06
39.529 1 ATTITUDE -3.031982 -2.140137 -0.64209
39.533 1 WP_MOVED 9 506213.8125 3566287.5 815. 12
39.582 1 GPS 0 1130805120 0 0 -17000 0 0 0 64250 12 16
39.615 1 NAVIGATION 0 2 10801716. -3566302. 1.29394907546e+14 1.29395570246e+14 0 0
39.629 1 ATTITUDE -3.031738 -2.141113 -0.64209
39.635 1 DESIRED 0.3 0.5 5. 16. -45. 805. 2.
39.729 1 ATTITUDE -3.031982 -2.141602 -0.641846
39.732 1 IMU_ACCEL 9.041016 0.945312 -3.793945
39.735 1 NAVIGATION_REF 506335 3566302 12
39.822 1 PONG 
39.829 1 ATTITUDE -3.031738 -2.141846 -0.641602
39.835 1 DESIRED 0.3 0.5 5. 16. -45. 805. 2.
39.841 1 GPS 0 1130805120 0 0 -17000 0 0 0 64500 12 1
39.844 1 IMU_GYRO -0.016846 -0.007324 -0.014893
39.847 1 GPS_SOL 795645824 100166 9999 0
39.864 1 NAVIGATION 0 2 10801716. -3566302. 1.29394907546e+14 1.29395570246e+14 0 0
39.929 1 ATTITUDE -3.031738 -2.141602 -0.641846
39.932 1 ESTIMATOR -16.999998 -3e-06
39.933 1 STATE_FILTER_STATUS 3 0
40.029 1 ATTITUDE -3.031738 -2.141846 -0.64209
40.035 1 DESIRED 0.3 0.5 5. 16. -45. 805. 2.
40.039 1 WP_MOVED 0 506377. 3566344. 900. 12
40.043 1 NAVIGATION 0 2 10801716. -3566302. 1.29394907546e+14 1.29395570246e+14 0 0
40.082 1 GPS 0 1130805120 0 0 -17000 0 0 0 64500 12 2
40.114 1 NAVIGATION 0 2 10801716. -3566302. 1.29394907546e+14 1.29395570246e+14 0 0
40.129 1 ATTITUDE -3.031982 -2.141602 -0.640869
40.212 1 COMMANDS 0,-9600,-6276,0
40.229 1 ATTITUDE -3.031982 -2.140869 -0.640869
40.235 1 DESIRED 0.3 0.5 5. 16. -45. 805. 2.
40.239 1 BAT 0 0 0 0 1 65 65 0
40.241 1 DL_VALUE 7 4.
40.312 1 ACTUATORS 1000,1536,1014,1500
40.329 1 ATTITUDE -3.031982 -2.140381 -0.640869
40.330 1 DOWNLINK_STATUS 31 25542 1147 0 842. 39. 2.94
40.335 1 GPS 0 1130805120 0 0 -17000 0 0 0 65000 12 3
40.364 1 NAVIGATION 0 2 10801716. -3566302. 1.29394907546e+14 1.29395570246e+14 0 0
40.429 1 ATTITUDE -3.031494 -2.139893 -0.640869
40.436 1 DESIRED 0.3 0.5 5. 16. -45. 805. 2.
40.438 1 ESTIMATOR -16.999998 -4e-06
40.441 1 IMU_GYRO 0.006348 -0.153076 0.049805
40.529 1 ATTITUDE -3.032715 -2.137939 -0.639648
40.533 1 WP_MOVED 1 506335. 3566302. 765. 12
40.536 1 IMU_ACCEL 9.083984 0.916016 -3.790039
40.582 1 GPS 0 1130805120 0 0 -17000 0 0 0 65250 12 4
40.614 1 NAVIGATION 0 2 10801716. -3566302. 1.29394907546e+14 1.29395570246e+14 0 0
40.629 1 ATTITUDE -3.032959 -2.137207 -0.639404
40.635 1 DESIRED 0.3 0.5 5. 16. -45. 805. 2.
40.638 1 IMU_MAG -1.708984 -0.94043 1.386719
40.729 1 ATTITUDE -3.034424 -2.135254 -0.63916
40.829 1 ATTITUDE -3.035645 -2.134277 -0.643555
40.835 1 DESIRED 0.3 0.5 5. 16. -45. 805. 2.
40.841 1 GPS 0 1130805120 0 0 -17000 0 0 0 65500 12 5
40.865 1 NAVIGATION 0 2 10801716. -3566302. 1.29394907546e+14 1.29395570246e+14 0 0
40.929 1 ATTITUDE -3.033203 -2.135498 -0.63916
40.932 1 ESTIMATOR -17. -4e-06
41.029 1 ATTITUDE -3.032959 -2.136719 -0.640869
41.035 1 DESIRED 0.3 0.5 5. 16. -45. 805. 2.
41.039 1 WP_MOVED 2 506254.8125 3566257.5 815. 12
41.042 1 IMU_GYRO -0.008301 0.07959 -0.005127
41.046 1 NAVIGATION 0 2 10801716. -3566302. 1.29394907546e+14 1.29395570246e+14 0 0
41.048 1 CALIBRATION -150. 0
41.082 1 GPS 0 1130805120 0 0 -17000 0 0 0 65500 12 6
41.114 1 NAVIGATION 0 2 10801716. -3566302. 1.29394907546e+14 1.29395570246e+14 0 0
41.116 1 FBW_STATUS 2 0 1 0 0
41.129 1 ATTITUDE -3.032715 -2.136719 -0.643799
41.229 1 ATTITUDE -3.031738 -2.137939 -0.642822
41.235 1 DESIRED 0.3 0.5 5. 16. -45. 805. 2.
41.239 1 ENERGY 0. 0. 0 0.
41.329 1 ATTITUDE -3.03125 -2.138672 -0.641846
41.330 1 DOWNLINK_STATUS 32 26339 1182 0 797. 35. 2.94
41.335 1 GPS 0 1130805120 0 0 -17000 0 0 0 66000 12 7
41.338 1 IMU_ACCEL 9.055664 0.963867 -3.861328
41.342 1 BAT 0 0 0 0 1 66 66 0
41.346 1 ALIVE 37,176,226,237,9,75,50,6,184,30,166,180,60,149,108,159
41.364 1 NAVIGATION 0 2 10801716. -3566302. 1.29394907546e+14 1.29395570246e+14 0 0
41.429 1 ATTITUDE -3.03125 -2.139893 -0.643066
41.435 1 DESIRED 0.3 0.5 5. 16. -45. 805. 2.
41.438 1 ESTIMATOR -17.000002 -3e-06
41.440 1 PPRZ_MODE 4 1 2 0 0 6
41.529 1 ATTITUDE -3.031494 -2.140625 -0.643311
41.533 1 WP_MOVED 3 506350.5 3566257. 805. 12
41.583 1 GPS 0 1130805120 0 0 -17000 0 0 0 66250 12 8
41.615 1 NAVIGATION 0 2 10801716. -3566302. 1.29394907546e+14 1.29395570246e+14 0 0
41.629 1 ATTITUDE -3.03125 -2.141113 -0.643066
41.635 1 DESIRED 0.3 0.5 5. 16. -45. 805. 2.
41.638 1 IMU_GYRO -0.014893 0.028564 -0.018066
41.729 1 ATTITUDE -3.03125 -2.142822 -0.644043
41.731 1 DL_VALUE 8 1.
41.829 1 ATTITUDE -3.031006 -2.143066 -0.64502
41.835 1 DESIRED 0.3 0.5 5. 16. -45. 805. 2.
41.841 1 GPS 0 1130805120 0 0 -17000 0 0 0 66500 12 9
41.844 1 GPS_SOL 795648128 100172 9999 0
41.864 1 NAVIGATION 0 2 10801716. -3566302. 1.29394907546e+14 1.29395570246e+14 0 0
41.930 1 ATTITUDE -3.03125 -2.143799 -0.643799
41.932 1 ESTIMATOR -17.000002 -3e-06
41.935 1 IMU_MAG -1.70166 -0.946289 1.403809
42.029 1 ATTITUDE -3.03125 -2.144531 -0.643311
42.036 1 WIND_INFO 1 42 0. 0. 0.
42.036 1 DESIRED 0.3 0.5 5. 16. -45. 805. 2.
42.039 1 WP_MOVED 4 506374.40625 3566337.75 805. 12
42.043 1 NAVIGATION 0 2 10801716. -3566302. 1.29394907546e+14 1.29395570246e+14 0 0
42.082 1 GPS 0 1130805120 0 0 -17000 0 0 0 66500 12 10
42.114 1 NAVIGATION 0 2 10801716. -3566302. 1.29394907546e+14 1.29395570246e+14 0 0
42.129 1 ATTITUDE -3.03125 -2.144531 -0.642334
42.133 1 IMU_ACCEL 9.228516 0.973633 -3.780273
42.134 1 STATE_FILTER_STATUS 3 0
42.229 1 ATTITUDE -3.03125 -2.144287 -0.643799
42.235 1 DESIRED 0.3 0.5 5. 16. -45. 805. 2.
42.238 1 IMU_GYRO -0.014893 -0.024414 -0.014893
42.329 1 ATTITUDE -3.031738 -2.143311 -0.642822
42.330 1 DOWNLINK_STATUS 33 27201 1221 0 862. 39. 2.94
42.335 1 GPS 0 1130805120 0 0 -17000 0 0 0 67000 12 11
42.364 1 NAVIGATION 0 2 10801716. -3566302. 1.29394907546e+14 1.29395570246e+14 0 0
42.429 1 ATTITUDE -3.031738 -2.143311 -0.641846
42.435 1 DESIRED 0.3 0.5 5. 16. -45. 805. 2.
42.438 1 ESTIMATOR -17.000002 -2e-06
42.441 1 BAT 0 0 0 0 1 67 67 0
42.530 1 ATTITUDE -3.031738 -2.143799 -0.641602
42.533 1 WP_MOVED 5 506402.3125 3566363.25 820. 12
42.582 1 GPS 0 1130805120 0 0 -17000 0 0 0 67250 12 12
42.615 1 NAVIGATION 0 2 10801716. -3566302. 1.29394907546e+14 1.29395570246e+14 0 0
42.629 1 ATTITUDE -3.03125 -2.143555 -0.642334
42.636 1 DESIRED 0.3 0.5 5. 16. -45. 805. 2.
42.729 1 ATTITUDE -3.031494 -2.143066 -0.643066
42.829 1 ATTITUDE -3.031006 -2.142334 -0.64209
42.835 1 DESIRED 0.3 0.5 5. 16. -45. 805. 2.
42.841 1 GPS 0 1130805120 0 0 -17000 0 0 0 67500 12 13
42.844 1 IMU_GYRO -0.014893 -0.008301 -0.019043
42.864 1 NAVIGATION 0 2 10801716. -3566302. 1.29394907546e+14 1.29395570246e+14 0 0
42.929 1 ATTITUDE -3.031006 -2.142334 -0.642334
42.932 1 ESTIMATOR -17.000002 -2e-06
42.935 1 IMU_ACCEL 9.045898 0.94043 -3.808594
42.937 1 DOWNLINK 6 814 2496
43.029 1 ATTITUDE -3.031006 -2.14209 -0.64209
43.035 1 DESIRED 0.3 0.5 5. 16. -45. 805. 2.
43.039 1 WP_MOVED 6 506374.40625 3566337.75 820. 12
43.043 1 NAVIGATION 0 2 10801716. -3566302. 1.29394907546e+14 1.29395570246e+14 0 0
43.082 1 GPS 0 1130805120 0 0 -17000 0 0 0 67500 12 14
43.112 1 FBW_STATUS 2 0 1 0 0
43.116 1 NAVIGATION 0 2 10801716. -3566302. 1.29394907546e+14 1.29395570246e+14 0 0
43.129 1 ATTITUDE -3.030762 -2.141357 -0.64209
43.131 1 CALIBRATION -150. 0
43.229 1 ATTITUDE -3.031738 -2.141602 -0.642578
43.235 1 DESIRED 0.3 0.5 5. 16. -45. 805. 2.
43.238 1 IMU_MAG -1.70166 -0.943359 1.398438
43.240 1 DL_VALUE 9 1.
43.329 1 ATTITUDE -3.031738 -2.14209 -0.641113
43.331 1 DOWNLINK_STATUS 34 28002 1257 0 801. 36. 2.94
43.335 1 GPS 0 1130805120 0 0 -17000 0 0 0 68000 12 15
43.364 1 NAVIGATION 0 2 10801716. -3566302. 1.29394907546e+14 1.29395570246e+14 0 0
43.429 1 ATTITUDE -3.031738 -2.141846 -0.639648
43.435 1 DESIRED 0.3 0.5 5. 16. -45. 805. 2.
43.437 1 ESTIMATOR -17.000002 -1e-06
43.441 1 IMU_GYRO -0.016846 0.013672 -0.015869
43.529 1 ATTITUDE -3.031494 -2.142334 -0.641357
43.533 1 WP_MOVED 7 506350.5 3566270.75 805. 12
43.536 1 BAT 0 0 0 0 1 68 68 0
43.582 1 GPS 0 1130805120 0 0 -17000 0 0 0 68250 12 16
43.614 1 NAVIGATION 0 2 10801716. -3566302. 1.29394907546e+14 1.29395570246e+14 0 0
43.629 1 ATTITUDE -3.031494 -2.142578 -0.641846
43.635 1 DESIRED 0.3 0.5 5. 16. -45. 805. 2.
43.729 1 ATTITUDE -3.031494 -2.143066 -0.641602
43.732 1 IMU_ACCEL 9.050781 0.897461 -3.760742
43.736 1 ENERGY 0. 0. 0 0.
43.829 1 ATTITUDE -3.031738 -2.142822 -0.641602
43.835 1 DESIRED 0.3 0.5 5. 16. -45. 805. 2.
43.841 1 GPS 0 1130805120 0 0 -17000 0 0 0 68500 12 1
43.844 1 GPS_SOL 795650432 100177 9999 0
43.864 1 NAVIGATION 0 2 10801716. -3566302. 1.29394907546e+14 1.29395570246e+14 0 0
43.929 1 ATTITUDE -3.031738 -2.143066 -0.641113
43.932 1 ESTIMATOR -17.000002 -0.
44.029 1 ATTITUDE -3.031494 -2.144531 -0.640869
44.035 1 DESIRED 0.3 0.5 5. 16. -45. 805. 2.
44.038 1 WP_MOVED 8 506254.8125 3566257.5 815. 12
44.042 1 IMU_GYRO -0.014893 -0.008301 -0.016846
44.047 1 NAVIGATION 0 2 10801716. -3566302. 1.29394907546e+14 1.29395570246e+14 0 0
44.083 1 GPS 0 1130805120 0 0 -17000 0 0 0 68500 12 2
44.115 1 NAVIGATION 0 2 10801716. -3566302. 1.29394907546e+14 1.29395570246e+14 0 0
44.129 1 ATTITUDE -3.03125 -2.145752 -0.641357
44.229 1 ATTITUDE -3.031006 -2.145508 -0.647705
44.235 1 DESIRED 0.3 0.5 5. 16. -45. 805. 2.
44.330 1 ATTITUDE -3.031006 -2.144287 -0.64624
44.331 1 DOWNLINK_STATUS 35 28793 1291 0 791. 34. 2.94
44.335 1 GPS 0 1130805120 0 0 -17000 0 0 0 69000 12 3
44.336 1 STATE_FILTER_STATUS 3 0
44.365 1 NAVIGATION 0 2 10801716. -3566302. 1.29394907546e+14 1.29395570246e+14 0 0
44.429 1 ATTITUDE -3.030029 -2.14502 -0.64502
44.435 1 DESIRED 0.3 0.5 5. 16. -45. 805. 2.
44.437 1 ESTIMATOR -17.000002 0.
44.529 1 ATTITUDE -3.030762 -2.145752 -0.644775
44.532 1 WP_MOVED 9 506213.8125 3566287.5 815. 12
44.536 1 IMU_ACCEL 8.950195 0.887695 -3.832031
44.539 1 IMU_MAG -1.699219 -0.943359 1.386719
44.582 1 GPS 0 1130805120 0 0 -17000 0 0 0 69250 12 4
44.614 1 NAVIGATION 0 2 10801716. -3566302. 1.29394907546e+14 1.29395570246e+14 0 0
44.629 1 ATTITUDE -3.030273 -2.146484 -0.644043
44.635 1 DESIRED 0.3 0.5 5. 16. -45. 805. 2.
44.638 1 IMU_GYRO -0.014893 -0.013672 -0.016846
44.642 1 BAT 0 0 0 0 1 69 69 0
44.729 1 ATTITUDE -3.030029 -2.145752 -0.644531
44.731 1 DL_VALUE 10 0.
44.823 1 PONG 
44.829 1 ATTITUDE -3.030518 -2.144287 -0.64502
44.835 1 DESIRED 0.3 0.5 5. 16. -45. 805. 2.
44.842 1 GPS 0 1130805120 0 0 -17000 0 0 0 69500 12 5
44.864 1 NAVIGATION 0 2 10801716. -3566302. 1.29394907546e+14 1.29395570246e+14 0 0
44.929 1 ATTITUDE -3.030518 -2.145752 -0.644287
44.931 1 ESTIMATOR -17.000002 1e-06
45.029 1 ATTITUDE -3.029297 -2.146729 -0.642822
45.035 1 DESIRED 0.3 0.5 5. 16. -45. 805. 2.
45.038 1 WP_MOVED 0 506377. 3566344. 900. 12
45.043 1 NAVIGATION 0 2 10801716. -3566302. 1.29394907546e+14 1.29395570246e+14 0 0
45.083 1 GPS 0 1130805120 0 0 -17000 0 0 0 69500 12 6
45.114 1 FBW_STATUS 2 0 1 0 0
45.116 1 NAVIGATION 0 2 10801716. -3566302. 1.29394907546e+14 1.29395570246e+14 0 0
45.129 1 ATTITUDE -3.029053 -2.14624 -0.643066
45.212 1 COMMANDS 0,-9600,-6289,0
45.229 1 ATTITUDE -3.029785 -2.145996 -0.643799
45.235 1 DESIRED 0.3 0.5 5. 16. -45. 805. 2.
45.238 1 IMU_GYRO -0.014893 -0.008301 -0.012695
45.240 1 CALIBRATION -150. 0
45.312 1 ACTUATORS 1000,1537,1013,1500
45.329 1 ATTITUDE -3.029541 -2.146729 -0.643066
45.332 1 DOWNLINK_STATUS 36 29646 1331 0 853. 40. 2.82
45.335 1 GPS 0 1130805120 0 0 -17000 0 0 0 70000 12 7
45.338 1 IMU_ACCEL 8.983398 1.036133 -3.861328
45.364 1 NAVIGATION 0 2 10801716. -3566302. 1.29394907546e+14 1.29395570246e+14 0 0
45.429 1 ATTITUDE -3.028809 -2.147461 -0.642334
45.435 1 DESIRED 0.3 0.5 5. 16. -45. 805. 2.
45.437 1 ESTIMATOR -17.000002 1e-06
45.529 1 ATTITUDE -3.029785 -2.147705 -0.642334
45.532 1 WP_MOVED 1 506335. 3566302. 765. 12
45.582 1 GPS 0 1130805120 0 0 -17000 0 0 0 70250 12 8
45.614 1 NAVIGATION 0 2 10801716. -3566302. 1.29394907546e+14 1.29395570246e+14 0 0
45.629 1 ATTITUDE -3.029541 -2.149902 -0.641357
45.635 1 DESIRED 0.3 0.5 5. 16. -45. 805. 2.
45.729 1 ATTITUDE -3.028076 -2.150391 -0.641357
45.732 1 BAT 0 0 0 0 1 70 70 0
45.829 1 ATTITUDE -3.029053 -2.148193 -0.642822
45.835 1 DESIRED 0.3 0.5 5. 16. -45. 805. 2.
45.841 1 GPS 0 1130805120 0 0 -17000 0 0 0 70500 12 9
45.844 1 IMU_GYRO -0.025391 -0.02002 -0.010498
45.847 1 IMU_MAG -1.699219 -0.946289 1.398438
45.864 1 NAVIGATION 0 2 10801716. -3566302. 1.29394907546e+14 1.29395570246e+14 0 0
45.929 1 ATTITUDE -3.029297 -2.147461 -0.642334
45.931 1 ESTIMATOR -17.000002 2e-06
46.029 1 ATTITUDE -3.028809 -2.148682 -0.643066
46.035 1 DESIRED 0.3 0.5 5. 16. -45. 805. 2.
46.038 1 WP_MOVED 2 506254.8125 3566257.5 815. 12
46.043 1 NAVIGATION 0 2 10801716. -3566302. 1.29394907546e+14 1.29395570246e+14 0 0
46.082 1 GPS 0 1130805120 0 0 -17000 0 0 0 70500 12 10
46.114 1 NAVIGATION 0 2 10801716. -3566302. 1.29394907546e+14 1.29395570246e+14 0 0
46.129 1 ATTITUDE -3.029297 -2.146973 -0.644287
46.132 1 IMU_ACCEL 9.118164 0.950195 -3.898438
46.229 1 ATTITUDE -3.030029 -2.145264 -0.645264
46.235 1 DESIRED 0.3 0.5 5. 16. -45. 805. 2.
46.237 1 DL_VALUE 11 1.
46.240 1 ENERGY 0. 0. 0 0.
46.329 1 ATTITUDE -3.030518 -2.145508 -0.645996
46.332 1 DOWNLINK_STATUS 37 30449 1366 0 803. 35. 2.82
46.335 1 GPS 0 1130805120 0 0 -17000 0 0 0 71000 12 11
46.339 1 ALIVE 37,176,226,237,9,75,50,6,184,30,166,180,60,149,108,159
46.364 1 NAVIGATION 0 2 10801716. -3566302. 1.29394907546e+14 1.29395570246e+14 0 0
46.429 1 ATTITUDE -3.031494 -2.145996 -0.646973
46.435 1 DESIRED 0.3 0.5 5. 16. -45. 805. 2.
46.437 1 ESTIMATOR -17.000002 3e-06
46.440 1 IMU_GYRO -0.006348 -0.02002 -0.013672
46.442 1 PPRZ_MODE 4 1 2 0 0 6
46.529 1 ATTITUDE -3.031738 -2.145752 -0.646729
46.532 1 WP_MOVED 3 506350.5 3566257. 805. 12
46.534 1 STATE_FILTER_STATUS 3 0
46.582 1 GPS 0 1130805120 0 0 -17000 0 0 0 71250 12 12
46.614 1 NAVIGATION 0 2 10801716. -3566302. 1.29394907546e+14 1.29395570246e+14 0 0
46.629 1 ATTITUDE -3.032471 -2.145264 -0.647461
46.635 1 DESIRED 0.3 0.5 5. 16. -45. 805. 2.
46.729 1 ATTITUDE -3.033203 -2.144287 -0.648926
46.829 1 ATTITUDE -3.033203 -2.143555 -0.64917
46.835 1 DESIRED 0.3 0.5 5. 16. -45. 805. 2.
46.841 1 GPS 0 1130805120 0 0 -17000 0 0 0 71500 12 13
46.844 1 BAT 0 0 0 0 1 71 71 0
46.864 1 NAVIGATION 0 2 10801716. -3566302. 1.29394907546e+14 1.29395570246e+14 0 0
46.929 1 ATTITUDE -3.033691 -2.142822 -0.649658
46.931 1 ESTIMATOR -17.000002 3e-06
46.934 1 IMU_ACCEL 9.175781 0.935547 -3.661133
47.029 1 ATTITUDE -3.033447 -2.14209 -0.64917
47.035 1 DESIRED 0.3 0.5 5. 16. -45. 805. 2.
47.038 1 WP_MOVED 4 506374.40625 3566337.75 805. 12
47.041 1 IMU_GYRO -0.012695 0.011475 -0.010498
47.046 1 NAVIGATION 0 2 10801716. -3566302. 1.29394907546e+14 1.29395570246e+14 0 0
47.082 1 GPS 0 1130805120 0 0 -17000 0 0 0 71500 12 14
47.112 1 FBW_STATUS 2 0 1 0 0
47.116 1 NAVIGATION 0 2 10801716. -3566302. 1.29394907546e+14 1.29395570246e+14 0 0
47.129 1 ATTITUDE -3.033691 -2.143066 -0.650391
47.132 1 IMU_MAG -1.70166 -0.949219 1.386719
47.229 1 ATTITUDE -3.033691 -2.143311 -0.650391
47.235 1 DESIRED 0.3 0.5 5. 16. -45. 805. 2.
47.329 1 ATTITUDE -3.03418 -2.143311 -0.651123
47.333 1 DOWNLINK_STATUS 38 31279 1403 0 830. 37. 2.82
47.335 1 GPS 0 1130805120 0 0 -17000 0 0 0 72000 12 15
47.337 1 CALIBRATION -150. 0
47.365 1 NAVIGATION 0 2 10801716. -3566302. 1.29394907546e+14 1.29395570246e+14 0 0
47.429 1 ATTITUDE -3.03418 -2.144531 -0.650635
47.435 1 DESIRED 0.3 0.5 5. 16. -45. 805. 2.
47.437 1 ESTIMATOR -17.000002 4e-06
47.529 1 ATTITUDE -3.034424 -2.14502 -0.650635
47.532 1 WP_MOVED 5 506402.3125 3566363.25 820. 12
47.581 1 GPS 0 1130805120 0 0 -17000 0 0 0 72250 12 16
47.614 1 NAVIGATION 0 2 10801716. -3566302. 1.29394907546e+14 1.29395570246e+14 0 0
47.629 1 ATTITUDE -3.034668 -2.145752 -0.651123
47.635 1 DESIRED 0.3 0.5 5. 16. -45. 805. 2.
47.638 1 IMU_GYRO -0.019043 -0.016846 -0.014893
47.729 1 ATTITUDE -3.033936 -2.145752 -0.650879
47.732 1 IMU_ACCEL 8.993164 0.925781 -3.732422
47.734 1 DL_VALUE 0 0.
47.829 1 ATTITUDE -3.033936 -2.145264 -0.651855
47.836 1 DESIRED 0.3 0.5 5. 16. -45. 805. 2.
47.840 1 GPS 0 1130805120 0 0 -17000 0 0 0 72500 12 1
47.843 1 GPS_SOL 795655360 100188 9999 0
47.864 1 NAVIGATION 0 2 10801716. -3566302. 1.29394907546e+14 1.29395570246e+14 0 0
47.929 1 ATTITUDE -3.034424 -2.146973 -0.651123
47.931 1 ESTIMATOR -17. 4e-06
47.935 1 BAT 0 0 0 0 1 72 72 0
48.029 1 ATTITUDE -3.033936 -2.14917 -0.650635
48.035 1 DESIRED 0.3 0.5 5. 16. -45. 805. 2.
48.038 1 WP_MOVED 6 506374.40625 3566337.75 820. 12
48.043 1 NAVIGATION 0 2 10801716. -3566302. 1.29394907546e+14 1.29395570246e+14 0 0
48.045 1 DOWNLINK 7 826 2685
48.081 1 GPS 0 1130805120 0 0 -17000 0 0 0 72500 12 2
48.114 1 NAVIGATION 0 2 10801716. -3566302. 1.29394907546e+14 1.29395570246e+14 0 0
48.129 1 ATTITUDE -3.033936 -2.149658 -0.651123
48.229 1 ATTITUDE -3.03418 -2.14917 -0.651123
48.235 1 DESIRED 0.3 0.5 5. 16. -45. 805. 2.
48.238 1 IMU_GYRO -0.010498 -0.02002 -0.02002
48.329 1 ATTITUDE -3.033691 -2.149414 -0.650391
48.333 1 DOWNLINK_STATUS 39 32083 1439 0 804. 36. 2.82
48.335 1 GPS 0 1130805120 0 0 -17000 0 0 0 73000 12 3
48.364 1 NAVIGATION 0 2 10801716. -3566302. 1.29394907546e+14 1.29395570246e+14 0 0
48.429 1 ATTITUDE -3.033691 -2.148682 -0.650635
48.435 1 DESIRED 0.3 0.5 5. 16. -45. 805. 2.
48.437 1 ESTIMATOR -16.999998 3e-06
48.440 1 IMU_MAG -1.706543 -0.93457 1.392578
48.529 1 ATTITUDE -3.034424 -2.147461 -0.651367
48.532 1 WP_MOVED 7 506350.5 3566270.75 805. 12
48.535 1 IMU_ACCEL 9.113281 0.820312 -3.765625
48.581 1 GPS 0 1130805120 0 0 -17000 0 0 0 73250 12 4
48.613 1 NAVIGATION 0 2 10801716. -3566302. 1.29394907546e+14 1.29395570246e+14 0 0
48.629 1 ATTITUDE -3.034668 -2.146729 -0.651123
48.635 1 DESIRED 0.3 0.5 5. 16. -45. 805. 2.
48.729 1 ATTITUDE -3.034424 -2.146729 -0.650879
48.730 1 STATE_FILTER_STATUS 3 0
48.734 1 ENERGY 0. 0. 0 0.
48.736 1 NAVIGATION_REF 506335 3566302 12
