32.599 1 GPS 0 1130805120 0 0 -17000 0 0 0 954 12 4
32.631 1 NAVIGATION 0 2 10801716. -3566302. 1.29394907546e+14 1.29395570246e+14 0 0
32.645 1 ATTITUDE 0. 0. 0.
32.652 1 DESIRED -0.74 0.1 5. 16. -45. 805. 2.
32.654 1 DOWNLINK 0 256 61
32.746 1 ATTITUDE 0. 0. 0.
32.749 1 NAVIGATION_REF 506335 3566302 12
32.846 1 ATTITUDE 0. 0. 0.
32.852 1 DESIRED -0.74 0.1 5. 16. -45. 805. 2.
32.858 1 GPS 0 1130805120 0 0 -17000 0 0 0 1454 12 5
32.861 1 IMU_GYRO 0.212646 0.11377 0.02002
32.881 1 NAVIGATION 0 2 10801716. -3566302. 1.29394907546e+14 1.29395570246e+14 0 0
32.884 1 DOWNLINK_STATUS 20 1480 68 0 855. 39. 0.
32.946 1 ATTITUDE 0. 0. 0.
32.948 1 ESTIMATOR -18.085415 -6.99373
32.952 1 IMU_MAG -1.405762 -1.062012 2.347656
33.046 1 ATTITUDE 0. 0. 0.
33.052 1 DESIRED -0.74 0.1 5. 16. -45. 805. 2.
33.055 1 WP_MOVED 4 506374.40625 3566337.75 805. 12
33.060 1 NAVIGATION 0 2 10801716. -3566302. 1.29394907546e+14 1.29395570246e+14 0 0
33.099 1 GPS 0 1130805120 0 0 -17000 0 0 0 1704 12 6
33.129 1 FBW_STATUS 2 0 1 0 0
33.133 1 NAVIGATION 0 2 10801716. -3566302. 1.29394907546e+14 1.29395570246e+14 0 0
33.146 1 ATTITUDE 0. 0. 0.
33.246 1 ATTITUDE 0. 0. 0.
33.253 1 DESIRED -0.74 0.1 5. 16. -45. 805. 2.
33.254 1 DL_VALUE 1 0.
33.346 1 ATTITUDE 0. 0. 0.
33.352 1 GPS 0 1130805120 0 0 -17000 0 0 0 1954 12 7
33.355 1 IMU_ACCEL 1.022461 -1.918945 -9.645508
33.381 1 NAVIGATION 0 2 10801716. -3566302. 1.29394907546e+14 1.29395570246e+14 0 0
33.382 1 PONG 
33.446 1 ATTITUDE 0. 0. 0.
33.452 1 DESIRED -0.74 0.1 5. 16. -45. 805. 2.
33.454 1 ESTIMATOR -19.493214 -5.69523
33.457 1 IMU_GYRO 0.001953 0.905518 0.061523
33.546 1 ATTITUDE 0. 0. 0.
33.549 1 WP_MOVED 5 506402.3125 3566363.25 820. 12
33.553 1 BAT 0 0 0 0 0 2 2 0
33.599 1 GPS 0 1130805120 0 0 -17000 0 0 0 2204 12 8
33.631 1 NAVIGATION 0 2 10801716. -3566302. 1.29394907546e+14 1.29395570246e+14 0 0
33.632 1 DEBUG 38,4,5,0,4,5
33.646 1 ATTITUDE 0. 0. 0.
33.652 1 DESIRED -0.74 0.1 5. 16. -45. 805. 2.
33.746 1 ATTITUDE 0. 0. 0.
33.846 1 ATTITUDE 0. 0. 0.
33.852 1 DESIRED -0.74 0.1 5. 16. -45. 805. 2.
33.858 1 GPS 0 1130805120 0 0 -17000 0 0 0 2204 12 9
33.861 1 GPS_SOL 795612992 100005 9999 0
33.881 1 NAVIGATION 0 2 10801716. -3566302. 1.29394907546e+14 1.29395570246e+14 0 0
33.884 1 DOWNLINK_STATUS 21 2295 105 0 815. 37. 6.
33.946 1 ATTITUDE 0. 0. 0.
33.948 1 ESTIMATOR -19.864887 -4.26648
34.046 1 ATTITUDE 0. 0. 0.
34.052 1 DESIRED -0.74 0.1 5. 16. -45. 805. 2.
34.055 1 WP_MOVED 6 506374.40625 3566337.75 820. 12
34.058 1 IMU_GYRO 0.161621 0.135986 -0.324463
34.063 1 NAVIGATION 0 2 10801716. -3566302. 1.29394907546e+14 1.29395570246e+14 0 0
34.065 1 CALIBRATION -73.1 0
34.098 1 GPS 0 1130805120 0 0 -17000 0 0 0 2704 12 10
34.131 1 NAVIGATION 0 2 10801716. -3566302. 1.29394907546e+14 1.29395570246e+14 0 0
34.146 1 ATTITUDE 0. 0. 0.
34.149 1 IMU_ACCEL 1.373047 -1.857422 -10.225586
34.246 1 ATTITUDE 0. 0. 0.
34.252 1 DESIRED -0.74 0.1 5. 16. -45. 805. 2.
34.255 1 IMU_MAG -1.40332 -1.070801 2.295898
34.346 1 ATTITUDE 0. 0. 0.
34.352 1 GPS 0 1130805120 0 0 -17000 0 0 0 2954 12 11
34.353 1 STATE_FILTER_STATUS 2 0
34.381 1 NAVIGATION 0 2 10801716. -3566302. 1.29394907546e+14 1.29395570246e+14 0 0
34.446 1 ATTITUDE 0. 0. 0.
34.452 1 DESIRED -0.74 0.1 5. 16. -45. 805. 2.
34.454 1 ESTIMATOR -19.713114 -2.999451
34.546 1 ATTITUDE 0. 0. 0.
34.549 1 WP_MOVED 7 506350.5 3566270.75 805. 12
34.598 1 GPS 0 1130805120 0 0 -17000 0 0 0 2954 12 12
34.631 1 NAVIGATION 0 2 10801716. -3566302. 1.29394907546e+14 1.29395570246e+14 0 0
34.646 1 ATTITUDE 0. 0. 0.
34.652 1 DESIRED -0.74 0.1 5. 16. -45. 805. 2.
34.655 1 IMU_GYRO -0.010498 -0.034912 -0.023193
34.658 1 BAT 0 0 0 0 0 3 3 0
34.746 1 ATTITUDE 0. 0. 0.
34.748 1 DL_VALUE 2 805.
34.751 1 ENERGY 0. 0. 0 0.
34.846 1 ATTITUDE 0. 0. 0.
34.852 1 DESIRED -0.74 0.1 5. 16. -45. 805. 2.
34.857 1 GPS 0 1130805120 0 0 -17000 0 0 0 3454 12 13
34.881 1 NAVIGATION 0 2 10801716. -3566302. 1.29394907546e+14 1.29395570246e+14 0 0
34.884 1 DOWNLINK_STATUS 22 3118 142 0 823. 37. 6.
34.946 1 ATTITUDE 0. 0. 0.
34.948 1 ESTIMATOR -19.310003 -1.960706
34.951 1 IMU_ACCEL 1.618164 -1.626953 -9.703125
35.046 1 ATTITUDE 0. 0. 0.
35.052 1 DESIRED -0.74 0.1 5. 16. -45. 805. 2.
35.055 1 WP_MOVED 8 506254.8125 3566257.5 815. 12
35.060 1 NAVIGATION 0 2 10801716. -3566302. 1.29394907546e+14 1.29395570246e+14 0 0
35.107 1 GPS 0 1130805120 0 0 -17000 0 0 0 3454 12 14
35.128 1 FBW_STATUS 2 0 1 0 0
35.133 1 NAVIGATION 0 2 10801716. -3566302. 1.29394907546e+14 1.29395570246e+14 0 0
35.146 1 ATTITUDE 0. 0. 0.
35.246 1 ATTITUDE 0. 0. 0.
35.252 1 DESIRED -0.74 0.1 5. 16. -45. 805. 2.
35.255 1 IMU_GYRO -0.02124 -0.000977 -0.024414
35.346 1 ATTITUDE 0. 0. 0.
35.352 1 GPS 0 1130805120 0 0 -17000 0 0 0 3954 12 15
35.381 1 NAVIGATION 0 2 10801716. -3566302. 1.29394907546e+14 1.29395570246e+14 0 0
35.446 1 ATTITUDE 0. 0. 0.
35.452 1 DESIRED -0.74 0.1 5. 16. -45. 805. 2.
35.454 1 ESTIMATOR -18.809687 -1.154581
35.546 1 ATTITUDE 0. 0. 0.
35.549 1 WP_MOVED 9 506213.8125 3566287.5 815. 12
35.552 1 IMU_MAG -1.415527 -1.067871 2.298828
35.598 1 GPS 0 1130805120 0 0 -17000 0 0 0 4204 12 16
35.631 1 NAVIGATION 0 2 10801716. -3566302. 1.29394907546e+14 1.29395570246e+14 0 0
35.646 1 ATTITUDE 0. 0. 0.
35.652 1 DESIRED -0.74 0.1 5. 16. -45. 805. 2.
35.746 1 ATTITUDE 0. 0. 0.
35.749 1 IMU_ACCEL 1.75293 -1.679688 -9.845703
35.752 1 BAT 0 0 0 0 0 4 4 0
35.846 1 ATTITUDE 0. 0. 0.
35.852 1 DESIRED -0.74 0.1 5. 16. -45. 805. 2.
35.857 1 GPS 0 1130805120 0 0 -17000 0 0 0 4454 12 1
35.861 1 IMU_GYRO -0.001953 -0.027588 -0.009521
35.863 1 GPS_SOL 795613120 100010 9999 0
35.881 1 NAVIGATION 0 2 10801716. -3566302. 1.29394907546e+14 1.29395570246e+14 0 0
35.885 1 DOWNLINK_STATUS 23 3939 178 0 821. 36. 6.
35.946 1 ATTITUDE 0. 0. 0.
35.948 1 ESTIMATOR -18.307905 -0.56604
36.046 1 ATTITUDE 0. 0. 0.
36.052 1 DESIRED -0.74 0.1 5. 16. -45. 805. 2.
36.055 1 WP_MOVED 0 506377. 3566344. 900. 12
36.060 1 NAVIGATION 0 2 10801716. -3566302. 1.29394907546e+14 1.29395570246e+14 0 0
36.100 1 GPS 0 1130805120 0 0 -17000 0 0 0 4454 12 2
36.131 1 NAVIGATION 0 2 10801716. -3566302. 1.29394907546e+14 1.29395570246e+14 0 0
36.146 1 ATTITUDE 0. 0. 0.
36.148 1 CALIBRATION -106.5 0
36.229 1 COMMANDS 0,4907,-550,0
36.246 1 ATTITUDE 0. 0. 0.
36.252 1 DESIRED -0.74 0.1 5. 16. -45. 805. 2.
36.254 1 DL_VALUE 3 0.
36.329 1 ACTUATORS 1000,1637,1592,1500
36.346 1 ATTITUDE 0. 0. 0.
36.351 1 GPS 0 1130805120 0 0 -17000 0 0 0 4968 12 3
36.381 1 NAVIGATION 0 2 10801716. -3566302. 1.29394907546e+14 1.29395570246e+14 0 0
36.385 1 DEBUG 38,4,5,0,4,5,0,1,1,1,1,1,1,2,1,1,1
36.446 1 ATTITUDE 0. 0. 0.
36.452 1 DESIRED -0.74 0.1 5. 16. -45. 805. 2.
36.454 1 ESTIMATOR -17.863262 -0.168472
36.457 1 IMU_GYRO -0.072266 -0.022217 -0.038086
36.546 1 ATTITUDE 0. 0. 0.
36.549 1 WP_MOVED 1 506335. 3566302. 765. 12
36.552 1 IMU_ACCEL 1.662109 -1.463867 -9.958984
36.554 1 STATE_FILTER_STATUS 2 0
36.600 1 GPS 0 1130805120 0 0 -17000 0 0 0 5204 12 4
36.631 1 NAVIGATION 0 2 10801716. -3566302. 1.29394907546e+14 1.29395570246e+14 0 0
36.646 1 ATTITUDE 0. 0. 0.
36.653 1 DESIRED -0.74 0.1 5. 16. -45. 805. 2.
36.746 1 ATTITUDE 0. 0. 0.
36.846 1 ATTITUDE 0. 0. 0.
36.852 1 DESIRED -0.74 0.1 5. 16. -45. 805. 2.
36.857 1 GPS 0 1130805120 0 0 -17000 0 0 0 5454 12 5
36.861 1 BAT 0 0 0 0 1 5 5 0
36.864 1 IMU_MAG -1.430176 -1.053223 2.333496
36.881 1 NAVIGATION 0 2 10801716. -3566302. 1.29394907546e+14 1.29395570246e+14 0 0
36.886 1 DOWNLINK_STATUS 24 4778 216 0 839. 38. 6.
36.946 1 ATTITUDE 0. 0. 0.
36.948 1 ESTIMATOR -17.505369 0.073065
37.046 1 ATTITUDE 0. 0. 0.
37.052 1 DESIRED -0.74 0.1 5. 16. -45. 805. 2.
37.055 1 WP_MOVED 2 506254.8125 3566257.5 815. 12
37.058 1 IMU_GYRO 0.052979 0.026367 0.012695
37.063 1 NAVIGATION 0 2 10801716. -3566302. 1.29394907546e+14 1.29395570246e+14 0 0
37.102 1 GPS 0 1130805120 0 0 -17000 0 0 0 5454 12 6
37.128 1 FBW_STATUS 2 0 1 0 0
37.133 1 NAVIGATION 0 2 10801716. -3566302. 1.29394907546e+14 1.29395570246e+14 0 0
37.146 1 ATTITUDE 0. 0. 0.
37.246 1 ATTITUDE 0. 0. 0.
37.252 1 DESIRED -0.74 0.1 5. 16. -45. 805. 2.
37.255 1 ENERGY 0. 0. 0 0.
37.346 1 ATTITUDE 0. 0. 0.
37.351 1 GPS 0 1130805120 0 0 -17000 0 0 0 5954 12 7
37.355 1 IMU_ACCEL 1.873047 -1.579102 -9.711914
37.359 1 ALIVE 31,34,177,162,100,144,69,240,243,102,124,47,20,171,136,134
37.381 1 NAVIGATION 0 2 10801716. -3566302. 1.29394907546e+14 1.29395570246e+14 0 0
37.446 1 ATTITUDE 0. 0. 0.
37.454 1 DESIRED -0.74 0.1 5. 16. -45. 805. 2.
37.454 1 ESTIMATOR -17.241522 0.196875
37.456 1 PPRZ_MODE 2 3 3 0 0 6
37.546 1 ATTITUDE 0. 0. 0.
37.549 1 WP_MOVED 3 506350.5 3566257. 805. 12
37.604 1 GPS 0 1130805120 0 0 -17000 0 0 0 6204 12 8
37.630 1 NAVIGATION 0 2 10801716. -3566302. 1.29394907546e+14 1.29395570246e+14 0 0
37.646 1 ATTITUDE 0. 0. 0.
37.652 1 DESIRED -0.74 0.1 5. 16. -45. 805. 2.
37.655 1 IMU_GYRO -0.033936 0.007324 -0.041504
37.746 1 ATTITUDE 0. 0. 0.
37.748 1 DL_VALUE 4 0.
37.749 1 DOWNLINK 0 818 249
37.846 1 ATTITUDE 0. 0. 0.
37.852 1 DESIRED -0.74 0.1 5. 16. -45. 805. 2.
37.857 1 GPS 0 1130805120 0 0 -17000 0 0 0 6454 12 9
37.860 1 GPS_SOL 795612928 100003 9999 0
37.880 1 NAVIGATION 0 2 10801716. -3566302. 1.29394907546e+14 1.29395570246e+14 0 0
37.887 1 DOWNLINK_STATUS 25 5620 254 0 842. 38. 6.
37.946 1 ATTITUDE 0. 0. 0.
37.948 1 ESTIMATOR -17.064135 0.239361
37.952 1 BAT 0 0 0 0 1 6 6 0
38.046 1 ATTITUDE 0. 0. 0.
38.052 1 DESIRED -0.74 0.1 5. 16. -45. 805. 2.
38.055 1 WP_MOVED 4 506374.40625 3566337.75 805. 12
38.060 1 NAVIGATION 0 2 10801716. -3566302. 1.29394907546e+14 1.29395570246e+14 0 0
38.102 1 GPS 0 1130805120 0 0 -17000 0 0 0 6454 12 10
38.130 1 NAVIGATION 0 2 10801716. -3566302. 1.29394907546e+14 1.29395570246e+14 0 0
38.146 1 ATTITUDE 0. 0. 0.
38.149 1 IMU_ACCEL 1.512695 -1.808594 -9.185547
38.152 1 IMU_MAG -1.425293 -1.082031 2.293457
38.246 1 ATTITUDE 2.966309 -0.85791 0.330811
38.252 1 DESIRED -0.74 0.1 5. 16. -45. 805. 2.
38.255 1 IMU_GYRO 0.146729 0.040283 0.086182
38.257 1 CALIBRATION -121.7 0
38.346 1 ATTITUDE 2.968994 -0.85791 0.331299
38.351 1 GPS 0 1130805120 0 0 -17000 0 0 0 6954 12 11
38.380 1 NAVIGATION 0 2 10801716. -3566302. 1.29394907546e+14 1.29395570246e+14 0 0
38.381 1 PONG 
38.446 1 ATTITUDE 2.961426 -0.859131 0.330811
38.452 1 DESIRED -0.74 0.1 5. 16. -45. 805. 2.
38.454 1 ESTIMATOR -16.95779 0.231353
38.546 1 ATTITUDE 2.955078 -0.860107 0.329346
38.549 1 WP_MOVED 5 506402.3125 3566363.25 820. 12
38.603 1 GPS 0 1130805120 0 0 -17000 0 0 0 7204 12 12
38.630 1 NAVIGATION 0 2 10801716. -3566302. 1.29394907546e+14 1.29395570246e+14 0 0
38.646 1 ATTITUDE 2.960205 -0.86084 0.331299
38.652 1 DESIRED -0.74 0.1 5. 16. -45. 805. 2.
38.746 1 ATTITUDE 2.963135 -0.860352 0.33374
38.747 1 STATE_FILTER_STATUS 3 0
38.846 1 ATTITUDE 2.949463 -0.861084 0.331787
38.851 1 DESIRED -0.74 0.1 5. 16. -45. 805. 2.
38.857 1 GPS 0 1130805120 0 0 -17000 0 0 0 7454 12 13
38.860 1 IMU_GYRO -0.016846 -0.056396 -0.001953
38.880 1 NAVIGATION 0 2 10801716. -3566302. 1.29394907546e+14 1.29395570246e+14 0 0
38.888 1 DOWNLINK_STATUS 26 6418 290 0 798. 36. 5.02
38.946 1 ATTITUDE 2.951172 -0.862305 0.331543
38.948 1 ESTIMATOR -16.904636 0.196535
38.951 1 IMU_ACCEL 1.916016 -1.818359 -9.527344
39.046 1 ATTITUDE 2.958984 -0.864502 0.335205
39.051 1 DESIRED -0.74 0.1 5. 16. -45. 805. 2.
39.055 1 WP_MOVED 6 506374.40625 3566337.75 820. 12
39.059 1 NAVIGATION 0 2 10801716. -3566302. 1.29394907546e+14 1.29395570246e+14 0 0
39.063 1 BAT 0 0 0 0 1 7 7 0
39.103 1 GPS 0 1130805120 0 0 -17000 0 0 0 7454 12 14
39.128 1 FBW_STATUS 2 0 1 0 0
39.134 1 NAVIGATION 0 2 10801716. -3566302. 1.29394907546e+14 1.29395570246e+14 0 0
39.146 1 ATTITUDE 2.956787 -0.86499 0.334717
39.246 1 ATTITUDE 2.95459 -0.865479 0.334229
39.251 1 DESIRED -0.74 0.1 5. 16. -45. 805. 2.
39.253 1 DL_VALUE 5 0.
39.346 1 ATTITUDE 2.951904 -0.866211 0.333984
39.351 1 GPS 0 1130805120 0 0 -17000 0 0 0 7954 12 15
39.380 1 NAVIGATION 0 2 10801716. -3566302. 1.29394907546e+14 1.29395570246e+14 0 0
39.446 1 ATTITUDE 2.953125 -0.865723 0.334473
39.451 1 DESIRED -0.74 0.1 5. 16. -45. 805. 2.
39.454 1 ESTIMATOR -16.887821 0.151499
39.457 1 IMU_GYRO -0.051025 -0.026367 -0.030762
39.460 1 IMU_MAG -1.430176 -1.064941 2.293457
39.546 1 ATTITUDE 2.956055 -0.865234 0.336182
39.549 1 WP_MOVED 7 506350.5 3566270.75 805. 12
39.598 1 GPS 0 1130805120 0 0 -17000 0 0 0 8204 12 16
39.630 1 NAVIGATION 0 2 10801716. -3566302. 1.29394907546e+14 1.29395570246e+14 0 0
39.646 1 ATTITUDE 2.956055 -0.865234 0.33667
39.651 1 DESIRED -0.74 0.1 5. 16. -45. 805. 2.
39.746 1 ATTITUDE 2.956787 -0.864502 0.33667
39.749 1 IMU_ACCEL 1.863281 -1.693359 -9.602539
39.752 1 ENERGY 0. 0. 0 0.
39.846 1 ATTITUDE 2.956543 -0.864502 0.336914
39.851 1 DESIRED -0.74 0.1 5. 16. -45. 805. 2.
39.857 1 GPS 0 1130805120 0 0 -17000 0 0 0 8454 12 1
39.860 1 GPS_SOL 795613056 100008 9999 0
39.880 1 NAVIGATION 0 2 10801716. -3566302. 1.29394907546e+14 1.29395570246e+14 0 0
39.889 1 DOWNLINK_STATUS 27 7252 327 0 834. 37. 5.02
39.946 1 ATTITUDE 2.957031 -0.864014 0.337402
39.948 1 ESTIMATOR -16.89327 0.106741
40.046 1 ATTITUDE 2.95752 -0.864258 0.337891
40.051 1 DESIRED -0.74 0.1 5. 16. -45. 805. 2.
40.055 1 WP_MOVED 8 506254.8125 3566257.5 815. 12
40.058 1 IMU_GYRO -0.025391 -0.02124 -0.025391
40.063 1 NAVIGATION 0 2 10801716. -3566302. 1.29394907546e+14 1.29395570246e+14 0 0
40.098 1 GPS 0 1130805120 0 0 -17000 0 0 0 8454 12 2
40.130 1 NAVIGATION 0 2 10801716. -3566302. 1.29394907546e+14 1.29395570246e+14 0 0
40.146 1 ATTITUDE 2.95874 -0.863525 0.337646
40.148 1 BAT 0 0 0 0 1 9 9 0
40.245 1 ATTITUDE 2.958496 -0.863037 0.337891
40.251 1 DESIRED -0.74 0.1 5. 16. -45. 805. 2.
40.346 1 ATTITUDE 2.95874 -0.862793 0.337891
40.351 1 GPS 0 1130805120 0 0 -17000 0 0 0 8954 12 3
40.353 1 CALIBRATION -136.3 0
40.380 1 NAVIGATION 0 2 10801716. -3566302. 1.29394907546e+14 1.29395570246e+14 0 0
40.446 1 ATTITUDE 2.959473 -0.862549 0.338379
40.451 1 DESIRED -0.74 0.1 5. 16. -45. 805. 2.
40.454 1 ESTIMATOR -16.910295 0.068013
40.546 1 ATTITUDE 2.95874 -0.862061 0.338379
40.549 1 WP_MOVED 9 506213.8125 3566287.5 815. 12
40.552 1 IMU_ACCEL 1.834961 -1.617188 -9.545898
40.598 1 GPS 0 1130805120 0 0 -17000 0 0 0 9204 12 4
40.630 1 NAVIGATION 0 2 10801716. -3566302. 1.29394907546e+14 1.29395570246e+14 0 0
40.645 1 ATTITUDE 2.956543 -0.862305 0.337891
40.651 1 DESIRED -0.74 0.1 5. 16. -45. 805. 2.
40.655 1 IMU_GYRO -0.006348 -0.014893 -0.010498
40.745 1 ATTITUDE 2.955322 -0.861816 0.338135
40.749 1 IMU_MAG -1.432617 -1.070801 2.27002
40.750 1 DL_VALUE 6 100.
40.845 1 ATTITUDE 2.954346 -0.862061 0.338379
40.851 1 DESIRED -0.74 0.1 5. 16. -45. 805. 2.
40.857 1 GPS 0 1130805120 0 0 -17000 0 0 0 9454 12 5
40.880 1 NAVIGATION 0 2 10801716. -3566302. 1.29394907546e+14 1.29395570246e+14 0 0
40.890 1 DOWNLINK_STATUS 28 8046 362 0 794. 35. 5.02
40.945 1 ATTITUDE 2.955566 -0.862305 0.338379
40.948 1 ESTIMATOR -16.931477 0.0377
40.948 1 STATE_FILTER_STATUS 3 0
41.045 1 ATTITUDE 2.955078 -0.862305 0.338623
41.051 1 DESIRED -0.74 0.1 5. 16. -45. 805. 2.
41.055 1 WP_MOVED 0 506377. 3566344. 900. 12
41.059 1 NAVIGATION 0 2 10801716. -3566302. 1.29394907546e+14 1.29395570246e+14 0 0
41.098 1 GPS 0 1130805120 0 0 -17000 0 0 0 9454 12 6
41.127 1 FBW_STATUS 2 0 1 0 0
41.132 1 NAVIGATION 0 2 10801716. -3566302. 1.29394907546e+14 1.29395570246e+14 0 0
41.145 1 ATTITUDE 2.95459 -0.862793 0.338623
41.228 1 COMMANDS 0,9600,1312,0
41.245 1 ATTITUDE 2.954346 -0.863037 0.338623
41.251 1 DESIRED -0.74 0.1 5. 16. -45. 805. 2.
41.254 1 IMU_GYRO -0.001953 -0.007324 -0.011475
41.258 1 BAT 0 0 0 0 1 10 10 0
41.328 1 ACTUATORS 1000,1670,1779,1500
41.345 1 ATTITUDE 2.953857 -0.863037 0.338379
41.351 1 GPS 0 1130805120 0 0 -17000 0 0 0 9954 12 7
41.354 1 IMU_ACCEL 1.873047 -1.689453 -9.665039
41.380 1 NAVIGATION 0 2 10801716. -3566302. 1.29394907546e+14 1.29395570246e+14 0 0
41.445 1 ATTITUDE 2.955566 -0.862793 0.338867
41.451 1 DESIRED -0.74 0.1 5. 16. -45. 805. 2.
41.454 1 ESTIMATOR -16.952169 0.016013
41.545 1 ATTITUDE 2.953369 -0.863037 0.338379
41.549 1 WP_MOVED 1 506335. 3566302. 765. 12
41.598 1 GPS 0 1130805120 0 0 -17000 0 0 0 10204 12 8
41.629 1 NAVIGATION 0 2 10801716. -3566302. 1.29394907546e+14 1.29395570246e+14 0 0
41.644 1 ATTITUDE 2.954102 -0.863037 0.338623
41.651 1 DESIRED -0.74 0.1 5. 16. -45. 805. 2.
41.729 1 SETTING 1 8 1.
41.737 1 DL_VALUE 8 1.
41.745 1 ATTITUDE 2.952881 -0.863037 0.338623
41.748 1 NAVIGATION_REF 506335 3566302 12
41.753 1 PPRZ_MODE 3 3 3 0 0 6
41.845 1 ATTITUDE 2.954102 -0.863037 0.338623
41.851 1 DESIRED -0.74 0.1 5. 16. -45. 805. 2.
41.857 1 GPS 0 1130805120 0 0 -17000 0 0 0 10454 12 9
41.860 1 IMU_GYRO -0.008301 -0.02124 -0.014893
41.863 1 GPS_SOL 795613184 100014 9999 0
41.878 1 PPRZ_MODE 4 3 3 0 0 6
41.882 1 NAVIGATION 0 2 10801716. -3566302. 1.29394907546e+14 1.29395570246e+14 0 0
41.891 1 DOWNLINK_STATUS 29 8920 403 0 874. 41. 5.02
41.945 1 ATTITUDE 2.953125 -0.862549 0.339111
41.948 1 ESTIMATOR -16.969875 0.001937
42.045 1 ATTITUDE 2.953857 -0.862305 0.339111
42.051 1 DESIRED 0.3 0.5 5. 16. -45. 805. 2.
42.055 1 WP_MOVED 2 506254.8125 3566257.5 815. 12
42.059 1 NAVIGATION 0 2 10801716. -3566302. 1.29394907546e+14 1.29395570246e+14 0 0
42.062 1 IMU_MAG -1.427734 -1.07373 2.278809
42.098 1 GPS 0 1130805120 0 0 -17000 0 0 0 10454 12 10
42.130 1 NAVIGATION 0 2 10801716. -3566302. 1.29394907546e+14 1.29395570246e+14 0 0
42.145 1 ATTITUDE 2.953857 -0.862305 0.339355
42.148 1 IMU_ACCEL 1.839844 -1.68457 -9.673828
42.244 1 ATTITUDE 2.953125 -0.862305 0.339355
42.250 1 DESIRED 0.3 0.5 5. 16. -45. 805. 2.
42.252 1 DL_VALUE 7 4.
42.257 1 ENERGY 0. 0. 0 0.
42.345 1 ATTITUDE 2.953369 -0.862549 0.339111
42.351 1 GPS 0 1130805120 0 0 -17000 0 0 0 10954 12 11
42.355 1 BAT 0 0 0 0 1 11 11 0
42.359 1 ALIVE 31,34,177,162,100,144,69,240,243,102,124,47,20,171,136,134
42.380 1 NAVIGATION 0 2 10801716. -3566302. 1.29394907546e+14 1.29395570246e+14 0 0
42.445 1 ATTITUDE 2.952881 -0.862793 0.339355
42.451 1 DESIRED 0.3 0.5 5. 16. -45. 805. 2.
42.454 1 ESTIMATOR -16.983606 -0.006089
42.457 1 IMU_GYRO -0.010498 -0.013672 -0.016846
42.458 1 CALIBRATION -148.1 0
42.461 1 PPRZ_MODE 4 1 2 0 0 6
42.545 1 ATTITUDE 2.952637 -0.863037 0.339355
42.549 1 WP_MOVED 3 506350.5 3566257. 805. 12
42.598 1 GPS 0 1130805120 0 0 -17000 0 0 0 11204 12 12
42.630 1 NAVIGATION 0 2 10801716. -3566302. 1.29394907546e+14 1.29395570246e+14 0 0
42.645 1 ATTITUDE 2.952637 -0.863281 0.339355
42.651 1 DESIRED 0.3 0.5 5. 16. -45. 805. 2.
42.745 1 ATTITUDE 2.952393 -0.863281 0.339355
42.845 1 ATTITUDE 2.95166 -0.863037 0.3396
42.851 1 DESIRED 0.3 0.5 5. 16. -45. 805. 2.
42.857 1 GPS 0 1130805120 0 0 -17000 0 0 0 11454 12 13
42.858 1 DOWNLINK 0 832 440
42.880 1 NAVIGATION 0 2 10801716. -3566302. 1.29394907546e+14 1.29395570246e+14 0 0
42.892 1 DOWNLINK_STATUS 30 9762 441 0 842. 38. 5.02
42.945 1 ATTITUDE 2.952637 -0.863281 0.339844
42.947 1 WIND_INFO 1 42 0. 0. 0.
42.948 1 ESTIMATOR -16.993341 -0.009721
42.951 1 IMU_ACCEL 1.950195 -1.703125 -9.859375
43.045 1 ATTITUDE 2.952148 -0.863281 0.3396
43.051 1 DESIRED 0.3 0.5 5. 16. -45. 805. 2.
43.055 1 WP_MOVED 4 506374.40625 3566337.75 805. 12
43.058 1 IMU_GYRO -0.008301 -0.014893 -0.013672
43.062 1 NAVIGATION 0 2 10801716. -3566302. 1.29394907546e+14 1.29395570246e+14 0 0
43.098 1 GPS 0 1130805120 0 0 -17000 0 0 0 11454 12 14
43.127 1 FBW_STATUS 2 0 1 0 0
43.131 1 NAVIGATION 0 2 10801716. -3566302. 1.29394907546e+14 1.29395570246e+14 0 0
43.145 1 ATTITUDE 2.951904 -0.863525 0.3396
43.146 1 STATE_FILTER_STATUS 3 0
43.245 1 ATTITUDE 2.951904 -0.863037 0.339355
43.251 1 DESIRED 0.3 0.5 5. 16. -45. 805. 2.
43.345 1 ATTITUDE 2.952148 -0.862793 0.339355
43.351 1 GPS 0 1130805120 0 0 -17000 0 0 0 11954 12 15
43.354 1 IMU_MAG -1.430176 -1.064941 2.293457
43.380 1 NAVIGATION 0 2 10801716. -3566302. 1.29394907546e+14 1.29395570246e+14 0 0
43.380 1 PONG 
43.445 1 ATTITUDE 2.952637 -0.862793 0.3396
43.451 1 DESIRED 0.3 0.5 5. 16. -45. 805. 2.
43.454 1 ESTIMATOR -16.999592 -0.010449
43.457 1 BAT 0 0 0 0 1 12 12 0
43.545 1 ATTITUDE 2.952393 -0.862793 0.3396
43.549 1 WP_MOVED 5 506402.3125 3566363.25 820. 12
43.598 1 GPS 0 1130805120 0 0 -17000 0 0 0 12204 12 16
43.630 1 NAVIGATION 0 2 10801716. -3566302. 1.29394907546e+14 1.29395570246e+14 0 0
43.644 1 ATTITUDE 2.952637 -0.862305 0.3396
43.651 1 DESIRED 0.3 0.5 5. 16. -45. 805. 2.
43.654 1 IMU_GYRO -0.019043 -0.02002 -0.018066
43.745 1 ATTITUDE 2.952881 -0.862061 0.339844
43.748 1 IMU_ACCEL 1.863281 -1.698242 -9.678711
43.749 1 DL_VALUE 8 1.
43.845 1 ATTITUDE 2.952881 -0.861816 0.3396
43.851 1 DESIRED 0.3 0.5 5. 16. -45. 805. 2.
43.857 1 GPS 0 1130805120 0 0 -17000 0 0 0 12454 12 1
43.860 1 GPS_SOL 795613440 100020 9999 0
43.880 1 NAVIGATION 0 2 10801716. -3566302. 1.29394907546e+14 1.29395570246e+14 0 0
43.893 1 DOWNLINK_STATUS 31 10609 480 0 847. 39. 4.04
43.945 1 ATTITUDE 2.952637 -0.861572 0.340088
43.948 1 ESTIMATOR -17.003098 -0.009478
44.045 1 ATTITUDE 2.952393 -0.861572 0.339844
44.051 1 DESIRED 0.3 0.5 5. 16. -45. 805. 2.
44.055 1 WP_MOVED 6 506374.40625 3566337.75 820. 12
44.059 1 NAVIGATION 0 2 10801716. -3566302. 1.29394907546e+14 1.29395570246e+14 0 0
44.098 1 GPS 0 1130805120 0 0 -17000 0 0 0 12454 12 2
44.130 1 NAVIGATION 0 2 10801716. -3566302. 1.29394907546e+14 1.29395570246e+14 0 0
44.144 1 ATTITUDE 2.953125 -0.861328 0.339844
44.245 1 ATTITUDE 2.953125 -0.861084 0.340332
44.251 1 DESIRED 0.3 0.5 5. 16. -45. 805. 2.
44.254 1 IMU_GYRO -0.008301 -0.016846 -0.012695
44.345 1 ATTITUDE 2.952637 -0.861084 0.340332
44.351 1 GPS 0 1130805120 0 0 -17000 0 0 0 12954 12 3
44.380 1 NAVIGATION 0 2 10801716. -3566302. 1.29394907546e+14 1.29395570246e+14 0 0
44.445 1 ATTITUDE 2.952881 -0.861572 0.340576
44.451 1 DESIRED 0.3 0.5 5. 16. -45. 805. 2.
44.454 1 ESTIMATOR -17.004623 -0.007697
44.545 1 ATTITUDE 2.953125 -0.861572 0.34082
44.551 1 WP_MOVED 7 506350.5 3566270.75 805. 12
44.552 1 IMU_ACCEL 1.87793 -1.655273 -9.62207
44.555 1 BAT 0 0 0 0 1 13 13 0
44.557 1 CALIBRATION -148.1 0
44.598 1 GPS 0 1130805120 0 0 -17000 0 0 0 13204 12 4
44.630 1 NAVIGATION 0 2 10801716. -3566302. 1.29394907546e+14 1.29395570246e+14 0 0
44.645 1 ATTITUDE 2.953613 -0.861572 0.340576
44.651 1 DESIRED 0.3 0.5 5. 16. -45. 805. 2.
44.654 1 IMU_MAG -1.430176 -1.056152 2.307617
44.745 1 ATTITUDE 2.952148 -0.861572 0.339355
44.749 1 ENERGY 0. 0. 0 0.
44.845 1 ATTITUDE 2.952637 -0.861816 0.339844
44.851 1 DESIRED 0.3 0.5 5. 16. -45. 805. 2.
44.857 1 GPS 0 1130805120 0 0 -17000 0 0 0 13454 12 5
44.860 1 IMU_GYRO -0.001953 -0.018066 -0.010498
44.880 1 NAVIGATION 0 2 10801716. -3566302. 1.29394907546e+14 1.29395570246e+14 0 0
44.894 1 DOWNLINK_STATUS 32 11412 515 0 803. 35. 4.04
44.945 1 ATTITUDE 2.953369 -0.861816 0.340332
44.948 1 ESTIMATOR -17.00486 -0.005702
45.045 1 ATTITUDE 2.95459 -0.861816 0.340576
45.051 1 DESIRED 0.3 0.5 5. 16. -45. 805. 2.
45.055 1 WP_MOVED 8 506254.8125 3566257.5 815. 12
45.059 1 NAVIGATION 0 2 10801716. -3566302. 1.29394907546e+14 1.29395570246e+14 0 0
45.098 1 GPS 0 1130805120 0 0 -17000 0 0 0 13454 12 6
45.128 1 FBW_STATUS 2 0 1 0 0
45.132 1 NAVIGATION 0 2 10801716. -3566302. 1.29394907546e+14 1.29395570246e+14 0 0
45.145 1 ATTITUDE 2.95459 -0.861816 0.340332
45.245 1 ATTITUDE 2.954102 -0.861328 0.340088
45.251 1 DESIRED 0.3 0.5 5. 16. -45. 805. 2.
45.252 1 DL_VALUE 9 1.
45.345 1 ATTITUDE 2.953857 -0.861328 0.339844
45.351 1 GPS 0 1130805120 0 0 -17000 0 0 0 13954 12 7
45.354 1 IMU_ACCEL 1.825195 -1.679688 -9.588867
45.355 1 STATE_FILTER_STATUS 3 0
45.380 1 NAVIGATION 0 2 10801716. -3566302. 1.29394907546e+14 1.29395570246e+14 0 0
45.445 1 ATTITUDE 2.954346 -0.861084 0.340088
45.451 1 DESIRED 0.3 0.5 5. 16. -45. 805. 2.
45.454 1 ESTIMATOR -17.004351 -0.003852
45.457 1 IMU_GYRO -0.00415 -0.027588 -0.001953
45.545 1 ATTITUDE 2.954346 -0.860107 0.341309
45.549 1 WP_MOVED 9 506213.8125 3566287.5 815. 12
45.598 1 GPS 0 1130805120 0 0 -17000 0 0 0 14250 12 8
45.630 1 NAVIGATION 0 2 10801716. -3566302. 1.29394907546e+14 1.29395570246e+14 0 0
45.645 1 ATTITUDE 2.95459 -0.85791 0.341553
45.651 1 DESIRED 0.3 0.5 5. 16. -45. 805. 2.
45.655 1 BAT 0 0 0 0 1 14 14 0
45.745 1 ATTITUDE 2.953125 -0.855957 0.343994
45.845 1 ATTITUDE 2.952393 -0.855957 0.344238
45.851 1 DESIRED 0.3 0.5 5. 16. -45. 805. 2.
45.857 1 GPS 0 1130805120 0 0 -17000 0 0 0 14250 12 9
45.859 1 GPS_SOL 795613760 100025 9999 0
45.880 1 NAVIGATION 0 2 10801716. -3566302. 1.29394907546e+14 1.29395570246e+14 0 0
45.895 1 DOWNLINK_STATUS 33 12199 550 0 787. 35. 4.04
45.945 1 ATTITUDE 2.952881 -0.856201 0.34375
45.948 1 ESTIMATOR -17.0035 -0.002325
45.951 1 IMU_MAG -1.427734 -1.059082 2.290527
46.045 1 ATTITUDE 2.953125 -0.856689 0.343262
46.051 1 DESIRED 0.3 0.5 5. 16. -45. 805. 2.
46.057 1 WP_MOVED 0 506377. 3566344. 900. 12
46.058 1 IMU_GYRO -0.016846 -0.014893 -0.019043
46.062 1 NAVIGATION 0 2 10801716. -3566302. 1.29394907546e+14 1.29395570246e+14 0 0
46.098 1 GPS 0 1130805120 0 0 -17000 0 0 0 14500 12 10
46.130 1 NAVIGATION 0 2 10801716. -3566302. 1.29394907546e+14 1.29395570246e+14 0 0
46.145 1 ATTITUDE 2.953857 -0.857422 0.343506
46.147 1 IMU_ACCEL 1.820312 -1.640625 -9.607422
46.228 1 COMMANDS 0,9600,-859,0
46.245 1 ATTITUDE 2.953857 -0.857666 0.34375
46.250 1 SETTING 1 9 0.
46.251 1 DESIRED 0.3 0.5 5. 16. -45. 805. 2.
46.258 1 DL_VALUE 9 0.
46.328 1 ACTUATORS 1000,1760,1689,1500
46.345 1 ATTITUDE 2.953857 -0.85791 0.343994
46.351 1 GPS 0 1130805120 0 0 -17000 0 0 0 14750 12 11
46.380 1 NAVIGATION 0 2 10801716. -3566302. 1.29394907546e+14 1.29395570246e+14 0 0
46.445 1 ATTITUDE 2.954346 -0.85791 0.343994
46.451 1 DESIRED 0.3 0.5 5. 16. -45. 805. 2.
46.453 1 ESTIMATOR -17.002569 -0.001176
46.545 1 ATTITUDE 2.955078 -0.856445 0.342285
46.549 1 WP_MOVED 1 506335. 3566302. 765. 12
46.598 1 GPS 0 1130805120 0 0 -17000 0 0 0 15250 12 12
46.630 1 NAVIGATION 0 2 10801716. -3566302. 1.29394907546e+14 1.29395570246e+14 0 0
46.644 1 ATTITUDE 2.954834 -0.857178 0.342773
46.651 1 DESIRED 0.3 0.5 5. 16. -45. 805. 2.
46.655 1 IMU_GYRO -0.006348 -0.02124 0.003174
46.656 1 CALIBRATION -148.1 0
46.745 1 ATTITUDE 2.956787 -0.856689 0.34082
46.749 1 BAT 2880 0 0 0 0 15 15 0
46.750 1 DL_VALUE 10 0.
46.845 1 ATTITUDE 2.958252 -0.85791 0.341797
46.851 1 DESIRED 0.3 0.5 5. 16. -45. 805. 2.
46.857 1 GPS 0 1130805120 0 0 -17000 0 0 0 15250 12 13
46.880 1 NAVIGATION 0 2 10801716. -3566302. 1.29394907546e+14 1.29395570246e+14 0 0
46.896 1 DOWNLINK_STATUS 34 13034 588 0 835. 38. 4.04
46.945 1 ATTITUDE 2.959961 -0.857666 0.341797
46.948 1 ESTIMATOR -17.001719 -0.000388
46.951 1 IMU_ACCEL 2.680664 -1.228516 -9.004883
47.045 1 ATTITUDE 2.961426 -0.857422 0.341797
47.051 1 DESIRED 0.3 0.5 5. 16. -45. 805. 2.
47.054 1 WP_MOVED 2 506254.8125 3566257.5 815. 12
47.059 1 NAVIGATION 0 2 10801716. -3566302. 1.29394907546e+14 1.29395570246e+14 0 0
47.098 1 GPS 0 1130805120 0 0 -17000 0 0 0 15500 12 14
47.127 1 FBW_STATUS 2 0 1 0 0
47.131 1 NAVIGATION 0 2 10801716. -3566302. 1.29394907546e+14 1.29395570246e+14 0 0
47.145 1 ATTITUDE 2.960693 -0.857422 0.338867
47.245 1 ATTITUDE 2.963379 -0.856201 0.33667
47.251 1 DESIRED 0.3 0.5 5. 16. -45. 805. 2.
47.254 1 IMU_GYRO -0.010498 0.010498 -0.015869
47.257 1 IMU_MAG -1.422852 -1.07373 2.275879
47.261 1 ENERGY 0. 0. 0 0.
47.345 1 ATTITUDE 2.962891 -0.855957 0.3396
47.351 1 GPS 0 1130805120 0 0 -17000 0 0 0 15750 12 15
47.355 1 ALIVE 31,34,177,162,100,144,69,240,243,102,124,47,20,171,136,134
47.380 1 NAVIGATION 0 2 10801716. -3566302. 1.29394907546e+14 1.29395570246e+14 0 0
47.445 1 ATTITUDE 2.963135 -0.855469 0.332764
47.451 1 DESIRED 0.3 0.5 5. 16. -45. 805. 2.
47.453 1 ESTIMATOR -17.001022 9.9e-05
47.455 1 PPRZ_MODE 4 1 2 0 0 6
47.545 1 ATTITUDE 2.963623 -0.856201 0.333252
47.549 1 WP_MOVED 3 506350.5 3566257. 805. 12
47.549 1 STATE_FILTER_STATUS 3 0
47.598 1 GPS 0 1130805120 0 0 -17000 0 0 0 16250 12 16
47.630 1 NAVIGATION 0 2 10801716. -3566302. 1.29394907546e+14 1.29395570246e+14 0 0
47.644 1 ATTITUDE 2.963135 -0.857178 0.33374
47.651 1 DESIRED 0.3 0.5 5. 16. -45. 805. 2.
47.745 1 ATTITUDE 2.963623 -0.85791 0.330322
47.748 1 IMU_ACCEL 2.088867 -1.958008 -10.206055
47.845 1 ATTITUDE 2.965576 -0.859131 0.330811
47.851 1 DESIRED 0.3 0.5 5. 16. -45. 805. 2.
47.857 1 GPS 0 1130805120 0 0 -17000 0 0 0 16250 12 1
47.860 1 IMU_GYRO -0.014893 -0.018066 -0.000977
47.863 1 BAT 0 0 0 0 1 16 16 0
47.880 1 NAVIGATION 0 2 10801716. -3566302. 1.29394907546e+14 1.29395570246e+14 0 0
47.897 1 DOWNLINK_STATUS 35 13902 627 0 868. 39. 4.04
47.945 1 ATTITUDE 2.964111 -0.859619 0.330078
47.947 1 ESTIMATOR -17.000505 0.000354
47.949 1 DOWNLINK 1 825 630
48.045 1 ATTITUDE 2.966797 -0.859863 0.331055
48.053 1 DESIRED 0.3 0.5 5. 16. -45. 805. 2.
48.054 1 WP_MOVED 4 506374.40625 3566337.75 805. 12
48.059 1 NAVIGATION 0 2 10801716. -3566302. 1.29394907546e+14 1.29395570246e+14 0 0
48.098 1 GPS 0 1130805120 0 0 -17000 0 0 0 16500 12 2
48.130 1 NAVIGATION 0 2 10801716. -3566302. 1.29394907546e+14 1.29395570246e+14 0 0
48.144 1 ATTITUDE 2.969238 -0.860352 0.33252
48.245 1 ATTITUDE 2.969482 -0.860596 0.333008
48.251 1 DESIRED 0.3 0.5 5. 16. -45. 805. 2.
48.253 1 DL_VALUE 11 1.
48.345 1 ATTITUDE 2.963379 -0.861084 0.331299
48.351 1 GPS 0 1130805120 0 0 -17000 0 0 0 16750 12 3
48.380 1 NAVIGATION 0 2 10801716. -3566302. 1.29394907546e+14 1.29395570246e+14 0 0
48.380 1 PONG 
48.445 1 ATTITUDE 2.960205 -0.861328 0.331299
48.451 1 DESIRED 0.3 0.5 5. 16. -45. 805. 2.
48.453 1 ESTIMATOR -17.000153 0.00045
48.456 1 IMU_GYRO -0.044678 -0.044678 -0.038086
48.545 1 ATTITUDE 2.963379 -0.862061 0.334473
48.548 1 WP_MOVED 5 506402.3125 3566363.25 820. 12
48.552 1 IMU_ACCEL 1.892578 -1.655273 -9.555664
48.555 1 IMU_MAG -1.417969 -1.087891 2.255859
48.598 1 GPS 0 1130805120 0 0 -17000 0 0 0 17250 12 4
48.630 1 NAVIGATION 0 2 10801716. -3566302. 1.29394907546e+14 1.29395570246e+14 0 0
48.645 1 ATTITUDE 2.968506 -0.862061 0.337158
48.651 1 DESIRED 0.3 0.5 5. 16. -45. 805. 2.
48.745 1 ATTITUDE 2.976318 -0.860107 0.331787
48.747 1 CALIBRATION -148.1 0
48.845 1 ATTITUDE 2.975098 -0.858643 0.33252
48.851 1 DESIRED 0.3 0.5 5. 16. -45. 805. 2.
48.857 1 GPS 0 1130805120 0 0 -17000 0 0 0 17250 12 5
48.880 1 NAVIGATION 0 2 10801716. -3566302. 1.29394907546e+14 1.29395570246e+14 0 0
48.898 1 DOWNLINK_STATUS 36 14675 662 0 773. 35. 4.01
48.945 1 ATTITUDE 2.976807 -0.858154 0.333496
48.947 1 ESTIMATOR -16.999937 0.000443
48.951 1 BAT 0 0 0 0 1 17 17 0
49.045 1 ATTITUDE 2.980957 -0.855713 0.331543
49.051 1 DESIRED 0.3 0.5 5. 16. -45. 805. 2.
49.054 1 WP_MOVED 6 506374.40625 3566337.75 820. 12
49.057 1 IMU_GYRO -0.078613 0.049805 -0.040283
49.062 1 NAVIGATION 0 2 10801716. -3566302. 1.29394907546e+14 1.29395570246e+14 0 0
49.098 1 GPS 0 1130805120 0 0 -17000 0 0 0 17500 12 6
49.127 1 FBW_STATUS 2 0 1 0 0
49.131 1 NAVIGATION 0 2 10801716. -3566302. 1.29394907546e+14 1.29395570246e+14 0 0
49.145 1 ATTITUDE 2.987061 -0.854004 0.327637
49.245 1 ATTITUDE 2.987305 -0.854736 0.329346
49.251 1 DESIRED 0.3 0.5 5. 16. -45. 805. 2.
49.345 1 ATTITUDE 2.98584 -0.855469 0.330811
49.351 1 GPS 0 1130805120 0 0 -17000 0 0 0 17750 12 7
49.354 1 IMU_ACCEL 1.897461 -1.271484 -9.375
49.380 1 NAVIGATION 0 2 10801716. -3566302. 1.29394907546e+14 1.29395570246e+14 0 0
49.445 1 ATTITUDE 2.989258 -0.854004 0.328857
49.451 1 DESIRED 0.3 0.5 5. 16. -45. 805. 2.
49.453 1 ESTIMATOR -16.999826 0.000381
49.545 1 ATTITUDE 2.990234 -0.852295 0.328369
49.548 1 WP_MOVED 7 506350.5 3566270.75 805. 12
49.598 1 GPS 0 1130805120 0 0 -17000 0 0 0 18250 12 8
49.630 1 NAVIGATION 0 2 10801716. -3566302. 1.29394907546e+14 1.29395570246e+14 0 0
49.644 1 ATTITUDE 2.991211 -0.851318 0.327881
49.651 1 DESIRED 0.3 0.5 5. 16. -45. 805. 2.
49.653 1 IMU_GYRO -0.00415 -0.016846 -0.02124
49.745 1 ATTITUDE 2.988525 -0.852295 0.329346
49.747 1 DL_VALUE 0 0.
49.748 1 STATE_FILTER_STATUS 3 0
49.752 1 ENERGY 0. 0. 0 0.
49.845 1 ATTITUDE 2.987305 -0.852783 0.329834
49.851 1 DESIRED 0.3 0.5 5. 16. -45. 805. 2.
49.857 1 GPS 0 1130805120 0 0 -17000 0 0 0 18250 12 9
49.860 1 IMU_MAG -1.427734 -1.102539 2.258789
49.863 1 GPS_SOL 795614592 100037 9999 0
49.880 1 NAVIGATION 0 2 10801716. -3566302. 1.29394907546e+14 1.29395570246e+14 0 0
49.899 1 DOWNLINK_STATUS 37 15518 700 0 843. 38. 4.01
49.945 1 ATTITUDE 2.987549 -0.852295 0.329834
49.947 1 ESTIMATOR -16.999788 0.000296
50.045 1 ATTITUDE 2.988281 -0.851318 0.330078
50.051 1 DESIRED 0.3 0.5 5. 16. -45. 805. 2.
50.054 1 WP_MOVED 8 506254.8125 3566257.5 815. 12
50.059 1 NAVIGATION 0 2 10801716. -3566302. 1.29394907546e+14 1.29395570246e+14 0 0
50.062 1 BAT 0 0 0 0 1 18 18 0
50.097 1 GPS 0 1130805120 0 0 -17000 0 0 0 18500 12 10
50.130 1 NAVIGATION 0 2 10801716. -3566302. 1.29394907546e+14 1.29395570246e+14 0 0
50.145 1 ATTITUDE 2.987061 -0.849854 0.329834
50.147 1 IMU_ACCEL 1.959961 -1.37207 -9.626953
50.244 1 ATTITUDE 2.988281 -0.848877 0.328857
50.251 1 DESIRED 0.3 0.5 5. 16. -45. 805. 2.
50.254 1 IMU_GYRO 0.001953 -0.034912 -0.008301
50.345 1 ATTITUDE 2.984863 -0.850098 0.330566
50.351 1 GPS 0 1130805120 0 0 -17000 0 0 0 18750 12 11
50.380 1 NAVIGATION 0 2 10801716. -3566302. 1.29394907546e+14 1.29395570246e+14 0 0
50.447 1 ATTITUDE 2.981934 -0.850586 0.331299
50.451 1 DESIRED 0.3 0.5 5. 16. -45. 805. 2.
50.453 1 ESTIMATOR -16.999796 0.000211
50.545 1 ATTITUDE 2.983398 -0.850098 0.330566
50.548 1 WP_MOVED 9 506213.8125 3566287.5 815. 12
50.597 1 GPS 0 1130805120 0 0 -17000 0 0 0 19250 12 12
50.630 1 NAVIGATION 0 2 10801716. -3566302. 1.29394907546e+14 1.29395570246e+14 0 0
50.645 1 ATTITUDE 2.983887 -0.849609 0.32959
50.651 1 DESIRED 0.3 0.5 5. 16. -45. 805. 2.
50.745 1 ATTITUDE 2.97876 -0.851318 0.331787
50.747 1 NAVIGATION_REF 506335 3566302 12
50.845 1 ATTITUDE 2.975098 -0.853271 0.334229
50.851 1 DESIRED 0.3 0.5 5. 16. -45. 805. 2.
50.856 1 GPS 0 1130805120 0 0 -17000 0 0 0 19250 12 13
50.860 1 IMU_GYRO -0.001953 -0.023193 -0.024414
50.862 1 CALIBRATION -148.1 0
50.880 1 NAVIGATION 0 2 10801716. -3566302. 1.29394907546e+14 1.29395570246e+14 0 0
50.900 1 DOWNLINK_STATUS 38 16298 734 0 780. 34. 4.01
50.945 1 ATTITUDE 2.976074 -0.85376 0.334473
50.948 1 ESTIMATOR -16.999826 0.000136
50.950 1 IMU_ACCEL 2.007812 -1.454102 -9.769531
51.045 1 ATTITUDE 2.97583 -0.85376 0.335205
51.051 1 DESIRED 0.3 0.5 5. 16. -45. 805. 2.
51.054 1 WP_MOVED 0 506377. 3566344. 900. 12
51.061 1 NAVIGATION 0 2 10801716. -3566302. 1.29394907546e+14 1.29395570246e+14 0 0
51.097 1 GPS 0 1130805120 0 0 -17000 0 0 0 19500 12 14
51.127 1 FBW_STATUS 2 0 1 0 0
51.132 1 NAVIGATION 0 2 10801716. -3566302. 1.29394907546e+14 1.29395570246e+14 0 0
51.144 1 ATTITUDE 2.97876 -0.852783 0.333984
51.147 1 BAT 0 0 0 0 1 20 20 0
51.150 1 IMU_MAG -1.422852 -1.099609 2.25
51.228 1 COMMANDS 0,9600,-915,0
51.245 1 ATTITUDE 2.979248 -0.852539 0.33374
51.251 1 DESIRED 0.3 0.5 5. 16. -45. 805. 2.
51.252 1 DL_VALUE 1 0.
51.328 1 ACTUATORS 1000,1763,1686,1500
51.345 1 ATTITUDE 2.97998 -0.852295 0.333008
51.351 1 GPS 0 1130805120 0 0 -17000 0 0 0 19750 12 15
51.380 1 NAVIGATION 0 2 10801716. -3566302. 1.29394907546e+14 1.29395570246e+14 0 0
51.445 1 ATTITUDE 2.980469 -0.851807 0.33252
51.451 1 DESIRED 0.3 0.5 5. 16. -45. 805. 2.
51.453 1 ESTIMATOR -16.999865 7.7e-05
51.456 1 IMU_GYRO -0.036133 -0.008301 -0.024414
51.545 1 ATTITUDE 2.981934 -0.851074 0.332031
51.548 1 WP_MOVED 1 506335. 3566302. 765. 12
51.597 1 GPS 0 1130805120 0 0 -17000 0 0 0 20250 12 16
51.630 1 NAVIGATION 0 2 10801716. -3566302. 1.29394907546e+14 1.29395570246e+14 0 0
51.645 1 ATTITUDE 2.983154 -0.850586 0.331299
51.651 1 DESIRED 0.3 0.5 5. 16. -45. 805. 2.
51.745 1 ATTITUDE 2.984375 -0.850098 0.330811
51.748 1 IMU_ACCEL 1.907227 -1.357422 -9.631836
51.845 1 ATTITUDE 2.985596 -0.849121 0.330078
51.851 1 DESIRED 0.3 0.5 5. 16. -45. 805. 2.
51.856 1 GPS 0 1130805120 0 0 -17000 0 0 0 20250 12 1
51.859 1 GPS_SOL 795615104 100042 9999 0
51.879 1 NAVIGATION 0 2 10801716. -3566302. 1.29394907546e+14 1.29395570246e+14 0 0
51.901 1 DOWNLINK_STATUS 39 17142 772 0 844. 38. 4.01
51.945 1 ATTITUDE 2.983643 -0.849854 0.330322
51.947 1 ESTIMATOR -16.999905 3.4e-05
51.949 1 STATE_FILTER_STATUS 3 0
52.045 1 ATTITUDE 2.984131 -0.849365 0.330566
52.051 1 DESIRED 0.3 0.5 5. 16. -45. 805. 2.
52.054 1 WP_MOVED 2 506254.8125 3566257.5 815. 12
52.057 1 IMU_GYRO -0.014893 -0.012695 -0.015869
52.062 1 NAVIGATION 0 2 10801716. -3566302. 1.29394907546e+14 1.29395570246e+14 0 0
52.097 1 GPS 0 1130805120 0 0 -17000 0 0 0 20500 12 2
52.129 1 NAVIGATION 0 2 10801716. -3566302. 1.29394907546e+14 1.29395570246e+14 0 0
52.145 1 ATTITUDE 2.985596 -0.849121 0.329834
52.245 1 ATTITUDE 2.986328 -0.848877 0.329346
52.251 1 DESIRED 0.3 0.5 5. 16. -45. 805. 2.
52.254 1 BAT 0 0 0 0 1 21 21 0
52.258 1 ENERGY 0. 0. 0 0.
52.345 1 ATTITUDE 2.987061 -0.848877 0.329102
52.350 1 GPS 0 1130805120 0 0 -17000 0 0 0 20750 12 3
52.354 1 ALIVE 31,34,177,162,100,144,69,240,243,102,124,47,20,171,136,134
52.379 1 NAVIGATION 0 2 10801716. -3566302. 1.29394907546e+14 1.29395570246e+14 0 0
52.445 1 ATTITUDE 2.986572 -0.849121 0.329346
52.451 1 DESIRED 0.3 0.5 5. 16. -45. 805. 2.
52.453 1 ESTIMATOR -16.999941 6e-06
52.456 1 IMU_MAG -1.415527 -1.108398 2.25293
52.458 1 PPRZ_MODE 4 1 2 0 0 6
52.545 1 ATTITUDE 2.986816 -0.849121 0.329346
52.548 1 WP_MOVED 3 506350.5 3566257. 805. 12
52.551 1 IMU_ACCEL 1.988281 -1.40625 -9.816406
52.597 1 GPS 0 1130805120 0 0 -17000 0 0 0 21250 12 4
52.629 1 NAVIGATION 0 2 10801716. -3566302. 1.29394907546e+14 1.29395570246e+14 0 0
52.645 1 ATTITUDE 2.984619 -0.849854 0.330078
52.651 1 DESIRED 0.3 0.5 5. 16. -45. 805. 2.
52.653 1 IMU_GYRO -0.00415 -0.008301 -0.014893
52.745 1 ATTITUDE 2.985596 -0.849854 0.329834
52.747 1 DL_VALUE 2 805.
52.845 1 ATTITUDE 2.985596 -0.850098 0.329346
52.851 1 DESIRED 0.3 0.5 5. 16. -45. 805. 2.
52.856 1 GPS 0 1130805120 0 0 -17000 0 0 0 21250 12 5
52.879 1 NAVIGATION 0 2 10801716. -3566302. 1.29394907546e+14 1.29395570246e+14 0 0
52.902 1 DOWNLINK_STATUS 40 17989 810 0 847. 38. 4.01
52.945 1 ATTITUDE 2.986084 -0.850098 0.329102
52.947 1 ESTIMATOR -16.999966 -1.1e-05
52.947 1 WIND_INFO 1 42 0. 0. 0.
52.948 1 CALIBRATION -148.1 0
53.045 1 ATTITUDE 2.984863 -0.850586 0.329102
53.051 1 DESIRED 0.3 0.5 5. 16. -45. 805. 2.
53.054 1 WP_MOVED 4 506374.40625 3566337.75 805. 12
53.059 1 NAVIGATION 0 2 10801716. -3566302. 1.29394907546e+14 1.29395570246e+14 0 0
53.059 1 DOWNLINK 1 822 818
53.097 1 GPS 0 1130805120 0 0 -17000 0 0 0 21500 12 6
53.130 1 FBW_STATUS 2 0 1 0 0
53.131 1 NAVIGATION 0 2 10801716. -3566302. 1.29394907546e+14 1.29395570246e+14 0 0
53.144 1 ATTITUDE 2.984863 -0.851318 0.330078
53.245 1 ATTITUDE 2.984375 -0.852051 0.330566
53.251 1 DESIRED 0.3 0.5 5. 16. -45. 805. 2.
53.254 1 IMU_GYRO 0.008301 -0.026367 -0.014893
53.345 1 ATTITUDE 2.984131 -0.852051 0.330811
53.350 1 GPS 0 1130805120 0 0 -17000 0 0 0 21750 12 7
53.354 1 IMU_ACCEL 1.930664 -1.386719 -9.665039
53.357 1 BAT 0 0 0 0 1 22 22 0
53.379 1 NAVIGATION 0 2 10801716. -3566302. 1.29394907546e+14 1.29395570246e+14 0 0
53.380 1 PONG 
53.445 1 ATTITUDE 2.983887 -0.852295 0.331299
53.451 1 DESIRED 0.3 0.5 5. 16. -45. 805. 2.
53.453 1 ESTIMATOR -16.999985 -1.9e-05
53.545 1 ATTITUDE 2.984863 -0.851562 0.331055
53.548 1 WP_MOVED 5 506402.3125 3566363.25 820. 12
53.597 1 GPS 0 1130805120 0 0 -17000 0 0 0 22250 12 8
53.629 1 NAVIGATION 0 2 10801716. -3566302. 1.29394907546e+14 1.29395570246e+14 0 0
53.645 1 ATTITUDE 2.985107 -0.851318 0.331299
53.651 1 DESIRED 0.3 0.5 5. 16. -45. 805. 2.
53.745 1 ATTITUDE 2.985596 -0.850586 0.331543
53.748 1 IMU_MAG -1.425293 -1.105469 2.278809
53.845 1 ATTITUDE 2.986816 -0.849854 0.330811
53.851 1 DESIRED 0.3 0.5 5. 16. -45. 805. 2.
53.856 1 GPS 0 1130805120 0 0 -17000 0 0 0 22250 12 9
53.859 1 IMU_GYRO -0.019043 -0.016846 -0.022217
53.862 1 GPS_SOL 795615680 100048 9999 0
53.879 1 NAVIGATION 0 2 10801716. -3566302. 1.29394907546e+14 1.29395570246e+14 0 0
53.903 1 DOWNLINK_STATUS 41 18820 848 0 831. 38. 3.03
53.945 1 ATTITUDE 2.986816 -0.849609 0.331055
53.947 1 ESTIMATOR -16.999998 -2.1e-05
54.045 1 ATTITUDE 2.987061 -0.848877 0.330566
54.051 1 DESIRED 0.3 0.5 5. 16. -45. 805. 2.
54.054 1 WP_MOVED 6 506374.40625 3566337.75 820. 12
54.059 1 NAVIGATION 0 2 10801716. -3566302. 1.29394907546e+14 1.29395570246e+14 0 0
54.097 1 GPS 0 1130805120 0 0 -17000 0 0 0 22500 12 10
54.129 1 NAVIGATION 0 2 10801716. -3566302. 1.29394907546e+14 1.29395570246e+14 0 0
54.145 1 ATTITUDE 2.98584 -0.849121 0.330811
54.148 1 IMU_ACCEL 2.00293 -1.391602 -9.711914
54.148 1 STATE_FILTER_STATUS 3 0
54.245 1 ATTITUDE 2.984863 -0.849365 0.331055
54.251 1 DESIRED 0.3 0.5 5. 16. -45. 805. 2.
54.251 1 DL_VALUE 3 0.
54.345 1 ATTITUDE 2.984863 -0.849609 0.330811
54.350 1 GPS 0 1130805120 0 0 -17000 0 0 0 22750 12 11
54.379 1 NAVIGATION 0 2 10801716. -3566302. 1.29394907546e+14 1.29395570246e+14 0 0
54.445 1 ATTITUDE 2.984375 -0.850098 0.331055
54.451 1 DESIRED 0.3 0.5 5. 16. -45. 805. 2.
54.453 1 ESTIMATOR -17.000006 -1.9e-05
54.456 1 IMU_GYRO 0. -0.024414 -0.013672
54.460 1 BAT 0 0 0 0 1 23 23 0
54.545 1 ATTITUDE 2.98291 -0.850342 0.332031
54.548 1 WP_MOVED 7 506350.5 3566270.75 805. 12
54.599 1 GPS 0 1130805120 0 0 -17000 0 0 0 23250 12 12
54.629 1 NAVIGATION 0 2 10801716. -3566302. 1.29394907546e+14 1.29395570246e+14 0 0
54.645 1 ATTITUDE 2.982666 -0.850342 0.331787
54.650 1 DESIRED 0.3 0.5 5. 16. -45. 805. 2.
54.745 1 ATTITUDE 2.982666 -0.850342 0.331787
54.748 1 ENERGY 0. 0. 0 0.
54.845 1 ATTITUDE 2.98291 -0.850098 0.331787
54.851 1 DESIRED 0.3 0.5 5. 16. -45. 805. 2.
54.856 1 GPS 0 1130805120 0 0 -17000 0 0 0 23250 12 13
54.879 1 NAVIGATION 0 2 10801716. -3566302. 1.29394907546e+14 1.29395570246e+14 0 0
54.904 1 DOWNLINK_STATUS 42 19596 882 0 776. 34. 3.03
54.945 1 ATTITUDE 2.984863 -0.849854 0.331055
54.947 1 ESTIMATOR -17.000008 -1.6e-05
54.950 1 IMU_ACCEL 2.00293 -1.401367 -9.731445
55.045 1 ATTITUDE 2.985596 -0.849854 0.330811
55.050 1 DESIRED 0.3 0.5 5. 16. -45. 805. 2.
55.054 1 WP_MOVED 8 506254.8125 3566257.5 815. 12
55.057 1 IMU_GYRO 0.001953 -0.016846 -0.011475
55.062 1 NAVIGATION 0 2 10801716. -3566302. 1.29394907546e+14 1.29395570246e+14 0 0
55.064 1 CALIBRATION -148.1 0
55.096 1 GPS 0 1130805120 0 0 -17000 0 0 0 23500 12 14
55.127 1 FBW_STATUS 2 0 1 0 0
55.132 1 NAVIGATION 0 2 10801716. -3566302. 1.29394907546e+14 1.29395570246e+14 0 0
55.144 1 ATTITUDE 2.983887 -0.850098 0.330566
55.245 1 ATTITUDE 2.984375 -0.849609 0.330566
55.250 1 DESIRED 0.3 0.5 5. 16. -45. 805. 2.
55.345 1 ATTITUDE 2.984619 -0.849365 0.330566
55.350 1 GPS 0 1130805120 0 0 -17000 0 0 0 23750 12 15
55.379 1 NAVIGATION 0 2 10801716. -3566302. 1.29394907546e+14 1.29395570246e+14 0 0
55.445 1 ATTITUDE 2.983398 -0.849121 0.330566
55.450 1 DESIRED 0.3 0.5 5. 16. -45. 805. 2.
55.453 1 ESTIMATOR -17.000008 -1.2e-05
55.545 1 ATTITUDE 2.98291 -0.848877 0.331055
55.548 1 WP_MOVED 9 506213.8125 3566287.5 815. 12
55.551 1 BAT 0 0 0 0 1 24 24 0
55.597 1 GPS 0 1130805120 0 0 -17000 0 0 0 24250 12 16
55.628 1 NAVIGATION 0 2 10801716. -3566302. 1.29394907546e+14 1.29395570246e+14 0 0
55.645 1 ATTITUDE 2.984375 -0.848877 0.330811
55.650 1 DESIRED 0.3 0.5 5. 16. -45. 805. 2.
55.653 1 IMU_GYRO -0.006348 -0.034912 -0.019043
55.745 1 ATTITUDE 2.984131 -0.849854 0.331299
55.748 1 IMU_ACCEL 1.964844 -1.376953 -9.711914
55.750 1 DL_VALUE 4 0.
55.848 1 ATTITUDE 2.985107 -0.849365 0.331055
55.849 1 DESIRED 0.3 0.5 5. 16. -45. 805. 2.
55.855 1 GPS 0 1130805120 0 0 -17000 0 0 0 24250 12 1
55.858 1 GPS_SOL 795616320 100054 9999 0
55.879 1 NAVIGATION 0 2 10801716. -3566302. 1.29394907546e+14 1.29395570246e+14 0 0
55.907 1 DOWNLINK_STATUS 43 20421 919 0 825. 37. 3.03
55.944 1 ATTITUDE 2.983887 -0.849365 0.331787
55.946 1 ESTIMATOR -17.000008 -9e-06
56.045 1 ATTITUDE 2.983887 -0.848877 0.331543
56.050 1 DESIRED 0.3 0.5 5. 16. -45. 805. 2.
56.054 1 WP_MOVED 0 506377. 3566344. 900. 12
56.058 1 NAVIGATION 0 2 10801716. -3566302. 1.29394907546e+14 1.29395570246e+14 0 0
56.097 1 GPS 0 1130805120 0 0 -17000 0 0 0 24500 12 2
56.129 1 NAVIGATION 0 2 10801716. -3566302. 1.29394907546e+14 1.29395570246e+14 0 0
56.145 1 ATTITUDE 2.984131 -0.848877 0.332031
56.226 1 COMMANDS 0,9600,-925,0
56.244 1 ATTITUDE 2.985596 -0.848877 0.331299
56.250 1 DESIRED 0.3 0.5 5. 16. -45. 805. 2.
56.255 1 IMU_GYRO -0.040283 -0.006348 -0.030762
56.326 1 ACTUATORS 1000,1763,1686,1500
56.345 1 ATTITUDE 2.989014 -0.848145 0.32959
56.350 1 GPS 0 1130805120 0 0 -17000 0 0 0 24750 12 3
56.353 1 IMU_MAG -1.417969 -1.108398 2.25293
56.355 1 STATE_FILTER_STATUS 3 0
56.379 1 NAVIGATION 0 2 10801716. -3566302. 1.29394907546e+14 1.29395570246e+14 0 0
56.444 1 ATTITUDE 2.986572 -0.848389 0.330566
56.450 1 DESIRED 0.3 0.5 5. 16. -45. 805. 2.
56.453 1 ESTIMATOR -17.000008 -6e-06
56.544 1 ATTITUDE 2.985352 -0.848389 0.330811
56.548 1 WP_MOVED 1 506335. 3566302. 765. 12
56.551 1 IMU_ACCEL 1.911133 -1.410156 -9.678711
56.597 1 GPS 0 1130805120 0 0 -17000 0 0 0 25250 12 4
56.629 1 NAVIGATION 0 2 10801716. -3566302. 1.29394907546e+14 1.29395570246e+14 0 0
56.644 1 ATTITUDE 2.986084 -0.848389 0.330322
56.650 1 DESIRED 0.3 0.5 5. 16. -45. 805. 2.
56.654 1 BAT 0 0 0 0 1 25 25 0
56.744 1 ATTITUDE 2.98584 -0.848877 0.330566
56.844 1 ATTITUDE 2.985352 -0.848633 0.330322
56.850 1 DESIRED 0.3 0.5 5. 16. -45. 805. 2.
56.856 1 GPS 0 1130805120 0 0 -17000 0 0 0 25250 12 5
56.859 1 IMU_GYRO -0.008301 -0.014893 -0.011475
56.879 1 NAVIGATION 0 2 10801716. -3566302. 1.29394907546e+14 1.29395570246e+14 0 0
56.907 1 DOWNLINK_STATUS 44 21232 955 0 811. 36. 3.03
56.944 1 ATTITUDE 2.984619 -0.848877 0.330566
56.947 1 ESTIMATOR -17.000008 -3e-06
57.044 1 ATTITUDE 2.984619 -0.848633 0.330811
57.050 1 DESIRED 0.3 0.5 5. 16. -45. 805. 2.
57.054 1 WP_MOVED 2 506254.8125 3566257.5 815. 12
57.058 1 NAVIGATION 0 2 10801716. -3566302. 1.29394907546e+14 1.29395570246e+14 0 0
57.097 1 GPS 0 1130805120 0 0 -17000 0 0 0 25500 12 6
57.127 1 FBW_STATUS 2 0 1 0 0
57.132 1 NAVIGATION 0 2 10801716. -3566302. 1.29394907546e+14 1.29395570246e+14 0 0
57.144 1 ATTITUDE 2.984863 -0.848877 0.330566
57.145 1 CALIBRATION -148.1 0
57.244 1 ATTITUDE 2.98291 -0.849365 0.331543
57.250 1 DESIRED 0.3 0.5 5. 16. -45. 805. 2.
57.251 1 DL_VALUE 5 0.
57.256 1 ENERGY 0. 0. 0 0.
57.344 1 ATTITUDE 2.982422 -0.849609 0.332031
57.350 1 GPS 0 1130805120 0 0 -17000 0 0 0 25750 12 7
57.353 1 IMU_ACCEL 1.868164 -1.487305 -9.660156
57.357 1 ALIVE 31,34,177,162,100,144,69,240,243,102,124,47,20,171,136,134
57.379 1 NAVIGATION 0 2 10801716. -3566302. 1.29394907546e+14 1.29395570246e+14 0 0
57.444 1 ATTITUDE 2.98291 -0.849365 0.331299
57.450 1 DESIRED 0.3 0.5 5. 16. -45. 805. 2.
57.453 1 ESTIMATOR -17.000004 -1e-06
57.456 1 IMU_GYRO 0.00415 -0.013672 -0.014893
57.458 1 PPRZ_MODE 4 1 2 0 0 6
57.544 1 ATTITUDE 2.981201 -0.850098 0.332031
57.549 1 WP_MOVED 3 506350.5 3566257. 805. 12
57.596 1 GPS 0 1130805120 0 0 -17000 0 0 0 26250 12 8
57.629 1 NAVIGATION 0 2 10801716. -3566302. 1.29394907546e+14 1.29395570246e+14 0 0
