11.793 1 ATTITUDE -3.04834 -2.382568 -0.119629
11.795 1 BAT 0 0 0 0 1 81 81 0
11.797 1 DL_VALUE 6 100.
11.891 1 ATTITUDE -3.047363 -2.389648 -0.119141
11.897 1 DESIRED -0.8 0.1 4.2 -80. -45. 815. 2.
11.903 1 GPS 0 0 0 0 0 0 0 0 0 0 1
11.926 1 NAVIGATION 0 1 0. 0. 8421.2 0. 0 0
11.992 1 ATTITUDE -3.04834 -2.398682 -0.126221
11.994 1 ESTIMATOR 0. 0.
12.091 1 ATTITUDE -3.045654 -2.402832 -0.119141
12.097 1 DESIRED -0.8 0.1 4.2 -80. -45. 815. 2.
12.101 1 WP_MOVED 4 506374.40625 3566337.75 805. 12
12.105 1 NAVIGATION 0 1 0. 0. 8421.2 0. 0 0
12.144 1 GPS 0 0 0 0 0 0 0 0 0 0 1
12.174 1 FBW_STATUS 2 0 1 0 0
12.179 1 NAVIGATION 0 1 0. 0. 8421.2 0. 0 0
12.191 1 ATTITUDE -3.04541 -2.408203 -0.118896
12.291 1 ATTITUDE -3.045898 -2.414307 -0.119141
12.297 1 DESIRED -0.8 0.1 4.2 -80. -45. 815. 2.
12.301 1 IMU_GYRO 0. 0.029785 -0.015869
12.391 1 ATTITUDE -3.047363 -2.420898 -0.122559
12.398 1 GPS 0 0 0 0 0 0 0 0 0 0 1
12.400 1 IMU_ACCEL 5.259766 1.108398 -8.358398
12.426 1 NAVIGATION 0 1 0. 0. 8421.2 0. 0 0
12.491 1 ATTITUDE -3.053711 -2.438477 -0.099121
12.497 1 DESIRED -0.8 0.1 4.2 -80. -45. 815. 2.
12.500 1 ESTIMATOR 0. 0.
12.565 1 DOWNLINK_STATUS 2 1634 72 0 797. 35. 0.
12.591 1 ATTITUDE -3.060791 -2.466064 -0.060303
12.595 1 WP_MOVED 5 506402.3125 3566363.25 820. 12
12.598 1 IMU_MAG -1.192383 -0.64209 2.949219
12.600 1 STATE_FILTER_STATUS 3 0
12.644 1 GPS 0 0 0 0 0 0 0 0 0 0 1
12.677 1 NAVIGATION 0 1 0. 0. 8421.2 0. 0 0
12.692 1 ATTITUDE -3.057617 -2.468018 -0.044678
12.698 1 DESIRED -0.8 0.1 4.2 -80. -45. 815. 2.
12.792 1 ATTITUDE -3.047852 -2.437012 -0.075928
12.794 1 NAVIGATION_REF 506335 3566302 12
12.892 1 ATTITUDE -3.049316 -2.427979 -0.090332
12.898 1 DESIRED -0.8 0.1 4.2 -80. -45. 815. 2.
12.903 1 GPS 0 0 0 0 0 0 0 0 0 0 1
12.906 1 IMU_GYRO -0.029785 -0.089355 -0.000977
12.910 1 BAT 0 0 0 0 1 82 82 0
12.927 1 NAVIGATION 0 1 0. 0. 8421.2 0. 0 0
12.991 1 ATTITUDE -3.045654 -2.427002 -0.093506
12.994 1 ESTIMATOR 0. 0.
13.091 1 ATTITUDE -3.041748 -2.423584 -0.101562
13.098 1 DESIRED -0.8 0.1 4.2 -80. -45. 815. 2.
13.101 1 WP_MOVED 6 506374.40625 3566337.75 820. 12
13.105 1 NAVIGATION 0 1 0. 0. 8421.2 0. 0 0
13.144 1 GPS 0 0 0 0 0 0 0 0 0 0 1
13.176 1 NAVIGATION 0 1 0. 0. 8421.2 0. 0 0
13.191 1 ATTITUDE -3.041504 -2.423584 -0.107422
13.195 1 IMU_ACCEL 4.943359 1.146484 -8.344727
13.292 1 ATTITUDE -3.041016 -2.42627 -0.109863
13.298 1 DESIRED -0.8 0.1 4.2 -80. -45. 815. 2.
13.299 1 DL_VALUE 7 2.
13.301 1 DOWNLINK 9 0 3048
13.392 1 ATTITUDE -3.041016 -2.430176 -0.110107
13.398 1 GPS 0 0 0 0 0 0 0 0 0 0 1
13.427 1 NAVIGATION 0 1 0. 0. 8421.2 0. 0 0
13.492 1 ATTITUDE -3.040771 -2.43335 -0.109375
13.498 1 DESIRED -0.8 0.1 4.2 -80. -45. 815. 2.
13.500 1 ESTIMATOR 0. 0.
13.503 1 IMU_GYRO -0.019043 -0.041504 -0.022217
13.565 1 DOWNLINK_STATUS 3 2452 109 0 818. 37. 0.
13.592 1 ATTITUDE -3.040527 -2.436523 -0.108643
13.598 1 WP_MOVED 7 506350.5 3566270.75 805. 12
13.645 1 GPS 0 0 0 0 0 0 0 0 0 0 1
13.677 1 NAVIGATION 0 1 0. 0. 8421.2 0. 0 0
13.691 1 ATTITUDE -3.040527 -2.438965 -0.108398
13.698 1 DESIRED -0.8 0.1 4.2 -80. -45. 815. 2.
13.792 1 ATTITUDE -3.040283 -2.44165 -0.108154
13.796 1 ENERGY 0. 0. 0 0.
13.891 1 ATTITUDE -3.040283 -2.444336 -0.107666
13.898 1 DESIRED -0.8 0.1 4.2 -80. -45. 815. 2.
13.903 1 GPS 0 0 0 0 0 0 0 0 0 0 1
13.906 1 IMU_MAG -1.22168 -0.708984 2.932129
13.926 1 NAVIGATION 0 1 0. 0. 8421.2 0. 0 0
13.991 1 ATTITUDE -3.040771 -2.447021 -0.109619
13.994 1 ESTIMATOR 0. 0.
13.998 1 IMU_ACCEL 5.154297 1.136719 -8.416016
14.000 1 BAT 0 0 0 0 1 83 83 0
14.091 1 ATTITUDE -3.03833 -2.462891 -0.126465
14.098 1 DESIRED -0.8 0.1 4.2 -80. -45. 815. 2.
14.102 1 WP_MOVED 8 506254.8125 3566257.5 815. 12
14.104 1 IMU_GYRO 0.031738 -0.130859 -0.527832
14.108 1 NAVIGATION 0 1 0. 0. 8421.2 0. 0 0
14.144 1 GPS 0 0 0 0 0 0 0 0 0 0 1
14.174 1 FBW_STATUS 2 0 1 0 0
14.178 1 NAVIGATION 0 1 0. 0. 8421.2 0. 0 0
14.191 1 ATTITUDE -3.027588 -2.475098 -0.088379
14.291 1 ATTITUDE -3.030518 -2.498047 -0.179443
14.297 1 DESIRED -0.8 0.1 4.2 -80. -45. 815. 2.
14.391 1 ATTITUDE -3.039307 -2.519287 -0.369873
14.397 1 GPS 0 0 0 0 0 0 0 0 0 0 1
14.426 1 NAVIGATION 0 1 0. 0. 8421.2 0. 0 0
14.491 1 ATTITUDE -3.012695 -2.598145 -0.656006
14.498 1 DESIRED -0.8 0.1 4.2 -80. -45. 815. 2.
14.500 1 ESTIMATOR 0. 0.
14.566 1 DOWNLINK_STATUS 4 3240 143 0 788. 34. 0.
14.591 1 ATTITUDE -3.056641 -2.578613 -0.377441
14.595 1 WP_MOVED 9 506213.8125 3566287.5 815. 12
14.645 1 GPS 0 0 0 0 0 0 0 0 0 0 1
14.677 1 NAVIGATION 0 1 0. 0. 8421.2 0. 0 0
14.691 1 ATTITUDE -2.995605 -2.59375 -0.060547
14.698 1 DESIRED -0.8 0.1 4.2 -80. -45. 815. 2.
14.700 1 IMU_GYRO -0.014893 -1.759033 -0.484131
14.792 1 ATTITUDE -2.981201 -2.596436 -0.000977
14.794 1 IMU_ACCEL 3.492188 1.712891 -8.676758
14.796 1 DL_VALUE 8 0.
14.798 1 STATE_FILTER_STATUS 3 0
14.891 1 ATTITUDE -2.992188 -2.5896 0.043213
14.898 1 DESIRED -0.8 0.1 4.2 -80. -45. 815. 2.
14.903 1 GPS 0 0 0 0 0 0 0 0 0 0 1
14.906 1 GPS_SOL 0 0 0 0
14.927 1 NAVIGATION 0 1 0. 0. 8421.2 0. 0 0
14.991 1 ATTITUDE -3.000732 -2.576904 0.048828
14.994 1 ESTIMATOR 0. 0.
14.996 1 CALIBRATION -150. 0
15.091 1 ATTITUDE -2.995361 -2.556641 -0.009766
15.098 1 DESIRED -0.8 0.1 4.2 -80. -45. 815. 2.
15.102 1 WP_MOVED 0 506377. 3566344. 757. 12
15.106 1 NAVIGATION 0 1 0. 0. 8421.2 0. 0 0
15.110 1 BAT 0 0 0 0 1 84 84 0
15.145 1 GPS 0 0 0 0 0 0 0 0 0 0 1
15.177 1 NAVIGATION 0 1 0. 0. 8421.2 0. 0 0
15.192 1 ATTITUDE -2.992432 -2.555908 -0.030273
15.194 1 IMU_MAG -1.143555 -0.726074 2.975098
15.274 1 COMMANDS 0,-9600,-650,0
15.292 1 ATTITUDE -2.998779 -2.557617 -0.015381
15.298 1 DESIRED -0.8 0.1 4.2 -80. -45. 815. 2.
15.300 1 IMU_GYRO 0.187256 -0.19043 -0.054199
15.375 1 ACTUATORS 1000,1303,1248,1500
15.396 1 ATTITUDE -3.001953 -2.557373 -0.021973
15.398 1 GPS 0 0 0 0 0 0 0 0 0 0 1
15.427 1 NAVIGATION 0 1 0. 0. 8421.2 0. 0 0
15.491 1 ATTITUDE -3.006592 -2.553467 -0.045898
15.498 1 DESIRED -0.8 0.1 4.2 -80. -45. 815. 2.
15.501 1 ESTIMATOR 0. 0.
15.567 1 DOWNLINK_STATUS 5 4090 182 0 850. 39. 0.
15.592 1 ATTITUDE -3.018066 -2.558594 -0.03833
15.596 1 WP_MOVED 1 506335. 3566302. 765. 12
15.598 1 IMU_ACCEL 4.395508 1.213867 -8.880859
15.644 1 GPS 0 0 0 0 0 0 0 0 0 0 1
15.679 1 NAVIGATION 0 1 0. 0. 8421.2 0. 0 0
15.692 1 ATTITUDE -3.029541 -2.559326 -0.034424
15.698 1 DESIRED -0.8 0.1 4.2 -80. -45. 815. 2.
15.792 1 ATTITUDE -3.024414 -2.54541 -0.052246
15.891 1 ATTITUDE -3.019531 -2.53833 -0.066406
15.898 1 DESIRED -0.8 0.1 4.2 -80. -45. 815. 2.
15.903 1 GPS 0 0 0 0 0 0 0 0 0 0 1
15.906 1 IMU_GYRO -0.055176 0.086182 0.012695
15.927 1 NAVIGATION 0 1 0. 0. 8421.2 0. 0 0
15.991 1 ATTITUDE -3.02124 -2.535889 -0.074707
15.994 1 ESTIMATOR 0. 0.
16.066 1 PONG 
16.091 1 ATTITUDE -3.022461 -2.533447 -0.075928
16.098 1 DESIRED -0.8 0.1 4.2 -80. -45. 815. 2.
16.102 1 WP_MOVED 2 506254.8125 3566257.5 815. 12
16.105 1 NAVIGATION 0 1 0. 0. 8421.2 0. 0 0
16.145 1 GPS 0 0 0 0 0 0 0 0 0 0 1
16.174 1 FBW_STATUS 2 0 1 0 0
16.179 1 NAVIGATION 0 1 0. 0. 8421.2 0. 0 0
16.191 1 ATTITUDE -3.02832 -2.535156 -0.074707
16.195 1 BAT 0 0 0 0 1 86 86 0
16.292 1 ATTITUDE -3.028076 -2.536621 -0.057617
16.298 1 DESIRED -0.8 0.1 4.2 -80. -45. 815. 2.
16.299 1 DL_VALUE 9 1.
16.303 1 ENERGY 0. 0. 0 0.
16.391 1 ATTITUDE -3.026367 -2.533936 -0.05249
16.397 1 GPS 0 0 0 0 0 0 0 0 0 0 1
16.400 1 IMU_ACCEL 4.583008 1.329102 -9.180664
16.404 1 ALIVE 174,222,138,243,180,132,213,161,20,137,147,153,212,68,69,225
16.427 1 NAVIGATION 0 1 0. 0. 8421.2 0. 0 0
16.491 1 ATTITUDE -3.034424 -2.531982 -0.023438
16.498 1 DESIRED -0.8 0.1 4.2 -80. -45. 815. 2.
16.500 1 ESTIMATOR 0. 0.
16.503 1 IMU_GYRO -0.019043 0.166992 -0.027588
16.506 1 IMU_MAG -1.141113 -0.64502 2.969238
16.508 1 PPRZ_MODE 2 3 3 0 0 6
16.568 1 DOWNLINK_STATUS 6 4966 222 0 876. 40. 2.69
16.591 1 ATTITUDE -3.032471 -2.52417 -0.010986
16.595 1 WP_MOVED 3 506350.5 3566257. 805. 12
16.644 1 GPS 0 0 0 0 0 0 0 0 0 0 1
16.676 1 NAVIGATION 0 1 0. 0. 8421.2 0. 0 0
16.691 1 ATTITUDE -3.026367 -2.513672 -0.026611
16.698 1 DESIRED -0.8 0.1 4.2 -80. -45. 815. 2.
16.792 1 ATTITUDE -3.026367 -2.508545 -0.031982
16.891 1 ATTITUDE -3.027832 -2.505615 -0.033936
16.898 1 DESIRED -0.8 0.1 4.2 -80. -45. 815. 2.
16.904 1 GPS 0 0 0 0 0 0 0 0 0 0 1
16.906 1 GPS_SOL 0 0 0 0
16.927 1 NAVIGATION 0 1 0. 0. 8421.2 0. 0 0
16.991 1 ATTITUDE -3.026855 -2.501709 -0.040283
16.994 1 ESTIMATOR 0. 0.
16.995 1 STATE_FILTER_STATUS 3 0
17.092 1 ATTITUDE -3.027832 -2.499268 -0.046631
17.098 1 DESIRED -0.8 0.1 4.2 -80. -45. 815. 2.
17.101 1 WP_MOVED 4 506374.40625 3566337.75 805. 12
17.104 1 IMU_GYRO 0.012695 0.040283 0.003174
17.109 1 NAVIGATION 0 1 0. 0. 8421.2 0. 0 0
17.110 1 CALIBRATION -150. 0
17.145 1 GPS 0 0 0 0 0 0 0 0 0 0 1
17.177 1 NAVIGATION 0 1 0. 0. 8421.2 0. 0 0
17.191 1 ATTITUDE -3.031006 -2.498291 -0.049561
17.194 1 IMU_ACCEL 4.625977 1.295898 -8.595703
17.292 1 ATTITUDE -3.032715 -2.49707 -0.055176
17.298 1 DESIRED -0.8 0.1 4.2 -80. -45. 815. 2.
17.301 1 BAT 0 0 0 0 1 87 87 0
17.391 1 ATTITUDE -3.033203 -2.495117 -0.057373
17.398 1 GPS 0 0 0 0 0 0 0 0 0 0 1
17.427 1 NAVIGATION 0 1 0. 0. 8421.2 0. 0 0
17.491 1 ATTITUDE -3.035645 -2.493652 -0.059082
17.498 1 DESIRED -0.8 0.1 4.2 -80. -45. 815. 2.
17.499 1 ESTIMATOR 0. 0.
17.569 1 DOWNLINK_STATUS 7 5739 256 0 773. 34. 2.69
17.591 1 ATTITUDE -3.037598 -2.491943 -0.057861
17.595 1 WP_MOVED 5 506402.3125 3566363.25 820. 12
17.645 1 GPS 0 0 0 0 0 0 0 0 0 0 1
17.677 1 NAVIGATION 0 1 0. 0. 8421.2 0. 0 0
17.691 1 ATTITUDE -3.039307 -2.490479 -0.05835
17.698 1 DESIRED -0.8 0.1 4.2 -80. -45. 815. 2.
17.700 1 IMU_GYRO -0.00415 0.014893 -0.019043
17.792 1 ATTITUDE -3.041748 -2.489502 -0.057129
17.794 1 IMU_MAG -1.175293 -0.650879 2.946289
17.796 1 DL_VALUE 10 0.
17.892 1 ATTITUDE -3.044189 -2.487793 -0.056641
17.898 1 DESIRED -0.8 0.1 4.2 -80. -45. 815. 2.
17.904 1 GPS 0 0 0 0 0 0 0 0 0 0 1
17.927 1 NAVIGATION 0 1 0. 0. 8421.2 0. 0 0
17.991 1 ATTITUDE -3.046143 -2.48584 -0.056396
17.994 1 ESTIMATOR 0. 0.
17.997 1 IMU_ACCEL 4.708008 1.113281 -8.714844
18.091 1 ATTITUDE -3.046143 -2.484375 -0.056396
18.098 1 DESIRED -0.8 0.1 4.2 -80. -45. 815. 2.
18.101 1 WP_MOVED 6 506374.40625 3566337.75 820. 12
18.106 1 NAVIGATION 0 1 0. 0. 8421.2 0. 0 0
18.144 1 GPS 0 0 0 0 0 0 0 0 0 0 1
18.177 1 NAVIGATION 0 1 0. 0. 8421.2 0. 0 0
18.178 1 FBW_STATUS 2 0 1 0 0
18.191 1 ATTITUDE -3.040771 -2.500244 -0.229248
18.292 1 ATTITUDE -3.054199 -2.499023 -0.264404
18.298 1 DESIRED -0.8 0.1 4.2 -80. -45. 815. 2.
18.300 1 IMU_GYRO -0.048828 -3.863037 -0.688477
18.391 1 ATTITUDE -2.988037 -2.534424 0.105225
18.398 1 GPS 0 0 0 0 0 0 0 0 0 0 1
18.400 1 BAT 0 0 0 0 1 88 88 0
18.402 1 DOWNLINK 9 816 3234
18.427 1 NAVIGATION 0 1 0. 0. 8421.2 0. 0 0
18.491 1 ATTITUDE -2.957764 -2.515869 0.279297
18.498 1 DESIRED -0.8 0.1 4.2 -80. -45. 815. 2.
18.499 1 ESTIMATOR 0. 0.
18.570 1 DOWNLINK_STATUS 8 6547 292 0 808. 36. 2.69
18.591 1 ATTITUDE -2.980469 -2.499023 0.150146
18.595 1 WP_MOVED 7 506350.5 3566270.75 805. 12
18.645 1 GPS 0 0 0 0 0 0 0 0 0 0 1
18.677 1 NAVIGATION 0 1 0. 0. 8421.2 0. 0 0
18.691 1 ATTITUDE -2.986816 -2.476074 0.174561
18.698 1 DESIRED -0.8 0.1 4.2 -80. -45. 815. 2.
18.792 1 ATTITUDE -3.006592 -2.484619 -0.128906
18.794 1 IMU_ACCEL 5.356445 1.880859 -5.898438
18.798 1 ENERGY 0. 0. 0 0.
18.891 1 ATTITUDE -2.997559 -2.50708 -0.280273
18.898 1 DESIRED -0.8 0.1 4.2 -80. -45. 815. 2.
18.903 1 GPS 0 0 0 0 0 0 0 0 0 0 1
18.906 1 IMU_GYRO -0.214844 4.746338 0.76709
18.909 1 GPS_SOL 0 0 0 0
18.927 1 NAVIGATION 0 1 0. 0. 8421.2 0. 0 0
18.992 1 ATTITUDE -3.041504 -2.519531 -0.798096
18.993 1 ESTIMATOR 0. 0.
19.091 1 ATTITUDE 3.125244 -2.432373 -1.135254
19.098 1 DESIRED -0.8 0.1 4.2 -80. -45. 815. 2.
19.100 1 WP_MOVED 8 506254.8125 3566257.5 815. 12
19.106 1 NAVIGATION 0 1 0. 0. 8421.2 0. 0 0
19.108 1 IMU_MAG -1.978516 -0.541016 2.01123
19.144 1 GPS 0 0 0 0 0 0 0 0 0 0 1
19.176 1 NAVIGATION 0 1 0. 0. 8421.2 0. 0 0
19.191 1 ATTITUDE 3.077881 -2.433838 -0.966553
19.193 1 CALIBRATION -150. 0
19.195 1 STATE_FILTER_STATUS 3 0
19.292 1 ATTITUDE -3.127441 -2.538574 -0.668701
19.298 1 DESIRED -0.8 0.1 4.2 -80. -45. 815. 2.
19.299 1 DL_VALUE 11 1.
19.391 1 ATTITUDE -3.047852 -2.600098 -0.087158
19.398 1 GPS 0 0 0 0 0 0 0 0 0 0 1
19.427 1 NAVIGATION 0 1 0. 0. 8421.2 0. 0 0
19.491 1 ATTITUDE -2.958252 -2.630615 0.28125
19.498 1 DESIRED -0.8 0.1 4.2 -80. -45. 815. 2.
19.499 1 ESTIMATOR 0. 0.
19.502 1 IMU_GYRO 0.036133 -2.513428 -0.507568
19.506 1 BAT 0 0 0 0 1 89 89 0
19.571 1 DOWNLINK_STATUS 9 7387 330 0 840. 38. 2.69
19.591 1 ATTITUDE -2.91748 -2.603027 0.44165
19.594 1 WP_MOVED 9 506213.8125 3566287.5 815. 12
19.598 1 IMU_ACCEL 0.100586 2.557617 -9.532227
19.644 1 GPS 0 0 0 0 0 0 0 0 0 0 1
19.676 1 NAVIGATION 0 1 0. 0. 8421.2 0. 0 0
19.691 1 ATTITUDE -2.959229 -2.556885 0.286377
19.698 1 DESIRED -0.8 0.1 4.2 -80. -45. 815. 2.
19.792 1 ATTITUDE -2.979004 -2.514893 0.106445
19.891 1 ATTITUDE -2.954102 -2.500244 0.074707
19.898 1 DESIRED -0.8 0.1 4.2 -80. -45. 815. 2.
19.904 1 GPS 0 0 0 0 0 0 0 0 0 0 1
19.927 1 NAVIGATION 0 1 0. 0. 8421.2 0. 0 0
19.991 1 ATTITUDE -2.94458 -2.496094 0.072266
19.993 1 ESTIMATOR 0. 0.
20.091 1 ATTITUDE -2.943848 -2.495361 0.068604
20.098 1 DESIRED -0.8 0.1 4.2 -80. -45. 815. 2.
20.101 1 WP_MOVED 0 506377. 3566344. 757. 12
20.103 1 IMU_GYRO -0.051025 -0.146729 0.056396
20.108 1 NAVIGATION 0 1 0. 0. 8421.2 0. 0 0
20.144 1 GPS 0 0 0 0 0 0 0 0 0 0 1
20.174 1 FBW_STATUS 2 0 1 0 0
20.178 1 NAVIGATION 0 1 0. 0. 8421.2 0. 0 0
20.191 1 ATTITUDE -2.959961 -2.515381 -0.013428
20.275 1 COMMANDS 0,-9600,-685,0
20.291 1 ATTITUDE -2.987305 -2.508057 -0.011963
20.298 1 DESIRED -0.8 0.1 4.2 -80. -45. 815. 2.
20.374 1 ACTUATORS 1000,1308,1243,1500
20.391 1 ATTITUDE -3.003906 -2.501709 -0.0354
20.398 1 GPS 0 0 0 0 0 0 0 0 0 0 1
20.400 1 IMU_ACCEL 4.683594 2.702148 -8.496094
20.403 1 IMU_MAG -1.160645 -0.731934 2.978027
20.426 1 NAVIGATION 0 1 0. 0. 8421.2 0. 0 0
20.491 1 ATTITUDE -2.983887 -2.517334 -0.260986
20.498 1 DESIRED -0.8 0.1 4.2 -80. -45. 815. 2.
20.499 1 ESTIMATOR 0. 0.
20.572 1 DOWNLINK_STATUS 10 8183 365 0 796. 35. 2.69
20.591 1 ATTITUDE -3.012695 -2.516846 -0.274658
20.595 1 WP_MOVED 1 506335. 3566302. 765. 12
20.598 1 BAT 0 0 0 0 1 90 90 0
20.644 1 GPS 0 0 0 0 0 0 0 0 0 0 1
20.677 1 NAVIGATION 0 1 0. 0. 8421.2 0. 0 0
20.691 1 ATTITUDE -3.010742 -2.534912 -0.273193
20.698 1 DESIRED -0.8 0.1 4.2 -80. -45. 815. 2.
20.700 1 IMU_GYRO 0.006348 0.044678 0.089355
20.792 1 ATTITUDE -3.007568 -2.550293 -0.263916
20.793 1 DL_VALUE 0 0.
20.891 1 ATTITUDE -3.009521 -2.562012 -0.26416
20.898 1 DESIRED -0.8 0.1 4.2 -80. -45. 815. 2.
20.903 1 GPS 0 0 0 0 0 0 0 0 0 0 1
20.906 1 GPS_SOL 0 0 0 0
20.927 1 NAVIGATION 0 1 0. 0. 8421.2 0. 0 0
20.991 1 ATTITUDE -3.012207 -2.572021 -0.264893
20.993 1 ESTIMATOR 0. 0.
21.067 1 PONG 
21.091 1 ATTITUDE -3.014404 -2.579102 -0.281982
21.098 1 DESIRED -0.8 0.1 4.2 -80. -45. 815. 2.
21.100 1 WP_MOVED 2 506254.8125 3566257.5 815. 12
21.105 1 NAVIGATION 0 1 0. 0. 8421.2 0. 0 0
21.143 1 GPS 0 0 0 0 0 0 0 0 0 0 1
21.176 1 NAVIGATION 0 1 0. 0. 8421.2 0. 0 0
21.191 1 ATTITUDE -3.015381 -2.5896 -0.284668
21.194 1 IMU_ACCEL 6.4375 1.353516 -7.550781
21.291 1 ATTITUDE -3.015869 -2.597168 -0.283691
21.297 1 DESIRED -0.8 0.1 4.2 -80. -45. 815. 2.
21.300 1 IMU_GYRO -0.016846 -0.061523 -0.014893
21.302 1 CALIBRATION -150. 0
21.305 1 ENERGY 0. 0. 0 0.
21.391 1 ATTITUDE -3.016357 -2.603271 -0.28125
21.398 1 GPS 0 0 0 0 0 0 0 0 0 0 1
21.398 1 STATE_FILTER_STATUS 3 0
21.403 1 ALIVE 174,222,138,243,180,132,213,161,20,137,147,153,212,68,69,225
21.427 1 NAVIGATION 0 1 0. 0. 8421.2 0. 0 0
21.491 1 ATTITUDE -3.01709 -2.608887 -0.281006
21.498 1 DESIRED -0.8 0.1 4.2 -80. -45. 815. 2.
21.499 1 ESTIMATOR 0. 0.
21.501 1 PPRZ_MODE 2 3 3 0 0 6
21.573 1 DOWNLINK_STATUS 11 9046 405 0 863. 40. 2.55
21.592 1 ATTITUDE -3.016846 -2.614502 -0.28125
21.594 1 WP_MOVED 3 506350.5 3566257. 805. 12
21.643 1 GPS 0 0 0 0 0 0 0 0 0 0 1
21.676 1 NAVIGATION 0 1 0. 0. 8421.2 0. 0 0
21.691 1 ATTITUDE -3.017334 -2.619141 -0.282227
21.698 1 DESIRED -0.8 0.1 4.2 -80. -45. 815. 2.
21.700 1 BAT 0 0 0 0 1 91 91 0
21.703 1 IMU_MAG -1.383301 -0.746582 2.857422
21.792 1 ATTITUDE -3.017578 -2.622803 -0.282959
21.793 1 NAVIGATION_REF 506335 3566302 12
21.891 1 ATTITUDE -3.018066 -2.625244 -0.281006
21.897 1 DESIRED -0.8 0.1 4.2 -80. -45. 815. 2.
21.902 1 GPS 0 0 0 0 0 0 0 0 0 0 1
21.906 1 IMU_GYRO -0.008301 -0.039307 -0.012695
21.927 1 NAVIGATION 0 1 0. 0. 8421.2 0. 0 0
21.992 1 ATTITUDE -3.018555 -2.627686 -0.280762
21.993 1 ESTIMATOR 0. 0.
21.996 1 IMU_ACCEL 6.523438 1.338867 -7.294922
22.091 1 ATTITUDE -3.018799 -2.629639 -0.279541
22.098 1 DESIRED -0.8 0.1 4.2 -80. -45. 815. 2.
22.100 1 WP_MOVED 4 506374.40625 3566337.75 805. 12
22.105 1 NAVIGATION 0 1 0. 0. 8421.2 0. 0 0
22.143 1 GPS 0 0 0 0 0 0 0 0 0 0 1
22.173 1 FBW_STATUS 2 0 1 0 0
22.178 1 NAVIGATION 0 1 0. 0. 8421.2 0. 0 0
22.191 1 ATTITUDE -3.019287 -2.630615 -0.27832
22.291 1 ATTITUDE -3.019775 -2.63208 -0.276611
22.298 1 DESIRED -0.8 0.1 4.2 -80. -45. 815. 2.
22.299 1 DL_VALUE 1 0.
22.374 1 WIND_INFO 1 42 0. 0. 0.
22.391 1 ATTITUDE -3.020264 -2.633789 -0.276611
22.398 1 GPS 0 0 0 0 0 0 0 0 0 0 1
22.426 1 NAVIGATION 0 1 0. 0. 8421.2 0. 0 0
22.491 1 ATTITUDE -3.020264 -2.634521 -0.276123
22.497 1 DESIRED -0.8 0.1 4.2 -80. -45. 815. 2.
22.500 1 ESTIMATOR 0. 0.
22.502 1 IMU_GYRO -0.006348 -0.000977 -0.009521
22.574 1 DOWNLINK_STATUS 12 9858 441 0 812. 36. 2.55
22.591 1 ATTITUDE -3.020508 -2.635498 -0.275879
22.594 1 WP_MOVED 5 506402.3125 3566363.25 820. 12
22.643 1 GPS 0 0 0 0 0 0 0 0 0 0 1
22.676 1 NAVIGATION 0 1 0. 0. 8421.2 0. 0 0
22.691 1 ATTITUDE -3.02124 -2.635498 -0.275391
22.698 1 DESIRED -0.8 0.1 4.2 -80. -45. 815. 2.
22.791 1 ATTITUDE -3.020996 -2.636963 -0.275635
22.794 1 IMU_ACCEL 6.480469 1.324219 -7.522461
22.797 1 BAT 0 0 0 0 1 92 92 0
22.891 1 ATTITUDE -3.020996 -2.637207 -0.274902
22.897 1 DESIRED -0.8 0.1 4.2 -80. -45. 815. 2.
22.902 1 GPS 0 0 0 0 0 0 0 0 0 0 1
22.905 1 GPS_SOL 0 0 0 0
22.926 1 NAVIGATION 0 1 0. 0. 8421.2 0. 0 0
22.991 1 ATTITUDE -3.02124 -2.637451 -0.275146
22.993 1 ESTIMATOR 0. 0.
22.996 1 IMU_MAG -1.383301 -0.731934 2.862793
23.091 1 ATTITUDE -3.021484 -2.637695 -0.275879
23.098 1 DESIRED -0.8 0.1 4.2 -80. -45. 815. 2.
23.100 1 WP_MOVED 6 506374.40625 3566337.75 820. 12
23.103 1 IMU_GYRO -0.012695 -0.047852 -0.022217
23.108 1 NAVIGATION 0 1 0. 0. 8421.2 0. 0 0
23.143 1 GPS 0 0 0 0 0 0 0 0 0 0 1
23.176 1 NAVIGATION 0 1 0. 0. 8421.2 0. 0 0
23.191 1 ATTITUDE -3.021729 -2.637695 -0.274902
23.291 1 ATTITUDE -3.021973 -2.637695 -0.274902
23.298 1 DESIRED -0.8 0.1 4.2 -80. -45. 815. 2.
23.391 1 ATTITUDE -3.022217 -2.637207 -0.274414
23.398 1 GPS 0 0 0 0 0 0 0 0 0 0 1
23.398 1 CALIBRATION -150. 0
23.426 1 NAVIGATION 0 1 0. 0. 8421.2 0. 0 0
23.491 1 ATTITUDE -3.022217 -2.636963 -0.274902
23.498 1 DESIRED -0.8 0.1 4.2 -80. -45. 815. 2.
23.499 1 ESTIMATOR 0. 0.
23.501 1 DOWNLINK 9 822 3422
23.575 1 DOWNLINK_STATUS 13 10651 476 0 793. 35. 2.55
23.591 1 ATTITUDE -3.021973 -2.636475 -0.27417
23.594 1 WP_MOVED 7 506350.5 3566270.75 805. 12
23.598 1 IMU_ACCEL 6.485352 1.338867 -7.294922
23.599 1 STATE_FILTER_STATUS 3 0
23.644 1 GPS 0 0 0 0 0 0 0 0 0 0 1
23.677 1 NAVIGATION 0 1 0. 0. 8421.2 0. 0 0
23.691 1 ATTITUDE -3.021973 -2.635986 -0.27417
23.698 1 DESIRED -0.8 0.1 4.2 -80. -45. 815. 2.
23.700 1 IMU_GYRO -0.00415 -0.000977 -0.003174
23.791 1 ATTITUDE -3.021729 -2.635986 -0.27417
23.793 1 DL_VALUE 2 815.
23.796 1 ENERGY 0. 0. 0 0.
23.891 1 ATTITUDE -3.022217 -2.635254 -0.273438
23.898 1 DESIRED -0.8 0.1 4.2 -80. -45. 815. 2.
23.902 1 GPS 0 0 0 0 0 0 0 0 0 0 1
23.906 1 BAT 0 0 0 0 1 93 93 0
23.926 1 NAVIGATION 0 1 0. 0. 8421.2 0. 0 0
23.991 1 ATTITUDE -3.022461 -2.634521 -0.273438
23.993 1 ESTIMATOR 0. 0.
24.091 1 ATTITUDE -3.022705 -2.633789 -0.272705
24.098 1 DESIRED -0.8 0.1 4.2 -80. -45. 815. 2.
24.100 1 WP_MOVED 8 506254.8125 3566257.5 815. 12
24.105 1 NAVIGATION 0 1 0. 0. 8421.2 0. 0 0
24.143 1 GPS 0 0 0 0 0 0 0 0 0 0 1
24.173 1 FBW_STATUS 2 0 1 0 0
24.178 1 NAVIGATION 0 1 0. 0. 8421.2 0. 0 0
24.191 1 ATTITUDE -3.022949 -2.632812 -0.272461
24.291 1 ATTITUDE -3.022705 -2.632812 -0.271973
24.297 1 DESIRED -0.8 0.1 4.2 -80. -45. 815. 2.
24.300 1 IMU_GYRO -0.008301 -0.015869 -0.015869
24.303 1 IMU_MAG -1.380859 -0.737793 2.868652
24.392 1 ATTITUDE -3.022949 -2.633057 -0.271973
24.396 1 GPS 0 0 0 0 0 0 0 0 0 0 1
24.400 1 IMU_ACCEL 6.456055 1.348633 -7.351562
24.426 1 NAVIGATION 0 1 0. 0. 8421.2 0. 0 0
24.491 1 ATTITUDE -3.022949 -2.633057 -0.271973
24.498 1 DESIRED -0.8 0.1 4.2 -80. -45. 815. 2.
24.499 1 ESTIMATOR 0. 0.
24.576 1 DOWNLINK_STATUS 14 11495 514 0 844. 38. 2.55
24.591 1 ATTITUDE -3.022949 -2.633057 -0.271484
24.594 1 WP_MOVED 9 506213.8125 3566287.5 815. 12
24.643 1 GPS 0 0 0 0 0 0 0 0 0 0 1
24.677 1 NAVIGATION 0 1 0. 0. 8421.2 0. 0 0
24.692 1 ATTITUDE -3.023193 -2.633057 -0.27124
24.700 1 DESIRED -0.8 0.1 4.2 -80. -45. 815. 2.
24.791 1 ATTITUDE -3.023193 -2.633057 -0.270996
24.891 1 ATTITUDE -3.023193 -2.632568 -0.270508
24.897 1 DESIRED -0.8 0.1 4.2 -80. -45. 815. 2.
24.902 1 GPS 0 0 0 0 0 0 0 0 0 0 1
24.905 1 IMU_GYRO -0.006348 -0.015869 -0.010498
24.908 1 GPS_SOL 0 0 0 0
24.927 1 NAVIGATION 0 1 0. 0. 8421.2 0. 0 0
24.992 1 ATTITUDE -3.023193 -2.632324 -0.270264
24.993 1 ESTIMATOR 0. 0.
24.998 1 BAT 0 0 0 0 1 94 94 0
25.092 1 ATTITUDE -3.023438 -2.632324 -0.27002
25.098 1 DESIRED -0.8 0.1 4.2 -80. -45. 815. 2.
25.100 1 WP_MOVED 0 506377. 3566344. 757. 12
25.105 1 NAVIGATION 0 1 0. 0. 8421.2 0. 0 0
25.143 1 GPS 0 0 0 0 0 0 0 0 0 0 1
25.177 1 NAVIGATION 0 1 0. 0. 8421.2 0. 0 0
25.191 1 ATTITUDE -3.023682 -2.631836 -0.27002
25.194 1 IMU_ACCEL 6.480469 1.353516 -7.34668
25.273 1 COMMANDS 0,-9600,-2032,0
25.291 1 ATTITUDE -3.023682 -2.630859 -0.269531
25.297 1 DESIRED -0.8 0.1 4.2 -80. -45. 815. 2.
25.298 1 DL_VALUE 3 0.
25.373 1 ACTUATORS 1000,1360,1191,1500
25.391 1 ATTITUDE -3.023682 -2.629639 -0.269531
25.396 1 GPS 0 0 0 0 0 0 0 0 0 0 1
25.427 1 NAVIGATION 0 1 0. 0. 8421.2 0. 0 0
25.492 1 ATTITUDE -3.023682 -2.628906 -0.269043
25.498 1 DESIRED -0.8 0.1 4.2 -80. -45. 815. 2.
25.499 1 ESTIMATOR 0. 0.
25.502 1 IMU_GYRO -0.010498 -0.016846 -0.016846
25.504 1 CALIBRATION -150. 0
25.577 1 DOWNLINK_STATUS 15 12318 551 0 823. 37. 2.55
25.591 1 ATTITUDE -3.023682 -2.628174 -0.269043
25.594 1 WP_MOVED 1 506335. 3566302. 765. 12
25.598 1 IMU_MAG -1.390625 -0.743652 2.862793
25.644 1 GPS 0 0 0 0 0 0 0 0 0 0 1
25.675 1 NAVIGATION 0 1 0. 0. 8421.2 0. 0 0
25.692 1 ATTITUDE -3.023682 -2.627197 -0.268799
25.715 1 DESIRED -0.8 0.1 4.2 -80. -45. 815. 2.
25.792 1 ATTITUDE -3.023682 -2.626953 -0.268799
25.792 1 STATE_FILTER_STATUS 3 0
25.891 1 ATTITUDE -3.023926 -2.626221 -0.268555
25.898 1 DESIRED -0.8 0.1 4.2 -80. -45. 815. 2.
25.903 1 GPS 0 0 0 0 0 0 0 0 0 0 1
25.927 1 NAVIGATION 0 1 0. 0. 8421.2 0. 0 0
25.991 1 ATTITUDE -3.023682 -2.625732 -0.268066
25.993 1 ESTIMATOR 0. 0.
25.996 1 IMU_ACCEL 6.460938 1.353516 -7.337891
26.068 1 PONG 
26.091 1 ATTITUDE -3.023682 -2.625244 -0.268311
26.098 1 DESIRED -0.8 0.1 4.2 -80. -45. 815. 2.
26.100 1 WP_MOVED 2 506254.8125 3566257.5 815. 12
26.104 1 IMU_GYRO -0.008301 -0.007324 -0.018066
26.109 1 NAVIGATION 0 1 0. 0. 8421.2 0. 0 0
26.143 1 GPS 0 0 0 0 0 0 0 0 0 0 1
26.173 1 FBW_STATUS 2 0 1 0 0
26.179 1 NAVIGATION 0 1 0. 0. 8421.2 0. 0 0
26.192 1 ATTITUDE -3.023926 -2.625 -0.268555
26.292 1 ATTITUDE -3.023926 -2.625 -0.268799
26.298 1 DESIRED -0.8 0.1 4.2 -80. -45. 815. 2.
26.300 1 ENERGY 0. 0. 0 0.
26.392 1 ATTITUDE -3.02417 -2.625244 -0.268799
26.397 1 GPS 0 0 0 0 0 0 0 0 0 0 1
26.401 1 ALIVE 174,222,138,243,180,132,213,161,20,137,147,153,212,68,69,225
26.427 1 NAVIGATION 0 1 0. 0. 8421.2 0. 0 0
26.491 1 ATTITUDE -3.023926 -2.625244 -0.268311
26.498 1 DESIRED -0.8 0.1 4.2 -80. -45. 815. 2.
26.499 1 ESTIMATOR 0. 0.
26.501 1 PPRZ_MODE 2 3 3 0 0 6
26.578 1 DOWNLINK_STATUS 16 13136 588 0 818. 37. 2.64
26.591 1 ATTITUDE -3.023682 -2.625488 -0.268311
26.594 1 WP_MOVED 3 506350.5 3566257. 805. 12
26.644 1 GPS 0 0 0 0 0 0 0 0 0 0 1
26.676 1 NAVIGATION 0 1 0. 0. 8421.2 0. 0 0
26.691 1 ATTITUDE -3.023682 -2.625 -0.267578
26.697 1 DESIRED -0.8 0.1 4.2 -80. -45. 815. 2.
26.700 1 IMU_GYRO -0.008301 -0.019043 -0.008301
26.791 1 ATTITUDE -3.023682 -2.625 -0.267334
26.795 1 IMU_ACCEL 6.456055 1.324219 -7.371094
26.796 1 DL_VALUE 4 0.
26.891 1 ATTITUDE -3.023926 -2.625732 -0.267578
26.897 1 DESIRED -0.8 0.1 4.2 -80. -45. 815. 2.
26.903 1 GPS 0 0 0 0 0 0 0 0 0 0 1
26.905 1 IMU_MAG -1.383301 -0.740723 2.862793
26.908 1 GPS_SOL 0 0 0 0
26.926 1 NAVIGATION 0 1 0. 0. 8421.2 0. 0 0
26.992 1 ATTITUDE -3.023926 -2.625732 -0.267578
26.993 1 ESTIMATOR 0. 0.
27.091 1 ATTITUDE -3.023926 -2.625732 -0.267334
27.097 1 DESIRED -0.8 0.1 4.2 -80. -45. 815. 2.
27.100 1 WP_MOVED 4 506374.40625 3566337.75 805. 12
27.104 1 NAVIGATION 0 1 0. 0. 8421.2 0. 0 0
27.144 1 GPS 0 0 0 0 0 0 0 0 0 0 1
27.175 1 NAVIGATION 0 1 0. 0. 8421.2 0. 0 0
27.191 1 ATTITUDE -3.023682 -2.625732 -0.266846
27.194 1 BAT 0 0 0 0 1 97 97 0
