9.845 1 ATTITUDE -0.047363 2.315674 0.808594
9.852 1 DESIRED 0.3 0.52 5. -54. 40. 755. 2.
9.945 1 ATTITUDE -0.047119 2.316162 0.808594
9.949 1 IMU_ACCEL -9.458984 0.316406 2.350586
9.952 1 BAT 0 0 0 0 1 356 356 0
10.045 1 ATTITUDE -0.047119 2.316162 0.808838
10.051 1 DESIRED 0.3 0.52 5. -54. 40. 755. 2.
10.057 1 GPS 0 1130805120 0 0 -17000 0 0 0 356250 12 7
10.060 1 IMU_MAG 2.159668 -1.024414 0.158203
10.063 1 GPS_SOL 796778432 100983 9999 0
10.081 1 NAVIGATION 0 1 10803503. -3566677. 1.29438310203e+14 1.29436858974e+14 0 0
10.118 1 DOWNLINK_STATUS 2 1687 76 0 869. 39. 0.
10.146 1 ATTITUDE -0.047363 2.316162 0.808594
10.148 1 ESTIMATOR -16.999998 -1e-06
10.245 1 ATTITUDE -0.047363 2.316406 0.808594
10.252 1 DESIRED 0.3 0.52 5. -54. 40. 755. 2.
10.255 1 WP_MOVED 0 504590. 3566719. 755. 12
10.258 1 IMU_GYRO -0.016846 0.001953 0.015869
10.263 1 NAVIGATION 0 1 10803503. -3566677. 1.29438310203e+14 1.29436858974e+14 0 0
10.298 1 GPS 0 1130805120 0 0 -17000 0 0 0 356500 12 8
10.331 1 NAVIGATION 0 1 10803503. -3566677. 1.29438310203e+14 1.29436858974e+14 0 0
10.345 1 ATTITUDE -0.047363 2.31665 0.808594
10.446 1 ATTITUDE -0.047363 2.316406 0.808594
10.452 1 DESIRED 0.3 0.52 5. -54. 40. 755. 2.
10.546 1 ATTITUDE -0.047363 2.316162 0.808838
10.552 1 GPS 0 1130805120 0 0 -17000 0 0 0 356750 12 9
10.581 1 NAVIGATION 0 1 10803503. -3566677. 1.29438310203e+14 1.29436858974e+14 0 0
10.646 1 ATTITUDE -0.047363 2.316162 0.808594
10.652 1 DESIRED 0.3 0.52 5. -54. 40. 755. 2.
10.655 1 ESTIMATOR -16.999998 -1e-06
10.746 1 ATTITUDE -0.047363 2.315674 0.80835
10.750 1 WP_MOVED 1 504548. 3566677. 754. 12
10.753 1 IMU_ACCEL -9.49707 0.296875 2.317383
10.754 1 STATE_FILTER_STATUS 3 0
10.799 1 GPS 0 1130805120 0 0 -17000 0 0 0 357000 12 10
10.831 1 NAVIGATION 0 1 10803503. -3566677. 1.29438310203e+14 1.29436858974e+14 0 0
10.849 1 ATTITUDE -0.047363 2.31543 0.808594
10.851 1 DESIRED 0.3 0.52 5. -54. 40. 755. 2.
10.854 1 IMU_GYRO -0.014893 0.001953 0.015869
10.946 1 ATTITUDE -0.047607 2.315186 0.808594
10.948 1 DL_VALUE 10 0.
11.046 1 ATTITUDE -0.047607 2.314941 0.808594
11.052 1 DESIRED 0.3 0.52 5. -54. 40. 755. 2.
11.058 1 GPS 0 1130805120 0 0 -17000 0 0 0 357250 12 11
11.062 1 BAT 0 0 0 0 1 357 357 0
11.081 1 NAVIGATION 0 1 10803503. -3566677. 1.29438310203e+14 1.29436858974e+14 0 0
11.118 1 DOWNLINK_STATUS 3 2461 110 0 774. 34. 0.
11.146 1 ATTITUDE -0.047607 2.314697 0.808594
11.149 1 ESTIMATOR -16.999998 -2e-06
11.150 1 CALIBRATION -150. 0
11.249 1 ATTITUDE -0.047607 2.314453 0.808594
11.252 1 DESIRED 0.3 0.52 5. -54. 40. 755. 2.
11.256 1 WP_MOVED 2 504493.59375 3566717. 755. 12
11.260 1 NAVIGATION 0 1 10803503. -3566677. 1.29438310203e+14 1.29436858974e+14 0 0
11.301 1 GPS 0 1130805120 0 0 -17000 0 0 0 357500 12 12
11.329 1 FBW_STATUS 2 0 1 0 0
11.333 1 NAVIGATION 0 1 10803503. -3566677. 1.29438310203e+14 1.29436858974e+14 0 0
11.345 1 ATTITUDE -0.047607 2.314209 0.808594
11.349 1 IMU_MAG 2.152344 -1.030273 0.161133
11.446 1 ATTITUDE -0.047363 2.314209 0.808594
11.452 1 DESIRED 0.3 0.52 5. -54. 40. 755. 2.
11.455 1 IMU_GYRO -0.014893 0.000977 0.015869
11.546 1 ATTITUDE -0.047607 2.314453 0.808594
11.552 1 GPS 0 1130805120 0 0 -17000 0 0 0 357750 12 13
11.555 1 IMU_ACCEL -9.506836 0.321289 2.3125
11.581 1 NAVIGATION 0 1 10803503. -3566677. 1.29438310203e+14 1.29436858974e+14 0 0
11.646 1 ATTITUDE -0.047363 2.314941 0.808594
11.652 1 DESIRED 0.3 0.52 5. -54. 40. 755. 2.
11.655 1 ESTIMATOR -16.999998 -2e-06
11.746 1 ATTITUDE -0.047363 2.315186 0.809082
11.750 1 WP_MOVED 3 504514.8125 3566634. 755. 12
11.799 1 GPS 0 1130805120 0 0 -17000 0 0 0 358000 12 14
11.831 1 NAVIGATION 0 1 10803503. -3566677. 1.29438310203e+14 1.29436858974e+14 0 0
11.846 1 ATTITUDE -0.047363 2.31543 0.808838
11.852 1 DESIRED 0.3 0.52 5. -54. 40. 755. 2.
11.853 1 DOWNLINK 41 820 13135
11.946 1 ATTITUDE -0.047607 2.315674 0.808838
11.950 1 ENERGY 0. 0. 0 0.
12.046 1 ATTITUDE -0.047607 2.315918 0.808838
12.052 1 DESIRED 0.3 0.52 5. -54. 40. 755. 2.
12.058 1 GPS 0 1130805120 0 0 -17000 0 0 0 358250 12 15
12.061 1 IMU_GYRO -0.016846 0.00415 0.015869
12.064 1 GPS_SOL 796791872 100988 9999 0
12.081 1 NAVIGATION 0 1 10803503. -3566677. 1.29438310203e+14 1.29436858974e+14 0 0
12.119 1 DOWNLINK_STATUS 4 3286 147 0 825. 37. 0.
12.146 1 ATTITUDE -0.047607 2.316406 0.809082
12.149 1 ESTIMATOR -16.999998 -3e-06
12.152 1 BAT 0 0 0 0 1 358 358 0
12.246 1 ATTITUDE -0.047607 2.31665 0.808838
12.252 1 DESIRED 0.3 0.52 5. -54. 40. 755. 2.
12.256 1 WP_MOVED 4 504603.3125 3566652.5 755. 12
12.260 1 NAVIGATION 0 1 10803503. -3566677. 1.29438310203e+14 1.29436858974e+14 0 0
12.299 1 GPS 0 1130805120 0 0 -17000 0 0 0 358500 12 16
12.331 1 NAVIGATION 0 1 10803503. -3566677. 1.29438310203e+14 1.29436858974e+14 0 0
12.346 1 ATTITUDE -0.047363 2.316895 0.808838
12.349 1 IMU_ACCEL -9.501953 0.326172 2.274414
12.445 1 ATTITUDE -0.047363 2.316406 0.809082
12.451 1 DESIRED 0.3 0.52 5. -54. 40. 755. 2.
12.453 1 DL_VALUE 11 1.
12.546 1 ATTITUDE -0.047363 2.315674 0.808838
12.552 1 GPS 0 1130805120 0 0 -17000 0 0 0 358750 12 1
12.581 1 NAVIGATION 0 1 10803503. -3566677. 1.29438310203e+14 1.29436858974e+14 0 0
12.646 1 ATTITUDE -0.047363 2.315186 0.808838
12.652 1 DESIRED 0.3 0.52 5. -54. 40. 755. 2.
12.655 1 ESTIMATOR -16.999998 -4e-06
12.658 1 IMU_GYRO -0.014893 0.000977 0.016846
12.661 1 IMU_MAG 2.154785 -1.015625 0.158203
12.746 1 ATTITUDE -0.047363 2.314941 0.808838
12.750 1 WP_MOVED 5 504607.1875 3566709.25 755. 12
12.799 1 GPS 0 1130805120 0 0 -17000 0 0 0 359000 12 2
12.831 1 NAVIGATION 0 1 10803503. -3566677. 1.29438310203e+14 1.29436858974e+14 0 0
12.845 1 ATTITUDE -0.047363 2.314941 0.808838
12.852 1 DESIRED 0.3 0.52 5. -54. 40. 755. 2.
12.946 1 ATTITUDE -0.047363 2.314697 0.808838
12.948 1 STATE_FILTER_STATUS 3 0
13.046 1 ATTITUDE -0.047363 2.314453 0.808838
13.052 1 DESIRED 0.3 0.52 5. -54. 40. 755. 2.
13.058 1 GPS 0 1130805120 0 0 -17000 0 0 0 359250 12 3
13.081 1 NAVIGATION 0 1 10803503. -3566677. 1.29438310203e+14 1.29436858974e+14 0 0
13.120 1 DOWNLINK_STATUS 5 4060 181 0 774. 34. 0.
13.146 1 ATTITUDE -0.047363 2.314453 0.808838
13.149 1 ESTIMATOR -17. -4e-06
13.152 1 IMU_ACCEL -9.511719 0.339844 2.293945
13.246 1 ATTITUDE -0.047363 2.314209 0.808838
13.252 1 DESIRED 0.3 0.52 5. -54. 40. 755. 2.
13.256 1 WP_MOVED 0 504590. 3566719. 755. 12
13.259 1 IMU_GYRO -0.014893 0. 0.016846
13.263 1 NAVIGATION 0 1 10803503. -3566677. 1.29438310203e+14 1.29436858974e+14 0 0
13.265 1 CALIBRATION -150. 0
13.299 1 GPS 0 1130805120 0 0 -17000 0 0 0 359500 12 4
13.329 1 FBW_STATUS 2 0 1 0 0
13.333 1 NAVIGATION 0 1 10803503. -3566677. 1.29438310203e+14 1.29436858974e+14 0 0
13.346 1 ATTITUDE -0.047363 2.313721 0.808838
13.428 1 COMMANDS 0,2292,-1585
13.446 1 ATTITUDE -0.047363 2.314209 0.808838
13.452 1 DESIRED 0.3 0.52 5. -54. 40. 755. 2.
13.529 1 ACTUATORS 1000,1619,1488
13.546 1 ATTITUDE -0.047363 2.314453 0.809082
13.552 1 GPS 0 1130805120 0 0 -17000 0 0 0 359750 12 5
13.581 1 NAVIGATION 0 1 10803503. -3566677. 1.29438310203e+14 1.29436858974e+14 0 0
13.621 1 PONG 
13.646 1 ATTITUDE -0.047607 2.314453 0.809082
13.652 1 DESIRED 0.3 0.52 5. -54. 40. 755. 2.
13.655 1 ESTIMATOR -17.000002 -3e-06
13.746 1 ATTITUDE -0.047607 2.314697 0.808838
13.750 1 WP_MOVED 1 504548. 3566677. 754. 12
13.799 1 GPS 0 1130805120 0 0 -17000 0 0 0 360000 12 6
13.831 1 NAVIGATION 0 1 10803503. -3566677. 1.29438310203e+14 1.29436858974e+14 0 0
13.846 1 ATTITUDE -0.047363 2.315186 0.809082
13.853 1 DESIRED 0.3 0.52 5. -54. 40. 755. 2.
13.854 1 IMU_GYRO -0.014893 -0.000977 0.018066
13.946 1 ATTITUDE -0.047607 2.31543 0.808838
13.949 1 IMU_ACCEL -9.473633 0.321289 2.322266
13.953 1 IMU_MAG 2.154785 -1.021484 0.166504
13.954 1 DL_VALUE 0 0.
14.046 1 ATTITUDE -0.047607 2.315674 0.809082
14.052 1 DESIRED 0.3 0.52 5. -54. 40. 755. 2.
14.058 1 GPS 0 1130805120 0 0 -17000 0 0 0 360250 12 7
14.061 1 GPS_SOL 796805376 100994 9999 0
14.081 1 NAVIGATION 0 1 10803503. -3566677. 1.29438310203e+14 1.29436858974e+14 0 0
14.121 1 DOWNLINK_STATUS 6 4915 221 0 855. 40. 2.56
14.146 1 ATTITUDE -0.047607 2.315674 0.809082
14.149 1 ESTIMATOR -17.000002 -3e-06
14.246 1 ATTITUDE -0.047852 2.315674 0.809082
14.252 1 DESIRED 0.3 0.52 5. -54. 40. 755. 2.
14.256 1 WP_MOVED 2 504493.59375 3566717. 755. 12
14.260 1 NAVIGATION 0 1 10803503. -3566677. 1.29438310203e+14 1.29436858974e+14 0 0
14.299 1 GPS 0 1130805120 0 0 -17000 0 0 0 360500 12 8
14.331 1 NAVIGATION 0 1 10803503. -3566677. 1.29438310203e+14 1.29436858974e+14 0 0
14.345 1 ATTITUDE -0.047852 2.315674 0.808838
14.349 1 BAT 0 0 0 0 1 361 361 0
14.446 1 ATTITUDE -0.047852 2.315674 0.808838
14.452 1 DESIRED 0.3 0.52 5. -54. 40. 755. 2.
14.455 1 IMU_GYRO -0.016846 0. 0.016846
14.459 1 ENERGY 0. 0. 0 0.
14.546 1 ATTITUDE -0.047852 2.315186 0.808838
14.552 1 GPS 0 1130805120 0 0 -17000 0 0 0 360750 12 9
14.556 1 ALIVE 194,115,96,77,125,241,100,84,29,11,28,165,144,48,151,210
14.581 1 NAVIGATION 0 1 10803503. -3566677. 1.29438310203e+14 1.29436858974e+14 0 0
14.646 1 ATTITUDE -0.047852 2.314697 0.808838
14.652 1 DESIRED 0.3 0.52 5. -54. 40. 755. 2.
14.655 1 ESTIMATOR -17.000002 -2e-06
14.657 1 PPRZ_MODE 4 1 2 0 0 6
14.746 1 ATTITUDE -0.047852 2.314453 0.808838
14.750 1 WP_MOVED 3 504514.8125 3566634. 755. 12
14.753 1 IMU_ACCEL -9.458984 0.349609 2.317383
14.799 1 GPS 0 1130805120 0 0 -17000 0 0 0 361000 12 10
14.831 1 NAVIGATION 0 1 10803503. -3566677. 1.29438310203e+14 1.29436858974e+14 0 0
14.846 1 ATTITUDE -0.047852 2.314209 0.808838
14.852 1 DESIRED 0.3 0.52 5. -54. 40. 755. 2.
14.946 1 ATTITUDE -0.047852 2.313721 0.808838
14.949 1 NAVIGATION_REF 504548 3566677 12
15.046 1 ATTITUDE -0.047852 2.313721 0.808838
15.052 1 DESIRED 0.3 0.52 5. -54. 40. 755. 2.
15.058 1 GPS 0 1130805120 0 0 -17000 0 0 0 361250 12 11
15.061 1 IMU_GYRO -0.014893 0. 0.015869
15.081 1 NAVIGATION 0 1 10803503. -3566677. 1.29438310203e+14 1.29436858974e+14 0 0
15.122 1 DOWNLINK_STATUS 7 5739 257 0 824. 36. 2.56
15.146 1 ATTITUDE -0.047852 2.313721 0.808838
15.149 1 ESTIMATOR -17.000002 -2e-06
15.150 1 STATE_FILTER_STATUS 3 0
15.246 1 ATTITUDE -0.047852 2.313477 0.808838
15.252 1 DESIRED 0.3 0.52 5. -54. 40. 755. 2.
15.256 1 WP_MOVED 4 504603.3125 3566652.5 755. 12
15.260 1 NAVIGATION 0 1 10803503. -3566677. 1.29438310203e+14 1.29436858974e+14 0 0
15.263 1 IMU_MAG 2.147461 -1.027344 0.152344
15.299 1 GPS 0 1130805120 0 0 -17000 0 0 0 361500 12 12
15.329 1 FBW_STATUS 2 0 1 0 0
15.333 1 NAVIGATION 0 1 10803503. -3566677. 1.29438310203e+14 1.29436858974e+14 0 0
15.347 1 ATTITUDE -0.047607 2.313477 0.808838
15.348 1 CALIBRATION -150. 0
15.446 1 ATTITUDE -0.047607 2.313477 0.808838
15.452 1 DESIRED 0.3 0.52 5. -54. 40. 755. 2.
15.456 1 BAT 0 0 0 0 1 362 362 0
15.457 1 DL_VALUE 1 0.
15.546 1 ATTITUDE -0.047852 2.313965 0.808838
15.552 1 GPS 0 1130805120 0 0 -17000 0 0 0 361750 12 13
15.555 1 IMU_ACCEL -9.488281 0.321289 2.289062
15.581 1 NAVIGATION 0 1 10803503. -3566677. 1.29438310203e+14 1.29436858974e+14 0 0
15.646 1 ATTITUDE -0.047852 2.314697 0.809082
15.652 1 DESIRED 0.3 0.52 5. -54. 40. 755. 2.
15.654 1 ESTIMATOR -17.000002 -1e-06
15.658 1 IMU_GYRO -0.016846 -0.001953 0.018066
15.746 1 ATTITUDE -0.047852 2.314697 0.808838
15.750 1 WP_MOVED 5 504607.1875 3566709.25 755. 12
15.799 1 GPS 0 1130805120 0 0 -17000 0 0 0 362000 12 14
15.831 1 NAVIGATION 0 1 10803503. -3566677. 1.29438310203e+14 1.29436858974e+14 0 0
15.846 1 ATTITUDE -0.047852 2.315186 0.808838
15.852 1 DESIRED 0.3 0.52 5. -54. 40. 755. 2.
15.946 1 ATTITUDE -0.047852 2.315186 0.808838
16.046 1 ATTITUDE -0.047852 2.31543 0.808838
16.052 1 DESIRED 0.3 0.52 5. -54. 40. 755. 2.
16.058 1 GPS 0 1130805120 0 0 -17000 0 0 0 362250 12 15
16.061 1 GPS_SOL 796818944 100999 9999 0
16.081 1 NAVIGATION 0 1 10803503. -3566677. 1.29438310203e+14 1.29436858974e+14 0 0
16.123 1 DOWNLINK_STATUS 8 6555 294 0 816. 37. 2.56
16.146 1 ATTITUDE -0.047852 2.315674 0.808838
16.149 1 ESTIMATOR -17.000002 -0.
16.246 1 ATTITUDE -0.047852 2.315918 0.808838
16.252 1 DESIRED 0.3 0.52 5. -54. 40. 755. 2.
16.255 1 WP_MOVED 0 504590. 3566719. 755. 12
16.259 1 IMU_GYRO -0.016846 0. 0.018066
16.263 1 NAVIGATION 0 1 10803503. -3566677. 1.29438310203e+14 1.29436858974e+14 0 0
16.299 1 GPS 0 1130805120 0 0 -17000 0 0 0 362500 12 16
16.331 1 NAVIGATION 0 1 10803503. -3566677. 1.29438310203e+14 1.29436858974e+14 0 0
16.346 1 ATTITUDE -0.048096 2.315674 0.808838
16.349 1 IMU_ACCEL -9.454102 0.326172 2.28418
16.446 1 ATTITUDE -0.048096 2.315918 0.808838
16.452 1 DESIRED 0.3 0.52 5. -54. 40. 755. 2.
16.546 1 ATTITUDE -0.047852 2.315674 0.809082
16.552 1 GPS 0 1130805120 0 0 -17000 0 0 0 362750 12 1
16.555 1 BAT 0 0 0 0 1 363 363 0
16.558 1 IMU_MAG 2.152344 -1.027344 0.158203
16.581 1 NAVIGATION 0 1 10803503. -3566677. 1.29438310203e+14 1.29436858974e+14 0 0
16.646 1 ATTITUDE -0.048096 2.314941 0.809082
16.652 1 DESIRED 0.3 0.52 5. -54. 40. 755. 2.
16.654 1 ESTIMATOR -17.000002 0.
16.746 1 ATTITUDE -0.048096 2.314453 0.809082
16.750 1 WP_MOVED 1 504548. 3566677. 754. 12
16.799 1 GPS 0 1130805120 0 0 -17000 0 0 0 363000 12 2
16.831 1 NAVIGATION 0 1 10803503. -3566677. 1.29438310203e+14 1.29436858974e+14 0 0
16.847 1 ATTITUDE -0.047852 2.314209 0.809082
16.852 1 DESIRED 0.3 0.52 5. -54. 40. 755. 2.
16.854 1 IMU_GYRO -0.016846 -0.000977 0.018066
16.946 1 ATTITUDE -0.048096 2.313721 0.809082
16.948 1 DL_VALUE 2 755.
16.951 1 ENERGY 0. 0. 0 0.
16.953 1 DOWNLINK 42 814 13322
17.046 1 ATTITUDE -0.047852 2.313477 0.809082
17.052 1 DESIRED 0.3 0.52 5. -54. 40. 755. 2.
17.058 1 GPS 0 1130805120 0 0 -17000 0 0 0 363250 12 3
17.081 1 NAVIGATION 0 1 10803503. -3566677. 1.29438310203e+14 1.29436858974e+14 0 0
17.124 1 DOWNLINK_STATUS 9 7369 330 0 814. 36. 2.56
17.146 1 ATTITUDE -0.047852 2.313232 0.809082
17.148 1 ESTIMATOR -17.000002 1e-06
17.152 1 IMU_ACCEL -9.478516 0.321289 2.289062
17.246 1 ATTITUDE -0.047852 2.312988 0.809082
17.252 1 DESIRED 0.3 0.52 5. -54. 40. 755. 2.
17.255 1 WP_MOVED 2 504493.59375 3566717. 755. 12
17.260 1 NAVIGATION 0 1 10803503. -3566677. 1.29438310203e+14 1.29436858974e+14 0 0
17.299 1 GPS 0 1130805120 0 0 -17000 0 0 0 363500 12 4
17.329 1 FBW_STATUS 2 0 1 0 0
17.333 1 NAVIGATION 0 1 10803503. -3566677. 1.29438310203e+14 1.29436858974e+14 0 0
17.347 1 ATTITUDE -0.048096 2.312744 0.809082
17.348 1 STATE_FILTER_STATUS 3 0
17.446 1 ATTITUDE -0.048096 2.313477 0.809082
17.452 1 DESIRED 0.3 0.52 5. -54. 40. 755. 2.
17.455 1 IMU_GYRO -0.016846 0. 0.016846
17.457 1 CALIBRATION -150. 0
17.546 1 ATTITUDE -0.048096 2.313477 0.809082
17.552 1 GPS 0 1130805120 0 0 -17000 0 0 0 363750 12 5
17.581 1 NAVIGATION 0 1 10803503. -3566677. 1.29438310203e+14 1.29436858974e+14 0 0
17.646 1 ATTITUDE -0.048096 2.313965 0.809082
17.652 1 DESIRED 0.3 0.52 5. -54. 40. 755. 2.
17.654 1 ESTIMATOR -17.000002 1e-06
17.658 1 BAT 0 0 0 0 1 364 364 0
17.746 1 ATTITUDE -0.048096 2.314453 0.809082
17.749 1 WP_MOVED 3 504514.8125 3566634. 755. 12
17.799 1 GPS 0 1130805120 0 0 -17000 0 0 0 364000 12 6
17.831 1 NAVIGATION 0 1 10803503. -3566677. 1.29438310203e+14 1.29436858974e+14 0 0
17.849 1 ATTITUDE -0.048096 2.314941 0.808838
17.852 1 DESIRED 0.3 0.52 5. -54. 40. 755. 2.
17.855 1 IMU_MAG 2.142578 -1.021484 0.161133
17.946 1 ATTITUDE -0.048096 2.315186 0.808838
17.949 1 IMU_ACCEL -9.463867 0.326172 2.322266
18.046 1 ATTITUDE -0.048096 2.315674 0.809326
18.052 1 DESIRED 0.3 0.52 5. -54. 40. 755. 2.
18.058 1 GPS 0 1130805120 0 0 -17000 0 0 0 364250 12 7
18.061 1 IMU_GYRO -0.016846 0.000977 0.014893
18.064 1 GPS_SOL 796832576 101005 9999 0
18.081 1 NAVIGATION 0 1 10803503. -3566677. 1.29438310203e+14 1.29436858974e+14 0 0
18.125 1 DOWNLINK_STATUS 10 8210 368 0 841. 38. 2.56
18.146 1 ATTITUDE -0.048096 2.31543 0.809082
18.148 1 ESTIMATOR -17.000002 2e-06
18.246 1 ATTITUDE -0.048096 2.31543 0.809082
18.252 1 DESIRED 0.3 0.52 5. -54. 40. 755. 2.
18.255 1 WP_MOVED 4 504603.3125 3566652.5 755. 12
18.260 1 NAVIGATION 0 1 10803503. -3566677. 1.29438310203e+14 1.29436858974e+14 0 0
18.299 1 GPS 0 1130805120 0 0 -17000 0 0 0 364500 12 8
18.331 1 NAVIGATION 0 1 10803503. -3566677. 1.29438310203e+14 1.29436858974e+14 0 0
18.349 1 ATTITUDE -0.047852 2.315674 0.809326
18.428 1 COMMANDS 0,2295,-1585
18.446 1 ATTITUDE -0.047852 2.31543 0.809082
18.452 1 DESIRED 0.3 0.52 5. -54. 40. 755. 2.
18.453 1 DL_VALUE 3 0.
18.528 1 ACTUATORS 1000,1619,1488
18.546 1 ATTITUDE -0.047852 2.315186 0.809082
18.552 1 GPS 0 1130805120 0 0 -17000 0 0 0 364750 12 9
18.581 1 NAVIGATION 0 1 10803503. -3566677. 1.29438310203e+14 1.29436858974e+14 0 0
18.623 1 PONG 
18.646 1 ATTITUDE -0.047852 2.314453 0.809082
18.652 1 DESIRED 0.3 0.52 5. -54. 40. 755. 2.
18.654 1 ESTIMATOR -17.000002 3e-06
18.657 1 IMU_GYRO -0.016846 0.000977 0.016846
18.746 1 ATTITUDE -0.047852 2.314453 0.809082
18.749 1 WP_MOVED 5 504607.1875 3566709.25 755. 12
18.753 1 IMU_ACCEL -9.478516 0.335938 2.317383
18.756 1 BAT 0 0 0 0 1 365 365 0
18.799 1 GPS 0 1130805120 0 0 -17000 0 0 0 365000 12 10
18.838 1 NAVIGATION 0 1 10803503. -3566677. 1.29438310203e+14 1.29436858974e+14 0 0
18.849 1 ATTITUDE -0.047852 2.313965 0.808838
18.852 1 DESIRED 0.3 0.52 5. -54. 40. 755. 2.
18.946 1 ATTITUDE -0.047852 2.313965 0.808838
19.046 1 ATTITUDE -0.047852 2.313477 0.809082
19.054 1 DESIRED 0.3 0.52 5. -54. 40. 755. 2.
19.060 1 GPS 0 1130805120 0 0 -17000 0 0 0 365250 12 11
19.081 1 NAVIGATION 0 1 10803503. -3566677. 1.29438310203e+14 1.29436858974e+14 0 0
19.126 1 DOWNLINK_STATUS 11 8989 403 0 779. 35. 2.59
19.145 1 ATTITUDE -0.047852 2.313232 0.809082
19.147 1 ESTIMATOR -17.000002 3e-06
19.150 1 IMU_MAG 2.157227 -1.021484 0.152344
19.246 1 ATTITUDE -0.047852 2.313477 0.809082
19.252 1 DESIRED 0.3 0.52 5. -54. 40. 755. 2.
19.255 1 WP_MOVED 0 504590. 3566719. 755. 12
19.258 1 IMU_GYRO -0.016846 -0.000977 0.015869
19.263 1 NAVIGATION 0 1 10803503. -3566677. 1.29438310203e+14 1.29436858974e+14 0 0
19.299 1 GPS 0 1130805120 0 0 -17000 0 0 0 365500 12 12
19.329 1 FBW_STATUS 2 0 1 0 0
19.333 1 NAVIGATION 0 1 10803503. -3566677. 1.29438310203e+14 1.29436858974e+14 0 0
19.349 1 ATTITUDE -0.047852 2.312988 0.809082
19.446 1 ATTITUDE -0.047852 2.313477 0.809082
19.452 1 DESIRED 0.3 0.52 5. -54. 40. 755. 2.
19.455 1 ENERGY 0. 0. 0 0.
19.546 1 ATTITUDE -0.047852 2.313965 0.809082
19.552 1 GPS 0 1130805120 0 0 -17000 0 0 0 365750 12 13
19.555 1 IMU_ACCEL -9.492188 0.339844 2.255859
19.557 1 CALIBRATION -150. 0
19.557 1 STATE_FILTER_STATUS 3 0
19.562 1 ALIVE 194,115,96,77,125,241,100,84,29,11,28,165,144,48,151,210
19.581 1 NAVIGATION 0 1 10803503. -3566677. 1.29438310203e+14 1.29436858974e+14 0 0
19.646 1 ATTITUDE -0.048096 2.313965 0.809082
19.652 1 DESIRED 0.3 0.52 5. -54. 40. 755. 2.
19.654 1 ESTIMATOR -17.000002 4e-06
19.656 1 PPRZ_MODE 4 1 2 0 0 6
19.746 1 ATTITUDE -0.048096 2.314453 0.809326
19.749 1 WP_MOVED 1 504548. 3566677. 754. 12
19.799 1 GPS 0 1130805120 0 0 -17000 0 0 0 366000 12 14
19.831 1 NAVIGATION 0 1 10803503. -3566677. 1.29438310203e+14 1.29436858974e+14 0 0
19.850 1 ATTITUDE -0.047852 2.315186 0.80957
19.852 1 DESIRED 0.3 0.52 5. -54. 40. 755. 2.
19.854 1 IMU_GYRO -0.016846 0. 0.015869
19.858 1 BAT 0 0 0 0 1 366 366 0
19.946 1 ATTITUDE -0.048096 2.314697 0.809326
19.948 1 DL_VALUE 4 0.
20.046 1 ATTITUDE -0.048096 2.314941 0.809326
20.052 1 DESIRED 0.3 0.52 5. -54. 40. 755. 2.
20.058 1 GPS 0 1130805120 0 0 -17000 0 0 0 366250 12 15
20.060 1 GPS_SOL 796846272 101010 9999 0
20.081 1 NAVIGATION 0 1 10803503. -3566677. 1.29438310203e+14 1.29436858974e+14 0 0
20.127 1 DOWNLINK_STATUS 12 9878 444 0 889. 41. 2.59
20.146 1 ATTITUDE -0.048096 2.315186 0.809326
20.148 1 ESTIMATOR -17. 4e-06
20.187 1 WIND_INFO 1 42 0. 0. 0.
20.246 1 ATTITUDE -0.048096 2.315186 0.809326
20.252 1 DESIRED 0.3 0.52 5. -54. 40. 755. 2.
20.255 1 WP_MOVED 2 504493.59375 3566717. 755. 12
20.260 1 NAVIGATION 0 1 10803503. -3566677. 1.29438310203e+14 1.29436858974e+14 0 0
20.298 1 GPS 0 1130805120 0 0 -17000 0 0 0 366500 12 16
20.331 1 NAVIGATION 0 1 10803503. -3566677. 1.29438310203e+14 1.29436858974e+14 0 0
20.351 1 ATTITUDE -0.048096 2.31543 0.809326
20.351 1 IMU_ACCEL -9.473633 0.306641 2.3125
20.446 1 ATTITUDE -0.048096 2.31543 0.809082
20.452 1 DESIRED 0.3 0.52 5. -54. 40. 755. 2.
20.455 1 IMU_GYRO -0.014893 -0.000977 0.016846
20.458 1 IMU_MAG 2.157227 -1.027344 0.158203
20.546 1 ATTITUDE -0.048096 2.314941 0.809326
20.552 1 GPS 0 1130805120 0 0 -17000 0 0 0 366750 12 1
20.581 1 NAVIGATION 0 1 10803503. -3566677. 1.29438310203e+14 1.29436858974e+14 0 0
20.646 1 ATTITUDE -0.048096 2.314697 0.809326
20.657 1 DESIRED 0.3 0.52 5. -54. 40. 755. 2.
20.657 1 ESTIMATOR -16.999998 3e-06
20.746 1 ATTITUDE -0.048096 2.314697 0.809326
20.749 1 WP_MOVED 3 504514.8125 3566634. 755. 12
20.798 1 GPS 0 1130805120 0 0 -17000 0 0 0 367000 12 2
20.831 1 NAVIGATION 0 1 10803503. -3566677. 1.29438310203e+14 1.29436858974e+14 0 0
20.846 1 ATTITUDE -0.048096 2.314453 0.809326
20.853 1 DESIRED 0.3 0.52 5. -54. 40. 755. 2.
20.946 1 ATTITUDE -0.048096 2.313965 0.809082
20.949 1 BAT 0 0 0 0 1 367 367 0
21.046 1 ATTITUDE -0.048096 2.313721 0.809326
21.052 1 DESIRED 0.3 0.52 5. -54. 40. 755. 2.
21.057 1 GPS 0 1130805120 0 0 -17000 0 0 0 367250 12 3
21.061 1 IMU_GYRO -0.016846 0.000977 0.018066
21.081 1 NAVIGATION 0 1 10803503. -3566677. 1.29438310203e+14 1.29436858974e+14 0 0
21.128 1 DOWNLINK_STATUS 13 10650 477 0 772. 33. 2.59
21.146 1 ATTITUDE -0.04834 2.313477 0.809082
21.148 1 ESTIMATOR -16.999998 3e-06
21.151 1 IMU_ACCEL -9.483398 0.344727 2.307617
21.246 1 ATTITUDE -0.04834 2.313232 0.809082
21.252 1 DESIRED 0.3 0.52 5. -54. 40. 755. 2.
21.255 1 WP_MOVED 4 504603.3125 3566652.5 755. 12
21.260 1 NAVIGATION 0 1 10803503. -3566677. 1.29438310203e+14 1.29436858974e+14 0 0
21.298 1 GPS 0 1130805120 0 0 -17000 0 0 0 367500 12 4
21.328 1 FBW_STATUS 2 0 1 0 0
21.333 1 NAVIGATION 0 1 10803503. -3566677. 1.29438310203e+14 1.29436858974e+14 0 0
21.346 1 ATTITUDE -0.04834 2.313232 0.809082
21.446 1 ATTITUDE -0.04834 2.313232 0.809082
21.452 1 DESIRED 0.3 0.52 5. -54. 40. 755. 2.
21.454 1 DL_VALUE 5 0.
21.546 1 ATTITUDE -0.04834 2.313721 0.809082
21.552 1 GPS 0 1130805120 0 0 -17000 0 0 0 367750 12 5
21.580 1 NAVIGATION 0 1 10803503. -3566677. 1.29438310203e+14 1.29436858974e+14 0 0
21.646 1 ATTITUDE -0.04834 2.313965 0.809082
21.652 1 DESIRED 0.3 0.52 5. -54. 40. 755. 2.
21.654 1 ESTIMATOR -16.999998 2e-06
21.657 1 IMU_GYRO -0.016846 -0.000977 0.016846
21.659 1 CALIBRATION -150. 0
21.746 1 ATTITUDE -0.04834 2.314209 0.809326
21.749 1 WP_MOVED 5 504607.1875 3566709.25 755. 12
21.752 1 IMU_MAG 2.152344 -1.021484 0.163574
21.753 1 STATE_FILTER_STATUS 3 0
21.798 1 GPS 0 1130805120 0 0 -17000 0 0 0 368000 12 6
21.831 1 NAVIGATION 0 1 10803503. -3566677. 1.29438310203e+14 1.29436858974e+14 0 0
21.846 1 ATTITUDE -0.04834 2.314697 0.809082
21.852 1 DESIRED 0.3 0.52 5. -54. 40. 755. 2.
21.946 1 ATTITUDE -0.04834 2.314941 0.809082
21.949 1 IMU_ACCEL -9.46875 0.339844 2.307617
21.952 1 ENERGY 0. 0. 0 0.
22.046 1 ATTITUDE -0.04834 2.315186 0.809326
22.052 1 DESIRED 0.3 0.52 5. -54. 40. 755. 2.
22.057 1 GPS 0 1130805120 0 0 -17000 0 0 0 368250 12 7
22.061 1 BAT 0 0 0 0 1 368 368 0
22.064 1 GPS_SOL 796860096 101016 9999 0
22.080 1 NAVIGATION 0 1 10803503. -3566677. 1.29438310203e+14 1.29436858974e+14 0 0
22.129 1 DOWNLINK_STATUS 14 11504 516 0 854. 39. 2.59
22.146 1 ATTITUDE -0.048096 2.31543 0.809326
22.148 1 ESTIMATOR -16.999998 2e-06
22.246 1 ATTITUDE -0.048096 2.315186 0.809326
22.252 1 DESIRED 0.3 0.52 5. -54. 40. 755. 2.
22.255 1 WP_MOVED 0 504590. 3566719. 755. 12
22.258 1 IMU_GYRO -0.014893 -0.001953 0.018066
22.263 1 NAVIGATION 0 1 10803503. -3566677. 1.29438310203e+14 1.29436858974e+14 0 0
22.298 1 GPS 0 1130805120 0 0 -17000 0 0 0 368500 12 8
22.330 1 NAVIGATION 0 1 10803503. -3566677. 1.29438310203e+14 1.29436858974e+14 0 0
22.346 1 ATTITUDE -0.04834 2.315186 0.809326
22.446 1 ATTITUDE -0.04834 2.314697 0.809326
22.452 1 DESIRED 0.3 0.52 5. -54. 40. 755. 2.
22.546 1 ATTITUDE -0.04834 2.314209 0.80957
22.551 1 GPS 0 1130805120 0 0 -17000 0 0 0 368750 12 9
22.580 1 NAVIGATION 0 1 10803503. -3566677. 1.29438310203e+14 1.29436858974e+14 0 0
22.646 1 ATTITUDE -0.04834 2.313965 0.80957
22.652 1 DESIRED 0.3 0.52 5. -54. 40. 755. 2.
22.654 1 ESTIMATOR -16.999998 1e-06
22.746 1 ATTITUDE -0.048096 2.313965 0.80957
22.749 1 WP_MOVED 1 504548. 3566677. 754. 12
22.752 1 IMU_ACCEL -9.458984 0.291992 2.3125
22.798 1 GPS 0 1130805120 0 0 -17000 0 0 0 369000 12 10
22.830 1 NAVIGATION 0 1 10803503. -3566677. 1.29438310203e+14 1.29436858974e+14 0 0
22.846 1 ATTITUDE -0.048096 2.313721 0.80957
22.854 1 DESIRED 0.3 0.52 5. -54. 40. 755. 2.
22.855 1 IMU_GYRO -0.014893 0. 0.016846
22.946 1 ATTITUDE -0.048096 2.313477 0.809326
22.948 1 DL_VALUE 6 100.
23.046 1 ATTITUDE -0.048096 2.313232 0.80957
23.052 1 DESIRED 0.3 0.52 5. -54. 40. 755. 2.
23.057 1 GPS 0 1130805120 0 0 -17000 0 0 0 369250 12 11
23.060 1 IMU_MAG 2.159668 -1.030273 0.161133
23.080 1 NAVIGATION 0 1 10803503. -3566677. 1.29438310203e+14 1.29436858974e+14 0 0
23.130 1 DOWNLINK_STATUS 15 12267 549 0 763. 33. 2.59
23.146 1 ATTITUDE -0.048096 2.312744 0.809814
23.148 1 ESTIMATOR -16.999998 0.
23.152 1 BAT 0 0 0 0 1 369 369 0
23.246 1 ATTITUDE -0.048096 2.312256 0.80957
23.252 1 DESIRED 0.3 0.52 5. -54. 40. 755. 2.
23.255 1 WP_MOVED 2 504493.59375 3566717. 755. 12
23.260 1 NAVIGATION 0 1 10803503. -3566677. 1.29438310203e+14 1.29436858974e+14 0 0
23.298 1 GPS 0 1130805120 0 0 -17000 0 0 0 369500 12 12
23.328 1 FBW_STATUS 2 0 1 0 0
23.333 1 NAVIGATION 0 1 10803503. -3566677. 1.29438310203e+14 1.29436858974e+14 0 0
23.346 1 ATTITUDE -0.04834 2.312256 0.80957
23.428 1 COMMANDS 0,2299,-1586
23.446 1 ATTITUDE -0.04834 2.3125 0.80957
23.452 1 DESIRED 0.3 0.52 5. -54. 40. 755. 2.
23.455 1 IMU_GYRO -0.014893 -0.000977 0.018066
23.528 1 ACTUATORS 1000,1619,1488
23.546 1 ATTITUDE -0.04834 2.312988 0.80957
23.551 1 GPS 0 1130805120 0 0 -17000 0 0 0 369750 12 13
23.555 1 IMU_ACCEL -9.454102 0.311523 2.289062
23.580 1 NAVIGATION 0 1 10803503. -3566677. 1.29438310203e+14 1.29436858974e+14 0 0
23.623 1 PONG 
23.646 1 ATTITUDE -0.04834 2.313721 0.80957
23.652 1 DESIRED 0.3 0.52 5. -54. 40. 755. 2.
23.654 1 ESTIMATOR -16.999998 -0.
23.746 1 ATTITUDE -0.04834 2.314209 0.80957
23.749 1 WP_MOVED 3 504514.8125 3566634. 755. 12
23.751 1 CALIBRATION -150. 0
23.798 1 GPS 0 1130805120 0 0 -17000 0 0 0 370000 12 14
23.830 1 NAVIGATION 0 1 10803503. -3566677. 1.29438310203e+14 1.29436858974e+14 0 0
23.846 1 ATTITUDE -0.04834 2.314209 0.809326
23.856 1 DESIRED 0.3 0.52 5. -54. 40. 755. 2.
23.946 1 ATTITUDE -0.04834 2.314697 0.80957
23.946 1 STATE_FILTER_STATUS 3 0
23.950 1 NAVIGATION_REF 504548 3566677 12
24.046 1 ATTITUDE -0.04834 2.314453 0.80957
24.052 1 DESIRED 0.3 0.52 5. -54. 40. 755. 2.
24.057 1 GPS 0 1130805120 0 0 -17000 0 0 0 370250 12 15
24.060 1 IMU_GYRO -0.014893 -0.000977 0.016846
24.063 1 GPS_SOL 796873920 101022 9999 0
24.080 1 NAVIGATION 0 1 10803503. -3566677. 1.29438310203e+14 1.29436858974e+14 0 0
24.131 1 DOWNLINK_STATUS 16 13119 589 0 852. 40. 2.59
24.146 1 ATTITUDE -0.048584 2.314697 0.809326
24.148 1 ESTIMATOR -16.999998 -1e-06
24.246 1 ATTITUDE -0.04834 2.314941 0.80957
24.252 1 DESIRED 0.3 0.52 5. -54. 40. 755. 2.
24.255 1 WP_MOVED 4 504603.3125 3566652.5 755. 12
24.260 1 NAVIGATION 0 1 10803503. -3566677. 1.29438310203e+14 1.29436858974e+14 0 0
24.263 1 BAT 0 0 0 0 1 370 370 0
24.298 1 GPS 0 1130805120 0 0 -17000 0 0 0 370500 12 16
24.330 1 NAVIGATION 0 1 10803503. -3566677. 1.29438310203e+14 1.29436858974e+14 0 0
24.346 1 ATTITUDE -0.048096 2.315186 0.809326
24.349 1 IMU_ACCEL -9.492188 0.369141 2.264648
24.357 1 IMU_MAG 2.157227 -1.027344 0.155273
24.446 1 ATTITUDE -0.04834 2.314697 0.809326
24.452 1 DESIRED 0.3 0.52 5. -54. 40. 755. 2.
24.452 1 DL_VALUE 7 4.
24.457 1 ENERGY 0. 0. 0 0.
24.546 1 ATTITUDE -0.048096 2.314209 0.80957
24.551 1 GPS 0 1130805120 0 0 -17000 0 0 0 370750 12 1
24.555 1 ALIVE 194,115,96,77,125,241,100,84,29,11,28,165,144,48,151,210
24.580 1 NAVIGATION 0 1 10803503. -3566677. 1.29438310203e+14 1.29436858974e+14 0 0
24.646 1 ATTITUDE -0.048096 2.314209 0.809326
24.652 1 DESIRED 0.3 0.52 5. -54. 40. 755. 2.
24.654 1 ESTIMATOR -16.999998 -1e-06
24.657 1 IMU_GYRO -0.016846 -0.000977 0.018066
24.659 1 PPRZ_MODE 4 1 2 0 0 6
24.746 1 ATTITUDE -0.04834 2.313721 0.809326
24.749 1 WP_MOVED 5 504607.1875 3566709.25 755. 12
24.798 1 GPS 0 1130805120 0 0 -17000 0 0 0 371000 12 2
24.830 1 NAVIGATION 0 1 10803503. -3566677. 1.29438310203e+14 1.29436858974e+14 0 0
24.846 1 ATTITUDE -0.048096 2.313477 0.809082
24.857 1 DESIRED 0.3 0.52 5. -54. 40. 755. 2.
24.946 1 ATTITUDE -0.048096 2.313477 0.809326
25.046 1 ATTITUDE -0.048096 2.313232 0.809082
25.051 1 DESIRED 0.3 0.52 5. -54. 40. 755. 2.
25.057 1 GPS 0 1130805120 0 0 -17000 0 0 0 371250 12 3
25.080 1 NAVIGATION 0 1 10803503. -3566677. 1.29438310203e+14 1.29436858974e+14 0 0
25.132 1 DOWNLINK_STATUS 17 13939 625 0 820. 36. 2.59
25.146 1 ATTITUDE -0.048096 2.313232 0.809082
25.147 1 ESTIMATOR -16.999998 -2e-06
25.150 1 IMU_ACCEL -9.463867 0.316406 2.241211
25.246 1 ATTITUDE -0.048096 2.313477 0.809082
25.251 1 DESIRED 0.3 0.52 5. -54. 40. 755. 2.
25.255 1 WP_MOVED 0 504590. 3566719. 755. 12
25.258 1 IMU_GYRO -0.016846 0. 0.015869
25.263 1 NAVIGATION 0 1 10803503. -3566677. 1.29438310203e+14 1.29436858974e+14 0 0
25.298 1 GPS 0 1130805120 0 0 -17000 0 0 0 371500 12 4
25.328 1 FBW_STATUS 2 0 1 0 0
25.333 1 NAVIGATION 0 1 10803503. -3566677. 1.29438310203e+14 1.29436858974e+14 0 0
25.346 1 ATTITUDE -0.048096 2.313477 0.809082
25.349 1 BAT 0 0 0 0 1 372 372 0
25.446 1 ATTITUDE -0.048096 2.313965 0.809082
25.451 1 DESIRED 0.3 0.52 5. -54. 40. 755. 2.
25.546 1 ATTITUDE -0.047852 2.314453 0.809082
25.551 1 GPS 0 1130805120 0 0 -17000 0 0 0 371750 12 5
25.580 1 NAVIGATION 0 1 10803503. -3566677. 1.29438310203e+14 1.29436858974e+14 0 0
25.646 1 ATTITUDE -0.047852 2.314697 0.809082
25.651 1 DESIRED 0.3 0.52 5. -54. 40. 755. 2.
25.654 1 ESTIMATOR -16.999998 -2e-06
25.656 1 IMU_MAG 2.157227 -1.024414 0.158203
25.745 1 ATTITUDE -0.047852 2.314941 0.809082
25.749 1 WP_MOVED 1 504548. 3566677. 754. 12
25.798 1 GPS 0 1130805120 0 0 -17000 0 0 0 372000 12 6
25.830 1 NAVIGATION 0 1 10803503. -3566677. 1.29438310203e+14 1.29436858974e+14 0 0
25.846 1 ATTITUDE -0.047852 2.314941 0.809082
25.851 1 DESIRED 0.3 0.52 5. -54. 40. 755. 2.
25.859 1 IMU_GYRO -0.014893 0.000977 0.016846
25.859 1 CALIBRATION -150. 0
25.946 1 ATTITUDE -0.047852 2.314941 0.809326
25.948 1 IMU_ACCEL -9.501953 0.344727 2.289062
25.950 1 DL_VALUE 8 1.
26.045 1 ATTITUDE -0.047852 2.315186 0.809326
26.051 1 DESIRED 0.3 0.52 5. -54. 40. 755. 2.
26.057 1 GPS 0 1130805120 0 0 -17000 0 0 0 372250 12 7
26.059 1 GPS_SOL 796887872 101027 9999 0
26.080 1 NAVIGATION 0 1 10803503. -3566677. 1.29438310203e+14 1.29436858974e+14 0 0
26.133 1 DOWNLINK_STATUS 18 14782 663 0 843. 38. 2.59
26.145 1 ATTITUDE -0.047607 2.315186 0.809326
26.147 1 ESTIMATOR -16.999998 -3e-06
26.148 1 STATE_FILTER_STATUS 3 0
26.245 1 ATTITUDE -0.047852 2.315186 0.809326
26.251 1 DESIRED 0.3 0.52 5. -54. 40. 755. 2.
26.254 1 WP_MOVED 2 504493.59375 3566717. 755. 12
26.259 1 NAVIGATION 0 1 10803503. -3566677. 1.29438310203e+14 1.29436858974e+14 0 0
26.298 1 GPS 0 1130805120 0 0 -17000 0 0 0 372500 12 8
26.330 1 NAVIGATION 0 1 10803503. -3566677. 1.29438310203e+14 1.29436858974e+14 0 0
26.344 1 ATTITUDE -0.047607 2.315186 0.80957
26.446 1 ATTITUDE -0.047852 2.314697 0.80957
26.451 1 DESIRED 0.3 0.52 5. -54. 40. 755. 2.
26.454 1 IMU_GYRO -0.016846 0. 0.016846
26.457 1 BAT 0 0 0 0 1 373 373 0
26.544 1 ATTITUDE -0.047852 2.314209 0.809326
26.550 1 GPS 0 1130805120 0 0 -17000 0 0 0 372750 12 9
26.580 1 NAVIGATION 0 1 10803503. -3566677. 1.29438310203e+14 1.29436858974e+14 0 0
26.645 1 ATTITUDE -0.047852 2.313721 0.809326
26.651 1 DESIRED 0.3 0.52 5. -54. 40. 755. 2.
26.653 1 ESTIMATOR -16.999998 -4e-06
26.745 1 ATTITUDE -0.047852 2.313477 0.80957
26.749 1 WP_MOVED 3 504514.8125 3566634. 755. 12
26.752 1 IMU_ACCEL -9.458984 0.321289 2.297852
26.798 1 GPS 0 1130805120 0 0 -17000 0 0 0 373000 12 10
26.830 1 NAVIGATION 0 1 10803503. -3566677. 1.29438310203e+14 1.29436858974e+14 0 0
26.846 1 ATTITUDE -0.047852 2.313232 0.809326
26.851 1 DESIRED 0.3 0.52 5. -54. 40. 755. 2.
26.946 1 ATTITUDE -0.047607 2.312744 0.809326
26.948 1 IMU_MAG 2.157227 -1.021484 0.152344
26.951 1 ENERGY 0. 0. 0 0.
27.045 1 ATTITUDE -0.047852 2.3125 0.809082
27.051 1 DESIRED 0.3 0.52 5. -54. 40. 755. 2.
27.057 1 GPS 0 1130805120 0 0 -17000 0 0 0 373250 12 11
27.059 1 IMU_GYRO -0.016846 0. 0.018066
27.080 1 NAVIGATION 0 1 10803503. -3566677. 1.29438310203e+14 1.29436858974e+14 0 0
27.134 1 DOWNLINK_STATUS 19 15583 698 0 801. 35. 2.59
27.144 1 ATTITUDE -0.047852 2.312256 0.809082
27.147 1 ESTIMATOR -17. -4e-06
27.149 1 DOWNLINK 43 811 13697
27.245 1 ATTITUDE -0.047852 2.312256 0.809082
27.251 1 DESIRED 0.3 0.52 5. -54. 40. 755. 2.
27.255 1 WP_MOVED 4 504603.3125 3566652.5 755. 12
27.259 1 NAVIGATION 0 1 10803503. -3566677. 1.29438310203e+14 1.29436858974e+14 0 0
27.298 1 GPS 0 1130805120 0 0 -17000 0 0 0 373500 12 12
27.327 1 FBW_STATUS 2 0 1 0 0
27.333 1 NAVIGATION 0 1 10803503. -3566677. 1.29438310203e+14 1.29436858974e+14 0 0
27.344 1 ATTITUDE -0.047852 2.311768 0.809082
27.444 1 ATTITUDE -0.047607 2.312012 0.809082
27.450 1 DESIRED 0.3 0.52 5. -54. 40. 755. 2.
27.452 1 DL_VALUE 9 1.
27.544 1 ATTITUDE -0.047607 2.312744 0.809082
27.551 1 GPS 0 1130805120 0 0 -17000 0 0 0 373750 12 13
27.553 1 IMU_ACCEL -9.488281 0.301758 2.246094
27.557 1 BAT 0 0 0 0 1 374 374 0
27.580 1 NAVIGATION 0 1 10803503. -3566677. 1.29438310203e+14 1.29436858974e+14 0 0
27.645 1 ATTITUDE -0.047607 2.312988 0.809326
27.651 1 DESIRED 0.3 0.52 5. -54. 40. 755. 2.
27.653 1 ESTIMATOR -17.000002 -3e-06
27.657 1 IMU_GYRO -0.014893 0. 0.018066
27.744 1 ATTITUDE -0.047607 2.313232 0.809082
27.749 1 WP_MOVED 5 504607.1875 3566709.25 755. 12
27.798 1 GPS 0 1130805120 0 0 -17000 0 0 0 374000 12 14
27.830 1 NAVIGATION 0 1 10803503. -3566677. 1.29438310203e+14 1.29436858974e+14 0 0
27.845 1 ATTITUDE -0.047607 2.313721 0.809082
27.851 1 DESIRED 0.3 0.52 5. -54. 40. 755. 2.
27.945 1 ATTITUDE -0.047852 2.313965 0.808838
27.946 1 CALIBRATION -150. 0
28.045 1 ATTITUDE -0.047852 2.313721 0.808838
28.051 1 DESIRED 0.3 0.52 5. -54. 40. 755. 2.
28.057 1 GPS 0 1130805120 0 0 -17000 0 0 0 374250 12 15
28.059 1 GPS_SOL 796901888 101033 9999 0
28.080 1 NAVIGATION 0 1 10803503. -3566677. 1.29438310203e+14 1.29436858974e+14 0 0
28.135 1 DOWNLINK_STATUS 20 16383 734 0 800. 36. 2.59
28.144 1 ATTITUDE -0.047852 2.313477 0.808838
28.147 1 ESTIMATOR -17.000002 -3e-06
28.244 1 ATTITUDE -0.047607 2.313721 0.808838
28.251 1 DESIRED 0.3 0.52 5. -54. 40. 755. 2.
28.255 1 WP_MOVED 0 504590. 3566719. 755. 12
28.257 1 IMU_GYRO -0.016846 -0.001953 0.015869
28.262 1 NAVIGATION 0 1 10803503. -3566677. 1.29438310203e+14 1.29436858974e+14 0 0
28.298 1 GPS 0 1130805120 0 0 -17000 0 0 0 374500 12 16
28.330 1 NAVIGATION 0 1 10803503. -3566677. 1.29438310203e+14 1.29436858974e+14 0 0
28.344 1 ATTITUDE -0.047607 2.313721 0.808838
28.348 1 IMU_ACCEL -9.492188 0.321289 2.322266
28.349 1 STATE_FILTER_STATUS 3 0
28.428 1 COMMANDS 0,2294,-1584
28.444 1 ATTITUDE -0.047607 2.313721 0.808838
28.451 1 DESIRED 0.3 0.52 5. -54. 40. 755. 2.
28.527 1 ACTUATORS 1000,1619,1488
28.544 1 ATTITUDE -0.047363 2.313477 0.808838
28.551 1 GPS 0 1130805120 0 0 -17000 0 0 0 374750 12 1
28.580 1 NAVIGATION 0 1 10803503. -3566677. 1.29438310203e+14 1.29436858974e+14 0 0
28.624 1 PONG 
28.644 1 ATTITUDE -0.047607 2.313721 0.808838
28.651 1 DESIRED 0.3 0.52 5. -54. 40. 755. 2.
28.653 1 ESTIMATOR -17.000002 -2e-06
28.657 1 BAT 0 0 0 0 1 375 375 0
28.745 1 ATTITUDE -0.047607 2.313721 0.808838
28.749 1 WP_MOVED 1 504548. 3566677. 754. 12
28.798 1 GPS 0 1130805120 0 0 -17000 0 0 0 375000 12 2
28.830 1 NAVIGATION 0 1 10803503. -3566677. 1.29438310203e+14 1.29436858974e+14 0 0
28.844 1 ATTITUDE -0.047607 2.313965 0.808838
28.851 1 DESIRED 0.3 0.52 5. -54. 40. 755. 2.
28.853 1 IMU_GYRO -0.014893 -0.000977 0.016846
28.945 1 ATTITUDE -0.047852 2.313477 0.808594
28.946 1 DL_VALUE 10 0.
29.045 1 ATTITUDE -0.047607 2.313477 0.808838
29.051 1 DESIRED 0.3 0.52 5. -54. 40. 755. 2.
29.057 1 GPS 0 1130805120 0 0 -17000 0 0 0 375250 12 3
29.080 1 NAVIGATION 0 1 10803503. -3566677. 1.29438310203e+14 1.29436858974e+14 0 0
29.136 1 DOWNLINK_STATUS 21 17189 771 0 806. 37. 2.57
29.144 1 ATTITUDE -0.047607 2.313477 0.808838
29.147 1 ESTIMATOR -17.000002 -2e-06
29.150 1 IMU_ACCEL -9.473633 0.335938 2.269531
29.245 1 ATTITUDE -0.047607 2.313721 0.808594
29.251 1 DESIRED 0.3 0.52 5. -54. 40. 755. 2.
29.254 1 WP_MOVED 2 504493.59375 3566717. 755. 12
29.259 1 NAVIGATION 0 1 10803503. -3566677. 1.29438310203e+14 1.29436858974e+14 0 0
29.297 1 GPS 0 1130805120 0 0 -17000 0 0 0 375500 12 4
29.327 1 FBW_STATUS 2 0 1 0 0
29.332 1 NAVIGATION 0 1 10803503. -3566677. 1.29438310203e+14 1.29436858974e+14 0 0
29.344 1 ATTITUDE -0.048096 2.313232 0.808594
29.445 1 ATTITUDE -0.04834 2.313721 0.809082
29.451 1 DESIRED 0.3 0.52 5. -54. 40. 755. 2.
29.453 1 IMU_GYRO -0.016846 -0.011475 0.016846
29.457 1 ENERGY 0. 0. 0 0.
29.545 1 ATTITUDE -0.04834 2.313721 0.809326
29.551 1 GPS 0 1130805120 0 0 -17000 0 0 0 375750 12 5
29.553 1 IMU_MAG 2.157227 -1.027344 0.158203
29.558 1 ALIVE 194,115,96,77,125,241,100,84,29,11,28,165,144,48,151,210
29.580 1 NAVIGATION 0 1 10803503. -3566677. 1.29438310203e+14 1.29436858974e+14 0 0
29.644 1 ATTITUDE -0.049072 2.313477 0.809082
29.651 1 DESIRED 0.3 0.52 5. -54. 40. 755. 2.
29.653 1 ESTIMATOR -17.000002 -1e-06
29.655 1 PPRZ_MODE 4 1 2 0 0 6
29.744 1 ATTITUDE -0.048828 2.313721 0.809082
29.749 1 WP_MOVED 3 504514.8125 3566634. 755. 12
29.751 1 BAT 0 0 0 0 1 376 376 0
29.798 1 GPS 0 1130805120 0 0 -17000 0 0 0 376000 12 6
29.830 1 NAVIGATION 0 1 10803503. -3566677. 1.29438310203e+14 1.29436858974e+14 0 0
29.845 1 ATTITUDE -0.048828 2.313721 0.809082
29.851 1 DESIRED 0.3 0.52 5. -54. 40. 755. 2.
29.945 1 ATTITUDE -0.049072 2.313477 0.809082
29.948 1 IMU_ACCEL -9.46875 0.273438 2.222656
30.045 1 ATTITUDE -0.048828 2.313721 0.808838
30.051 1 DESIRED 0.3 0.52 5. -54. 40. 755. 2.
30.057 1 GPS 0 1130805120 0 0 -17000 0 0 0 376250 12 7
30.059 1 IMU_GYRO -0.014893 0.003174 0.014893
30.062 1 GPS_SOL 796915968 101038 9999 0
30.080 1 NAVIGATION 0 1 10803503. -3566677. 1.29438310203e+14 1.29436858974e+14 0 0
30.137 1 DOWNLINK_STATUS 22 18065 810 0 876. 39. 2.57
30.145 1 ATTITUDE -0.049072 2.313965 0.809082
30.147 1 ESTIMATOR -17.000002 -0.
30.187 1 WIND_INFO 1 42 0. 0. 0.
30.245 1 ATTITUDE -0.048828 2.313965 0.809082
30.251 1 DESIRED 0.3 0.52 5. -54. 40. 755. 2.
30.255 1 WP_MOVED 4 504603.3125 3566652.5 755. 12
30.259 1 NAVIGATION 0 1 10803503. -3566677. 1.29438310203e+14 1.29436858974e+14 0 0
30.298 1 GPS 0 1130805120 0 0 -17000 0 0 0 376500 12 8
30.330 1 NAVIGATION 0 1 10803503. -3566677. 1.29438310203e+14 1.29436858974e+14 0 0
30.345 1 ATTITUDE -0.048828 2.314453 0.809082
30.444 1 ATTITUDE -0.048584 2.314209 0.809326
30.450 1 DESIRED 0.3 0.52 5. -54. 40. 755. 2.
30.452 1 DL_VALUE 11 1.
30.545 1 ATTITUDE -0.04834 2.313965 0.809082
30.551 1 GPS 0 1130805120 0 0 -17000 0 0 0 376750 12 9
30.552 1 STATE_FILTER_STATUS 3 0
30.580 1 NAVIGATION 0 1 10803503. -3566677. 1.29438310203e+14 1.29436858974e+14 0 0
30.645 1 ATTITUDE -0.048584 2.313232 0.809326
30.651 1 DESIRED 0.3 0.52 5. -54. 40. 755. 2.
30.653 1 ESTIMATOR -17.000002 0.
30.656 1 IMU_GYRO -0.02124 0. 0.012695
30.744 1 ATTITUDE -0.047607 2.313965 0.809326
30.749 1 WP_MOVED 5 504607.1875 3566709.25 755. 12
30.751 1 IMU_ACCEL -9.46875 0.431641 2.378906
30.798 1 GPS 0 1130805120 0 0 -17000 0 0 0 377000 12 10
30.830 1 NAVIGATION 0 1 10803503. -3566677. 1.29438310203e+14 1.29436858974e+14 0 0
30.845 1 ATTITUDE -0.047852 2.313477 0.809082
30.851 1 DESIRED 0.3 0.52 5. -54. 40. 755. 2.
30.854 1 BAT 0 0 0 0 1 377 377 0
30.857 1 IMU_MAG 2.154785 -1.027344 0.152344
30.945 1 ATTITUDE -0.048096 2.313232 0.809326
31.045 1 ATTITUDE -0.048096 2.313477 0.808838
31.051 1 DESIRED 0.3 0.52 5. -54. 40. 755. 2.
31.057 1 GPS 0 1130805120 0 0 -17000 0 0 0 377250 12 11
31.080 1 NAVIGATION 0 1 10803503. -3566677. 1.29438310203e+14 1.29436858974e+14 0 0
31.138 1 DOWNLINK_STATUS 23 18839 844 0 774. 34. 2.57
31.144 1 ATTITUDE -0.048096 2.313232 0.809082
31.147 1 ESTIMATOR -17.000002 1e-06
31.244 1 ATTITUDE -0.04834 2.313232 0.809082
31.251 1 DESIRED 0.3 0.52 5. -54. 40. 755. 2.
31.254 1 WP_MOVED 0 504590. 3566719. 755. 12
31.257 1 IMU_GYRO -0.02124 0.005127 0.014893
31.262 1 NAVIGATION 0 1 10803503. -3566677. 1.29438310203e+14 1.29436858974e+14 0 0
31.298 1 GPS 0 1130805120 0 0 -17000 0 0 0 377500 12 12
31.327 1 FBW_STATUS 2 0 1 0 0
31.332 1 NAVIGATION 0 1 10803503. -3566677. 1.29438310203e+14 1.29436858974e+14 0 0
31.344 1 ATTITUDE -0.04834 2.312988 0.809082
31.444 1 ATTITUDE -0.048096 2.313477 0.809326
31.450 1 DESIRED 0.3 0.52 5. -54. 40. 755. 2.
31.544 1 ATTITUDE -0.047852 2.314453 0.809326
31.550 1 GPS 0 1130805120 0 0 -17000 0 0 0 377750 12 13
31.553 1 IMU_ACCEL -9.478516 0.436523 2.327148
31.581 1 NAVIGATION 0 1 10803503. -3566677. 1.29438310203e+14 1.29436858974e+14 0 0
31.644 1 ATTITUDE -0.047852 2.314941 0.809082
31.651 1 DESIRED 0.3 0.52 5. -54. 40. 755. 2.
31.653 1 ESTIMATOR -17.000002 1e-06
31.745 1 ATTITUDE -0.048096 2.314941 0.809082
31.750 1 WP_MOVED 1 504548. 3566677. 754. 12
31.798 1 GPS 0 1130805120 0 0 -17000 0 0 0 378000 12 14
31.830 1 NAVIGATION 0 1 10803503. -3566677. 1.29438310203e+14 1.29436858974e+14 0 0
31.844 1 ATTITUDE -0.048096 2.314941 0.809082
31.850 1 DESIRED 0.3 0.52 5. -54. 40. 755. 2.
31.853 1 IMU_GYRO -0.014893 0. 0.016846
31.945 1 ATTITUDE -0.048096 2.31543 0.809082
31.948 1 BAT 0 0 0 0 1 378 378 0
31.950 1 DL_VALUE 0 0.
31.953 1 ENERGY 0. 0. 0 0.
32.045 1 ATTITUDE -0.048096 2.315674 0.809082
32.051 1 DESIRED 0.3 0.52 5. -54. 40. 755. 2.
32.057 1 GPS 0 1130805120 0 0 -17000 0 0 0 378250 12 15
32.060 1 GPS_SOL 796930176 101044 9999 0
32.080 1 NAVIGATION 0 1 10803503. -3566677. 1.29438310203e+14 1.29436858974e+14 0 0
32.139 1 DOWNLINK_STATUS 24 19655 880 0 816. 36. 2.57
32.144 1 ATTITUDE -0.04834 2.315918 0.809082
32.148 1 ESTIMATOR -17.000002 2e-06
32.150 1 IMU_MAG 2.157227 -1.027344 0.152344
32.152 1 CALIBRATION -150. 0
32.244 1 ATTITUDE -0.048096 2.315918 0.809082
32.251 1 DESIRED 0.3 0.52 5. -54. 40. 755. 2.
32.255 1 WP_MOVED 2 504493.59375 3566717. 755. 12
32.259 1 NAVIGATION 0 1 10803503. -3566677. 1.29438310203e+14 1.29436858974e+14 0 0
32.260 1 DOWNLINK 45 823 13885
32.298 1 GPS 0 1130805120 0 0 -17000 0 0 0 378500 12 16
32.330 1 NAVIGATION 0 1 10803503. -3566677. 1.29438310203e+14 1.29436858974e+14 0 0
32.344 1 ATTITUDE -0.048584 2.315674 0.809082
32.347 1 IMU_ACCEL -9.492188 0.378906 2.327148
32.445 1 ATTITUDE -0.048096 2.31543 0.809326
32.451 1 DESIRED 0.3 0.52 5. -54. 40. 755. 2.
32.453 1 IMU_GYRO -0.016846 0. 0.018066
32.545 1 ATTITUDE -0.04834 2.315186 0.809326
32.551 1 GPS 0 1130805120 0 0 -17000 0 0 0 378750 12 1
32.580 1 NAVIGATION 0 1 10803503. -3566677. 1.29438310203e+14 1.29436858974e+14 0 0
32.645 1 ATTITUDE -0.04834 2.314697 0.80957
32.651 1 DESIRED 0.3 0.52 5. -54. 40. 755. 2.
32.652 1 ESTIMATOR -17.000002 3e-06
32.745 1 ATTITUDE -0.04834 2.314209 0.80957
32.749 1 WP_MOVED 3 504514.8125 3566634. 755. 12
32.752 1 STATE_FILTER_STATUS 3 0
32.798 1 GPS 0 1130805120 0 0 -17000 0 0 0 379000 12 2
32.830 1 NAVIGATION 0 1 10803503. -3566677. 1.29438310203e+14 1.29436858974e+14 0 0
32.845 1 ATTITUDE -0.04834 2.313965 0.80957
32.852 1 DESIRED 0.3 0.52 5. -54. 40. 755. 2.
32.948 1 ATTITUDE -0.047852 2.314209 0.80957
32.951 1 NAVIGATION_REF 504548 3566677 12
33.045 1 ATTITUDE -0.048096 2.313721 0.809814
33.051 1 DESIRED 0.3 0.52 5. -54. 40. 755. 2.
33.057 1 GPS 0 1130805120 0 0 -17000 0 0 0 379250 12 3
33.062 1 IMU_GYRO -0.014893 0.000977 0.015869
33.063 1 BAT 0 0 0 0 1 379 379 0
33.080 1 NAVIGATION 0 1 10803503. -3566677. 1.29438310203e+14 1.29436858974e+14 0 0
33.141 1 DOWNLINK_STATUS 25 20473 917 0 818. 37. 2.57
33.145 1 ATTITUDE -0.048096 2.313721 0.80957
33.147 1 ESTIMATOR -17.000002 3e-06
33.151 1 IMU_ACCEL -9.488281 0.296875 2.274414
33.245 1 ATTITUDE -0.048096 2.313721 0.80957
33.251 1 DESIRED 0.3 0.52 5. -54. 40. 755. 2.
33.255 1 WP_MOVED 4 504603.3125 3566652.5 755. 12
33.259 1 NAVIGATION 0 1 10803503. -3566677. 1.29438310203e+14 1.29436858974e+14 0 0
33.298 1 GPS 0 1130805120 0 0 -17000 0 0 0 379500 12 4
33.327 1 FBW_STATUS 2 0 1 0 0
33.332 1 NAVIGATION 0 1 10803503. -3566677. 1.29438310203e+14 1.29436858974e+14 0 0
33.344 1 ATTITUDE -0.048096 2.313232 0.80957
33.427 1 COMMANDS 0,2294,-1590
33.445 1 ATTITUDE -0.047852 2.313965 0.809814
33.451 1 DESIRED 0.3 0.52 5. -54. 40. 755. 2.
33.453 1 IMU_MAG 2.159668 -1.024414 0.155273
33.455 1 DL_VALUE 1 0.
33.527 1 ACTUATORS 1000,1620,1488
33.545 1 ATTITUDE -0.047607 2.313965 0.809814
33.551 1 GPS 0 1130805120 0 0 -17000 0 0 0 379750 12 5
33.580 1 NAVIGATION 0 1 10803503. -3566677. 1.29438310203e+14 1.29436858974e+14 0 0
33.625 1 PONG 
33.645 1 ATTITUDE -0.047607 2.313721 0.80957
33.651 1 DESIRED 0.3 0.52 5. -54. 40. 755. 2.
33.652 1 ESTIMATOR -17.000002 4e-06
33.657 1 IMU_GYRO -0.010498 0. 0.016846
33.745 1 ATTITUDE -0.047852 2.314209 0.80957
33.749 1 WP_MOVED 5 504607.1875 3566709.25 755. 12
33.797 1 GPS 0 1130805120 0 0 -17000 0 0 0 380000 12 6
33.830 1 NAVIGATION 0 1 10803503. -3566677. 1.29438310203e+14 1.29436858974e+14 0 0
33.844 1 ATTITUDE -0.047607 2.314453 0.80957
33.851 1 DESIRED 0.3 0.52 5. -54. 40. 755. 2.
