8.989 1 GPS 0 1130805120 0 0 -17000 0 0 0 36250 12 16
9.021 1 NAVIGATION 0 2 10801716. -3566302. 1.29394907546e+14 1.29395570246e+14 0 0
9.036 1 ATTITUDE -3.039551 -1.951172 -0.558105
9.042 1 DESIRED -0.74 0.1 5. 16. -45. 805. 2.
9.045 1 IMU_GYRO -0.014893 -0.003174 -0.008301
9.053 1 BAT 0 0 0 0 0 36 36 0
9.053 1 CALIBRATION -150. 0
9.136 1 ATTITUDE -3.040039 -1.950928 -0.560303
9.139 1 IMU_ACCEL 8.911133 1.123047 -4.150391
9.141 1 DL_VALUE 0 0.
9.236 1 ATTITUDE -3.041016 -1.950928 -0.560303
9.242 1 DESIRED -0.74 0.1 5. 16. -45. 805. 2.
9.248 1 GPS 0 1130805120 0 0 -17000 0 0 0 36250 12 1
9.251 1 GPS_SOL 795622080 100087 9999 0
9.272 1 NAVIGATION 0 2 10801716. -3566302. 1.29394907546e+14 1.29395570246e+14 0 0
9.336 1 ATTITUDE -3.041748 -1.950439 -0.560059
9.339 1 ESTIMATOR -16.999998 -3e-06
9.436 1 ATTITUDE -3.042725 -1.949951 -0.560303
9.442 1 DESIRED -0.74 0.1 5. 16. -45. 805. 2.
9.445 1 WP_MOVED 4 506374.40625 3566337.75 805. 12
9.451 1 NAVIGATION 0 2 10801716. -3566302. 1.29394907546e+14 1.29395570246e+14 0 0
9.453 1 IMU_MAG -1.807129 -1.009766 1.479004
9.490 1 GPS 0 1130805120 0 0 -17000 0 0 0 36500 12 2
9.521 1 NAVIGATION 0 2 10801716. -3566302. 1.29394907546e+14 1.29395570246e+14 0 0
9.536 1 ATTITUDE -3.043213 -1.949951 -0.560059
9.636 1 ATTITUDE -3.042969 -1.949951 -0.560059
9.642 1 DESIRED -0.74 0.1 5. 16. -45. 805. 2.
9.645 1 IMU_GYRO -0.014893 -0.014893 -0.018066
9.697 1 DOWNLINK_STATUS 2 1676 75 0 855. 39. 0.
9.736 1 ATTITUDE -3.042236 -1.949951 -0.561035
9.742 1 GPS 0 1130805120 0 0 -17000 0 0 0 36750 12 3
9.744 1 DOWNLINK 3 814 1368
9.771 1 NAVIGATION 0 2 10801716. -3566302. 1.29394907546e+14 1.29395570246e+14 0 0
9.836 1 ATTITUDE -3.042236 -1.949707 -0.562012
9.842 1 DESIRED -0.74 0.1 5. 16. -45. 805. 2.
9.844 1 ESTIMATOR -16.999998 -4e-06
9.936 1 ATTITUDE -3.041748 -1.949951 -0.562012
9.939 1 WP_MOVED 5 506402.3125 3566363.25 820. 12
9.943 1 IMU_ACCEL 8.892578 1.113281 -4.198242
9.989 1 GPS 0 1130805120 0 0 -17000 0 0 0 37250 12 4
10.021 1 NAVIGATION 0 2 10801716. -3566302. 1.29394907546e+14 1.29395570246e+14 0 0
10.036 1 ATTITUDE -3.041992 -1.949219 -0.562012
10.043 1 DESIRED -0.74 0.1 5. 16. -45. 805. 2.
10.138 1 ATTITUDE -3.044189 -1.94751 -0.560303
10.140 1 BAT 0 0 0 0 0 37 37 0
10.142 1 NAVIGATION_REF 506335 3566302 12
10.236 1 ATTITUDE -3.04541 -1.945801 -0.559082
10.242 1 DESIRED -0.74 0.1 5. 16. -45. 805. 2.
10.249 1 GPS 0 1130805120 0 0 -17000 0 0 0 37250 12 5
10.251 1 IMU_GYRO -0.016846 -0.015869 -0.008301
10.271 1 NAVIGATION 0 2 10801716. -3566302. 1.29394907546e+14 1.29395570246e+14 0 0
10.336 1 ATTITUDE -3.044189 -1.946045 -0.55957
10.338 1 ESTIMATOR -17. -4e-06
10.436 1 ATTITUDE -3.044922 -1.945801 -0.560059
10.442 1 DESIRED -0.74 0.1 5. 16. -45. 805. 2.
10.445 1 WP_MOVED 6 506374.40625 3566337.75 820. 12
10.450 1 NAVIGATION 0 2 10801716. -3566302. 1.29394907546e+14 1.29395570246e+14 0 0
10.489 1 GPS 0 1130805120 0 0 -17000 0 0 0 37500 12 6
10.519 1 FBW_STATUS 2 0 1 0 0
10.523 1 NAVIGATION 0 2 10801716. -3566302. 1.29394907546e+14 1.29395570246e+14 0 0
10.536 1 ATTITUDE -3.043213 -1.946533 -0.561279
10.636 1 ATTITUDE -3.042725 -1.947754 -0.561768
10.648 1 DESIRED -0.74 0.1 5. 16. -45. 805. 2.
10.649 1 DL_VALUE 1 0.
10.698 1 DOWNLINK_STATUS 3 2463 110 0 787. 35. 0.
10.737 1 ATTITUDE -3.042236 -1.948975 -0.562012
10.742 1 GPS 0 1130805120 0 0 -17000 0 0 0 38000 12 7
10.745 1 IMU_ACCEL 8.916016 1.079102 -4.098633
10.748 1 IMU_MAG -1.807129 -1.018555 1.479004
10.771 1 NAVIGATION 0 2 10801716. -3566302. 1.29394907546e+14 1.29395570246e+14 0 0
10.836 1 ATTITUDE -3.041748 -1.950928 -0.562012
10.842 1 DESIRED -0.74 0.1 5. 16. -45. 805. 2.
10.844 1 ESTIMATOR -17.000002 -3e-06
10.847 1 IMU_GYRO -0.014893 -0.006348 -0.024414
10.936 1 ATTITUDE -3.040771 -1.952393 -0.562744
10.939 1 WP_MOVED 7 506350.5 3566270.75 805. 12
10.941 1 STATE_FILTER_STATUS 3 0
10.993 1 GPS 0 1130805120 0 0 -17000 0 0 0 38250 12 8
11.021 1 NAVIGATION 0 2 10801716. -3566302. 1.29394907546e+14 1.29395570246e+14 0 0
11.036 1 ATTITUDE -3.040771 -1.953857 -0.563232
11.042 1 DESIRED -0.74 0.1 5. 16. -45. 805. 2.
11.136 1 ATTITUDE -3.040283 -1.955811 -0.563477
11.138 1 CALIBRATION -150. 0
11.141 1 ENERGY 0. 0. 0 0.
11.236 1 ATTITUDE -3.040527 -1.956787 -0.563477
11.242 1 DESIRED -0.74 0.1 5. 16. -45. 805. 2.
11.248 1 GPS 0 1130805120 0 0 -17000 0 0 0 38250 12 9
11.251 1 BAT 0 0 0 0 0 38 38 0
11.254 1 GPS_SOL 795623232 100093 9999 0
11.272 1 NAVIGATION 0 2 10801716. -3566302. 1.29394907546e+14 1.29395570246e+14 0 0
11.336 1 ATTITUDE -3.04126 -1.956787 -0.563232
11.338 1 ESTIMATOR -17.000002 -3e-06
11.436 1 ATTITUDE -3.041992 -1.956299 -0.562256
11.442 1 DESIRED -0.74 0.1 5. 16. -45. 805. 2.
11.445 1 WP_MOVED 8 506254.8125 3566257.5 815. 12
11.448 1 IMU_GYRO -0.02124 -0.031738 -0.025391
11.453 1 NAVIGATION 0 2 10801716. -3566302. 1.29394907546e+14 1.29395570246e+14 0 0
11.489 1 GPS 0 1130805120 0 0 -17000 0 0 0 38500 12 10
11.521 1 NAVIGATION 0 2 10801716. -3566302. 1.29394907546e+14 1.29395570246e+14 0 0
11.537 1 ATTITUDE -3.039795 -1.957764 -0.562744
11.539 1 IMU_ACCEL 8.935547 1.103516 -4.131836
11.637 1 ATTITUDE -3.039551 -1.958008 -0.563232
11.642 1 DESIRED -0.74 0.1 5. 16. -45. 805. 2.
11.699 1 DOWNLINK_STATUS 4 3310 148 0 847. 38. 0.
11.738 1 ATTITUDE -3.03833 -1.958496 -0.563477
11.742 1 GPS 0 1130805120 0 0 -17000 0 0 0 38750 12 11
11.771 1 NAVIGATION 0 2 10801716. -3566302. 1.29394907546e+14 1.29395570246e+14 0 0
11.836 1 ATTITUDE -3.038086 -1.95874 -0.563477
11.842 1 DESIRED -0.74 0.1 5. 16. -45. 805. 2.
11.849 1 ESTIMATOR -17.000002 -2e-06
11.936 1 ATTITUDE -3.037354 -1.959229 -0.564209
11.939 1 WP_MOVED 9 506213.8125 3566287.5 815. 12
11.989 1 GPS 0 1130805120 0 0 -17000 0 0 0 39250 12 12
12.021 1 NAVIGATION 0 2 10801716. -3566302. 1.29394907546e+14 1.29395570246e+14 0 0
12.036 1 ATTITUDE -3.037109 -1.959961 -0.564697
12.042 1 DESIRED -0.74 0.1 5. 16. -45. 805. 2.
12.045 1 IMU_GYRO -0.010498 -0.018066 -0.014893
12.048 1 IMU_MAG -1.814453 -1.024414 1.476074
12.136 1 ATTITUDE -3.037109 -1.960938 -0.564453
12.138 1 DL_VALUE 2 805.
12.236 1 ATTITUDE -3.036865 -1.960938 -0.564697
12.242 1 DESIRED -0.74 0.1 5. 16. -45. 805. 2.
12.248 1 GPS 0 1130805120 0 0 -17000 0 0 0 39250 12 13
12.271 1 NAVIGATION 0 2 10801716. -3566302. 1.29394907546e+14 1.29395570246e+14 0 0
12.336 1 ATTITUDE -3.036377 -1.961426 -0.565186
12.338 1 ESTIMATOR -17.000002 -2e-06
12.341 1 IMU_ACCEL 8.863281 1.070312 -4.06543
12.345 1 BAT 0 0 0 0 0 39 39 0
12.436 1 ATTITUDE -3.036133 -1.961914 -0.565186
12.442 1 DESIRED -0.74 0.1 5. 16. -45. 805. 2.
12.445 1 WP_MOVED 0 506377. 3566344. 900. 12
12.450 1 NAVIGATION 0 2 10801716. -3566302. 1.29394907546e+14 1.29395570246e+14 0 0
12.489 1 GPS 0 1130805120 0 0 -17000 0 0 0 39500 12 14
12.521 1 NAVIGATION 0 2 10801716. -3566302. 1.29394907546e+14 1.29395570246e+14 0 0
12.523 1 FBW_STATUS 2 0 1 0 0
12.536 1 ATTITUDE -3.036377 -1.962646 -0.565674
12.619 1 COMMANDS 0,-9600,-3662,0
12.636 1 ATTITUDE -3.036133 -1.964111 -0.565918
12.642 1 DESIRED -0.74 0.1 5. 16. -45. 805. 2.
12.645 1 IMU_GYRO -0.014893 -0.018066 -0.011475
12.699 1 DOWNLINK_STATUS 5 4122 184 0 812. 36. 0.
12.719 1 ACTUATORS 1000,1428,1123,1500
12.736 1 ATTITUDE -3.035889 -1.96582 -0.566162
12.742 1 GPS 0 1130805120 0 0 -17000 0 0 0 40000 12 15
12.771 1 NAVIGATION 0 2 10801716. -3566302. 1.29394907546e+14 1.29395570246e+14 0 0
12.836 1 ATTITUDE -3.036133 -1.966064 -0.565674
12.842 1 DESIRED -0.74 0.1 5. 16. -45. 805. 2.
12.844 1 ESTIMATOR -17.000002 -1e-06
12.936 1 ATTITUDE -3.036133 -1.966553 -0.565918
12.939 1 WP_MOVED 1 506335. 3566302. 765. 12
12.989 1 GPS 0 1130805120 0 0 -17000 0 0 0 40250 12 16
13.021 1 NAVIGATION 0 2 10801716. -3566302. 1.29394907546e+14 1.29395570246e+14 0 0
13.036 1 ATTITUDE -3.035889 -1.967041 -0.565918
13.042 1 DESIRED -0.74 0.1 5. 16. -45. 805. 2.
13.136 1 ATTITUDE -3.035889 -1.967529 -0.566406
13.139 1 IMU_ACCEL 8.896484 1.098633 -4.112305
13.141 1 STATE_FILTER_STATUS 3 0
13.200 1 PONG 
13.236 1 ATTITUDE -3.035645 -1.968506 -0.566895
13.243 1 DESIRED -0.74 0.1 5. 16. -45. 805. 2.
13.248 1 GPS 0 1130805120 0 0 -17000 0 0 0 40250 12 1
13.252 1 IMU_GYRO -0.014893 -0.008301 -0.016846
13.254 1 GPS_SOL 795624576 100099 9999 0
13.271 1 NAVIGATION 0 2 10801716. -3566302. 1.29394907546e+14 1.29395570246e+14 0 0
13.336 1 ATTITUDE -3.035645 -1.96875 -0.566895
13.338 1 ESTIMATOR -17.000002 -0.
13.341 1 IMU_MAG -1.812012 -1.018555 1.479004
13.436 1 ATTITUDE -3.034424 -1.969727 -0.567139
13.442 1 DESIRED -0.74 0.1 5. 16. -45. 805. 2.
13.445 1 WP_MOVED 2 506254.8125 3566257.5 815. 12
13.450 1 NAVIGATION 0 2 10801716. -3566302. 1.29394907546e+14 1.29395570246e+14 0 0
13.453 1 BAT 0 0 0 0 0 40 40 0
13.488 1 GPS 0 1130805120 0 0 -17000 0 0 0 40500 12 2
13.521 1 NAVIGATION 0 2 10801716. -3566302. 1.29394907546e+14 1.29395570246e+14 0 0
13.536 1 ATTITUDE -3.034912 -1.970459 -0.567139
13.636 1 ATTITUDE -3.0354 -1.969971 -0.56665
13.642 1 DESIRED -0.74 0.1 5. 16. -45. 805. 2.
13.644 1 DL_VALUE 3 0.
13.648 1 ENERGY 0. 0. 0 0.
13.700 1 DOWNLINK_STATUS 6 4954 222 0 832. 38. 2.83
13.736 1 ATTITUDE -3.034668 -1.969971 -0.566406
13.742 1 GPS 0 1130805120 0 0 -17000 0 0 0 41000 12 3
13.746 1 ALIVE 74,126,127,122,159,84,163,99,82,202,247,254,106,121,173,37
13.771 1 NAVIGATION 0 2 10801716. -3566302. 1.29394907546e+14 1.29395570246e+14 0 0
13.836 1 ATTITUDE -3.034424 -1.969482 -0.566895
13.842 1 DESIRED -0.74 0.1 5. 16. -45. 805. 2.
13.846 1 ESTIMATOR -17.000002 0.
13.847 1 IMU_GYRO -0.012695 -0.013672 -0.011475
13.849 1 PPRZ_MODE 2 3 3 0 0 6
13.936 1 ATTITUDE -3.034668 -1.969727 -0.567139
13.939 1 WP_MOVED 3 506350.5 3566257. 805. 12
13.942 1 IMU_ACCEL 8.896484 1.123047 -4.055664
13.988 1 GPS 0 1130805120 0 0 -17000 0 0 0 41250 12 4
14.021 1 NAVIGATION 0 2 10801716. -3566302. 1.29394907546e+14 1.29395570246e+14 0 0
14.036 1 ATTITUDE -3.034668 -1.969482 -0.567139
14.042 1 DESIRED -0.74 0.1 5. 16. -45. 805. 2.
14.136 1 ATTITUDE -3.034668 -1.969482 -0.566895
14.236 1 ATTITUDE -3.034912 -1.969238 -0.56665
14.242 1 DESIRED -0.74 0.1 5. 16. -45. 805. 2.
14.247 1 GPS 0 1130805120 0 0 -17000 0 0 0 41250 12 5
14.271 1 NAVIGATION 0 2 10801716. -3566302. 1.29394907546e+14 1.29395570246e+14 0 0
14.336 1 ATTITUDE -3.034912 -1.968994 -0.566895
14.338 1 ESTIMATOR -17.000002 1e-06
14.436 1 ATTITUDE -3.034668 -1.969238 -0.567383
14.442 1 DESIRED -0.74 0.1 5. 16. -45. 805. 2.
14.445 1 WP_MOVED 4 506374.40625 3566337.75 805. 12
14.448 1 IMU_GYRO -0.016846 -0.022217 -0.015869
14.453 1 NAVIGATION 0 2 10801716. -3566302. 1.29394907546e+14 1.29395570246e+14 0 0
14.488 1 GPS 0 1130805120 0 0 -17000 0 0 0 41500 12 6
14.518 1 FBW_STATUS 2 0 1 0 0
14.523 1 NAVIGATION 0 2 10801716. -3566302. 1.29394907546e+14 1.29395570246e+14 0 0
14.536 1 ATTITUDE -3.034424 -1.969238 -0.567139
14.539 1 BAT 0 0 0 0 0 42 42 0
14.636 1 ATTITUDE -3.034668 -1.969482 -0.567139
14.642 1 DESIRED -0.74 0.1 5. 16. -45. 805. 2.
14.645 1 IMU_MAG -1.807129 -1.015625 1.484375
14.700 1 DOWNLINK_STATUS 7 5775 258 0 821. 36. 2.83
14.736 1 ATTITUDE -3.03418 -1.970947 -0.567383
14.742 1 GPS 0 1130805120 0 0 -17000 0 0 0 42000 12 7
14.745 1 IMU_ACCEL 8.945312 1.170898 -4.103516
14.771 1 NAVIGATION 0 2 10801716. -3566302. 1.29394907546e+14 1.29395570246e+14 0 0
14.836 1 ATTITUDE -3.033447 -1.97168 -0.567871
14.842 1 DESIRED -0.74 0.1 5. 16. -45. 805. 2.
14.844 1 ESTIMATOR -17.000002 1e-06
14.846 1 DOWNLINK 4 825 1556
14.936 1 ATTITUDE -3.033447 -1.972412 -0.567871
14.939 1 WP_MOVED 5 506402.3125 3566363.25 820. 12
14.988 1 GPS 0 1130805120 0 0 -17000 0 0 0 42250 12 8
15.021 1 NAVIGATION 0 2 10801716. -3566302. 1.29394907546e+14 1.29395570246e+14 0 0
15.036 1 ATTITUDE -3.033203 -1.972656 -0.567627
15.042 1 DESIRED -0.74 0.1 5. 16. -45. 805. 2.
15.045 1 IMU_GYRO -0.012695 -0.02002 -0.008301
15.136 1 ATTITUDE -3.032959 -1.973877 -0.568115
15.138 1 DL_VALUE 4 0.
15.236 1 ATTITUDE -3.033203 -1.974365 -0.568359
15.242 1 DESIRED -0.74 0.1 5. 16. -45. 805. 2.
15.247 1 GPS 0 1130805120 0 0 -17000 0 0 0 42250 12 9
15.250 1 GPS_SOL 795625920 100104 9999 0
15.271 1 NAVIGATION 0 2 10801716. -3566302. 1.29394907546e+14 1.29395570246e+14 0 0
15.336 1 ATTITUDE -3.032959 -1.974854 -0.568115
15.338 1 ESTIMATOR -17.000002 2e-06
15.340 1 CALIBRATION -150. 0
15.342 1 STATE_FILTER_STATUS 3 0
15.436 1 ATTITUDE -3.033447 -1.974365 -0.567871
15.442 1 DESIRED -0.74 0.1 5. 16. -45. 805. 2.
15.445 1 WP_MOVED 6 506374.40625 3566337.75 820. 12
15.450 1 NAVIGATION 0 2 10801716. -3566302. 1.29394907546e+14 1.29395570246e+14 0 0
15.488 1 GPS 0 1130805120 0 0 -17000 0 0 0 42500 12 10
15.521 1 NAVIGATION 0 2 10801716. -3566302. 1.29394907546e+14 1.29395570246e+14 0 0
15.536 1 ATTITUDE -3.033203 -1.974854 -0.568359
15.540 1 IMU_ACCEL 8.84375 1.141602 -4.055664
15.636 1 ATTITUDE -3.033447 -1.975098 -0.567871
15.642 1 DESIRED -0.74 0.1 5. 16. -45. 805. 2.
15.645 1 IMU_GYRO -0.012695 -0.009521 -0.000977
15.648 1 BAT 0 0 0 0 0 43 43 0
15.701 1 DOWNLINK_STATUS 8 6606 296 0 831. 38. 2.83
15.736 1 ATTITUDE -3.035645 -1.973633 -0.567871
15.741 1 GPS 0 1130805120 0 0 -17000 0 0 0 43000 12 11
15.771 1 NAVIGATION 0 2 10801716. -3566302. 1.29394907546e+14 1.29395570246e+14 0 0
15.836 1 ATTITUDE -3.040527 -1.968262 -0.565674
15.842 1 DESIRED -0.74 0.1 5. 16. -45. 805. 2.
15.844 1 ESTIMATOR -17.000002 3e-06
15.936 1 ATTITUDE -3.039062 -1.968018 -0.563232
15.939 1 WP_MOVED 7 506350.5 3566270.75 805. 12
15.942 1 IMU_MAG -1.819336 -1.009766 1.476074
15.988 1 GPS 0 1130805120 0 0 -17000 0 0 0 43250 12 12
16.021 1 NAVIGATION 0 2 10801716. -3566302. 1.29394907546e+14 1.29395570246e+14 0 0
16.037 1 ATTITUDE -3.04126 -1.964844 -0.563477
16.042 1 DESIRED -0.74 0.1 5. 16. -45. 805. 2.
16.136 1 ATTITUDE -3.037354 -1.963867 -0.563965
16.139 1 ENERGY 0. 0. 0 0.
16.236 1 ATTITUDE -3.036133 -1.959473 -0.566406
16.242 1 DESIRED -0.74 0.1 5. 16. -45. 805. 2.
16.247 1 GPS 0 1130805120 0 0 -17000 0 0 0 43250 12 13
16.250 1 IMU_GYRO -0.070068 -0.02124 -0.029785
16.271 1 NAVIGATION 0 2 10801716. -3566302. 1.29394907546e+14 1.29395570246e+14 0 0
16.336 1 ATTITUDE -3.033691 -1.959473 -0.562988
16.338 1 ESTIMATOR -17.000002 3e-06
16.341 1 IMU_ACCEL 8.776367 1.070312 -4.131836
16.436 1 ATTITUDE -3.0354 -1.95752 -0.563477
16.442 1 DESIRED -0.74 0.1 5. 16. -45. 805. 2.
16.445 1 WP_MOVED 8 506254.8125 3566257.5 815. 12
16.450 1 NAVIGATION 0 2 10801716. -3566302. 1.29394907546e+14 1.29395570246e+14 0 0
16.488 1 GPS 0 1130805120 0 0 -17000 0 0 0 43500 12 14
16.518 1 FBW_STATUS 2 0 1 0 0
16.524 1 NAVIGATION 0 2 10801716. -3566302. 1.29394907546e+14 1.29395570246e+14 0 0
16.536 1 ATTITUDE -3.030762 -1.959961 -0.563965
16.636 1 ATTITUDE -3.030518 -1.962646 -0.564209
16.642 1 DESIRED -0.74 0.1 5. 16. -45. 805. 2.
16.643 1 DL_VALUE 5 0.
16.703 1 DOWNLINK_STATUS 9 7385 330 0 779. 34. 2.83
16.736 1 ATTITUDE -3.032471 -1.96582 -0.564209
16.741 1 GPS 0 1130805120 0 0 -17000 0 0 0 44000 12 15
16.745 1 BAT 0 0 0 0 0 44 44 0
16.770 1 NAVIGATION 0 2 10801716. -3566302. 1.29394907546e+14 1.29395570246e+14 0 0
16.830 1 SETTING 1 8 1.
16.837 1 ATTITUDE -3.033691 -1.967041 -0.563965
16.842 1 DESIRED -0.74 0.1 5. 16. -45. 805. 2.
16.844 1 ESTIMATOR -17.000002 4e-06
16.847 1 IMU_GYRO -0.010498 -0.02002 -0.010498
16.849 1 DL_VALUE 8 1.
16.851 1 PPRZ_MODE 3 3 3 0 0 6
16.936 1 ATTITUDE -3.034912 -1.968506 -0.563232
16.939 1 WP_MOVED 9 506213.8125 3566287.5 815. 12
16.988 1 GPS 0 1130805120 0 0 -17000 0 0 0 44250 12 16
17.018 1 PPRZ_MODE 4 3 3 0 0 6
17.024 1 NAVIGATION 0 2 10801716. -3566302. 1.29394907546e+14 1.29395570246e+14 0 0
17.036 1 ATTITUDE -3.034912 -1.969971 -0.562988
17.042 1 DESIRED 0.3 0.5 5. 16. -45. 805. 2.
17.136 1 ATTITUDE -3.034424 -1.971924 -0.562988
17.139 1 IMU_ACCEL 9.079102 1.180664 -4.12207
17.237 1 ATTITUDE -3.032471 -1.975098 -0.563477
17.242 1 DESIRED 0.3 0.5 5. 16. -45. 805. 2.
17.247 1 GPS 0 1130805120 0 0 -17000 0 0 0 44250 12 1
17.250 1 IMU_MAG -1.802246 -1.027344 1.501953
17.253 1 GPS_SOL 795627328 100110 9999 0
17.270 1 NAVIGATION 0 2 10801716. -3566302. 1.29394907546e+14 1.29395570246e+14 0 0
17.336 1 ATTITUDE -3.031982 -1.976807 -0.560059
17.338 1 ESTIMATOR -17. 4e-06
17.436 1 ATTITUDE -3.032959 -1.977051 -0.560059
17.442 1 DESIRED 0.3 0.5 5. 16. -45. 805. 2.
17.445 1 WP_MOVED 0 506377. 3566344. 900. 12
17.448 1 IMU_GYRO -0.006348 -0.041504 -0.019043
17.453 1 NAVIGATION 0 2 10801716. -3566302. 1.29394907546e+14 1.29395570246e+14 0 0
17.455 1 CALIBRATION -150. 0
17.488 1 GPS 0 1130805120 0 0 -17000 0 0 0 44500 12 2
17.521 1 NAVIGATION 0 2 10801716. -3566302. 1.29394907546e+14 1.29395570246e+14 0 0
17.536 1 ATTITUDE -3.032471 -1.977295 -0.55957
17.537 1 STATE_FILTER_STATUS 3 0
17.618 1 COMMANDS 2880,-9600,-5820,0
17.636 1 ATTITUDE -3.033936 -1.97583 -0.55835
17.641 1 DESIRED 0.3 0.5 5. 16. -45. 805. 2.
17.703 1 DOWNLINK_STATUS 10 8244 370 0 859. 40. 2.83
17.718 1 ACTUATORS 1300,1517,1033,1500
17.736 1 ATTITUDE -3.030273 -1.979004 -0.559082
17.741 1 GPS 0 1130805120 0 0 -17000 0 0 0 44750 12 3
17.770 1 NAVIGATION 0 2 10801716. -3566302. 1.29394907546e+14 1.29395570246e+14 0 0
17.836 1 ATTITUDE -3.029053 -1.982422 -0.557617
17.841 1 DESIRED 0.3 0.5 5. 16. -45. 805. 2.
17.844 1 ESTIMATOR -16.999998 3e-06
17.847 1 BAT 0 0 0 0 1 45 45 0
17.936 1 ATTITUDE -3.029785 -1.981934 -0.554199
17.939 1 WP_MOVED 1 506335. 3566302. 765. 12
17.942 1 IMU_ACCEL 7.124023 0.344727 -4.216797
17.988 1 GPS 0 1130805120 0 0 -17000 0 0 0 45250 12 4
18.020 1 NAVIGATION 0 2 10801716. -3566302. 1.29394907546e+14 1.29395570246e+14 0 0
18.036 1 ATTITUDE -3.030518 -1.980713 -0.552734
18.041 1 DESIRED 0.3 0.5 5. 16. -45. 805. 2.
18.045 1 IMU_GYRO -0.036133 -0.02124 -0.031738
18.136 1 ATTITUDE -3.026611 -1.981934 -0.55249
18.137 1 DL_VALUE 6 100.
18.201 1 PONG 
18.236 1 ATTITUDE -3.026611 -1.982178 -0.553955
18.241 1 DESIRED 0.3 0.5 5. 16. -45. 805. 2.
18.247 1 GPS 0 1130805120 0 0 -17000 0 0 0 45250 12 5
18.270 1 NAVIGATION 0 2 10801716. -3566302. 1.29394907546e+14 1.29395570246e+14 0 0
18.336 1 ATTITUDE -3.025146 -1.98291 -0.553955
18.338 1 ESTIMATOR -16.999998 3e-06
18.436 1 ATTITUDE -3.025146 -1.98291 -0.556152
18.441 1 DESIRED 0.3 0.5 5. 16. -45. 805. 2.
18.445 1 WP_MOVED 2 506254.8125 3566257.5 815. 12
18.449 1 NAVIGATION 0 2 10801716. -3566302. 1.29394907546e+14 1.29395570246e+14 0 0
18.488 1 GPS 0 1130805120 0 0 -17000 0 0 0 45500 12 6
18.518 1 FBW_STATUS 2 0 1 0 0
18.523 1 NAVIGATION 0 2 10801716. -3566302. 1.29394907546e+14 1.29395570246e+14 0 0
18.536 1 ATTITUDE -3.025146 -1.983887 -0.556885
18.539 1 IMU_MAG -1.821777 -1.015625 1.499023
18.636 1 ATTITUDE -3.025391 -1.985352 -0.558594
18.642 1 DESIRED 0.3 0.5 5. 16. -45. 805. 2.
18.645 1 IMU_GYRO -0.016846 -0.024414 -0.010498
18.648 1 ENERGY 0. 0. 0 0.
18.703 1 DOWNLINK_STATUS 11 9082 408 0 838. 38. 2.72
18.736 1 ATTITUDE -3.026123 -1.98584 -0.558838
18.741 1 GPS 0 1130805120 0 0 -17000 0 0 0 46000 12 7
18.744 1 IMU_ACCEL 8.714844 1.238281 -4.150391
18.748 1 ALIVE 74,126,127,122,159,84,163,99,82,202,247,254,106,121,173,37
18.770 1 NAVIGATION 0 2 10801716. -3566302. 1.29394907546e+14 1.29395570246e+14 0 0
18.836 1 ATTITUDE -3.026367 -1.986816 -0.559814
18.841 1 DESIRED 0.3 0.5 5. 16. -45. 805. 2.
18.844 1 ESTIMATOR -16.999998 2e-06
18.846 1 PPRZ_MODE 4 1 2 0 0 6
18.936 1 ATTITUDE -3.026367 -1.987793 -0.559814
18.939 1 WP_MOVED 3 506350.5 3566257. 805. 12
18.942 1 BAT 0 0 0 0 1 46 46 0
18.988 1 GPS 0 1130805120 0 0 -17000 0 0 0 46250 12 8
19.020 1 NAVIGATION 0 2 10801716. -3566302. 1.29394907546e+14 1.29395570246e+14 0 0
19.036 1 ATTITUDE -3.026367 -1.98999 -0.559814
19.041 1 DESIRED 0.3 0.5 5. 16. -45. 805. 2.
19.135 1 ATTITUDE -3.025879 -1.991211 -0.560303
19.138 1 NAVIGATION_REF 506335 3566302 12
19.235 1 ATTITUDE -3.026123 -1.991455 -0.560303
19.241 1 DESIRED 0.3 0.5 5. 16. -45. 805. 2.
19.247 1 GPS 0 1130805120 0 0 -17000 0 0 0 46250 12 9
19.250 1 IMU_GYRO -0.016846 -0.013672 -0.023193
19.253 1 GPS_SOL 795628864 100115 9999 0
19.270 1 NAVIGATION 0 2 10801716. -3566302. 1.29394907546e+14 1.29395570246e+14 0 0
19.335 1 ATTITUDE -3.025879 -1.992676 -0.561035
19.338 1 ESTIMATOR -16.999998 2e-06
19.435 1 ATTITUDE -3.025879 -1.993408 -0.561279
19.441 1 DESIRED 0.3 0.5 5. 16. -45. 805. 2.
19.445 1 WP_MOVED 4 506374.40625 3566337.75 805. 12
19.449 1 NAVIGATION 0 2 10801716. -3566302. 1.29394907546e+14 1.29395570246e+14 0 0
19.488 1 GPS 0 1130805120 0 0 -17000 0 0 0 46500 12 10
19.520 1 NAVIGATION 0 2 10801716. -3566302. 1.29394907546e+14 1.29395570246e+14 0 0
19.535 1 ATTITUDE -3.026611 -1.993652 -0.560791
19.539 1 IMU_ACCEL 8.853516 1.161133 -4.174805
19.540 1 CALIBRATION -150. 0
19.635 1 ATTITUDE -3.0271 -1.993896 -0.560791
19.641 1 DESIRED 0.3 0.5 5. 16. -45. 805. 2.
19.643 1 DL_VALUE 7 4.
19.705 1 DOWNLINK_STATUS 12 9925 446 0 843. 38. 2.72
19.735 1 ATTITUDE -3.026611 -1.994141 -0.561279
19.741 1 GPS 0 1130805120 0 0 -17000 0 0 0 47000 12 11
19.743 1 STATE_FILTER_STATUS 3 0
19.770 1 NAVIGATION 0 2 10801716. -3566302. 1.29394907546e+14 1.29395570246e+14 0 0
19.835 1 ATTITUDE -3.026123 -1.994141 -0.561768
19.842 1 DESIRED 0.3 0.5 5. 16. -45. 805. 2.
19.844 1 ESTIMATOR -16.999998 1e-06
19.847 1 IMU_GYRO -0.02124 -0.005127 -0.036133
19.850 1 IMU_MAG -1.802246 -1.015625 1.484375
19.935 1 ATTITUDE -3.024902 -1.994873 -0.5625
19.939 1 WP_MOVED 5 506402.3125 3566363.25 820. 12
19.941 1 DOWNLINK 4 826 1748
19.988 1 GPS 0 1130805120 0 0 -17000 0 0 0 47250 12 12
20.020 1 NAVIGATION 0 2 10801716. -3566302. 1.29394907546e+14 1.29395570246e+14 0 0
20.035 1 ATTITUDE -3.025879 -1.994385 -0.562012
20.041 1 DESIRED 0.3 0.5 5. 16. -45. 805. 2.
20.045 1 BAT 0 0 0 0 1 47 47 0
20.135 1 ATTITUDE -3.026855 -1.993652 -0.560791
20.235 1 ATTITUDE -3.0271 -1.99292 -0.560547
20.241 1 DESIRED 0.3 0.5 5. 16. -45. 805. 2.
20.247 1 GPS 0 1130805120 0 0 -17000 0 0 0 47250 12 13
20.270 1 NAVIGATION 0 2 10801716. -3566302. 1.29394907546e+14 1.29395570246e+14 0 0
20.335 1 ATTITUDE -3.027344 -1.991943 -0.560547
20.338 1 ESTIMATOR -16.999998 0.
20.341 1 IMU_ACCEL 8.935547 1.175781 -4.060547
20.435 1 ATTITUDE -3.028076 -1.990479 -0.558838
20.441 1 DESIRED 0.3 0.5 5. 16. -45. 805. 2.
20.445 1 WP_MOVED 6 506374.40625 3566337.75 820. 12
20.448 1 IMU_GYRO -0.027588 -0.013672 -0.036133
20.452 1 NAVIGATION 0 2 10801716. -3566302. 1.29394907546e+14 1.29395570246e+14 0 0
20.488 1 GPS 0 1130805120 0 0 -17000 0 0 0 47500 12 14
20.519 1 FBW_STATUS 2 0 1 0 0
20.524 1 NAVIGATION 0 2 10801716. -3566302. 1.29394907546e+14 1.29395570246e+14 0 0
20.535 1 ATTITUDE -3.026611 -1.991211 -0.55957
20.547 1 WIND_INFO 1 42 0. 0. 0.
20.635 1 ATTITUDE -3.026367 -1.991211 -0.561523
20.641 1 DESIRED 0.3 0.5 5. 16. -45. 805. 2.
20.705 1 DOWNLINK_STATUS 13 10731 482 0 806. 36. 2.72
20.735 1 ATTITUDE -3.025635 -1.991455 -0.5625
20.741 1 GPS 0 1130805120 0 0 -17000 0 0 0 48000 12 15
20.770 1 NAVIGATION 0 2 10801716. -3566302. 1.29394907546e+14 1.29395570246e+14 0 0
20.835 1 ATTITUDE -3.030273 -1.987305 -0.558838
20.841 1 DESIRED 0.3 0.5 5. 16. -45. 805. 2.
20.844 1 ESTIMATOR -16.999998 -0.
20.936 1 ATTITUDE -3.030762 -1.985596 -0.560059
20.939 1 WP_MOVED 7 506350.5 3566270.75 805. 12
20.988 1 GPS 0 1130805120 0 0 -17000 0 0 0 48250 12 16
21.020 1 NAVIGATION 0 2 10801716. -3566302. 1.29394907546e+14 1.29395570246e+14 0 0
21.036 1 ATTITUDE -3.03125 -1.984863 -0.560547
21.041 1 DESIRED 0.3 0.5 5. 16. -45. 805. 2.
21.044 1 IMU_GYRO -0.031738 0.033936 -0.047852
21.135 1 ATTITUDE -3.029053 -1.988525 -0.562988
21.139 1 IMU_ACCEL 8.695312 1.136719 -4.145508
21.142 1 BAT 0 0 0 0 1 48 48 0
21.145 1 IMU_MAG -1.797363 -1.006836 1.490234
21.147 1 DL_VALUE 8 1.
21.150 1 ENERGY 0. 0. 0 0.
21.235 1 ATTITUDE -3.026367 -1.991699 -0.565918
21.241 1 DESIRED 0.3 0.5 5. 16. -45. 805. 2.
21.247 1 GPS 0 1130805120 0 0 -17000 0 0 0 48250 12 1
21.250 1 GPS_SOL 795630464 100121 9999 0
21.270 1 NAVIGATION 0 2 10801716. -3566302. 1.29394907546e+14 1.29395570246e+14 0 0
21.335 1 ATTITUDE -3.023682 -1.994873 -0.568359
21.338 1 ESTIMATOR -16.999998 -1e-06
21.435 1 ATTITUDE -3.023926 -1.996094 -0.56958
21.441 1 DESIRED 0.3 0.5 5. 16. -45. 805. 2.
21.445 1 WP_MOVED 8 506254.8125 3566257.5 815. 12
21.449 1 NAVIGATION 0 2 10801716. -3566302. 1.29394907546e+14 1.29395570246e+14 0 0
21.488 1 GPS 0 1130805120 0 0 -17000 0 0 0 48500 12 2
21.520 1 NAVIGATION 0 2 10801716. -3566302. 1.29394907546e+14 1.29395570246e+14 0 0
21.535 1 ATTITUDE -3.024414 -1.998291 -0.569336
21.635 1 ATTITUDE -3.024902 -1.999268 -0.569824
21.642 1 DESIRED 0.3 0.5 5. 16. -45. 805. 2.
21.644 1 IMU_GYRO -0.02124 -0.02002 -0.034912
21.646 1 CALIBRATION -150. 0
21.706 1 DOWNLINK_STATUS 14 11562 519 0 831. 37. 2.72
21.735 1 ATTITUDE -3.025635 -2.000488 -0.568604
21.741 1 GPS 0 1130805120 0 0 -17000 0 0 0 48750 12 3
21.770 1 NAVIGATION 0 2 10801716. -3566302. 1.29394907546e+14 1.29395570246e+14 0 0
21.835 1 ATTITUDE -3.02417 -2.001953 -0.568604
21.841 1 DESIRED 0.3 0.5 5. 16. -45. 805. 2.
21.844 1 ESTIMATOR -16.999998 -1e-06
21.935 1 ATTITUDE -3.022705 -2.00415 -0.570557
21.939 1 WP_MOVED 9 506213.8125 3566287.5 815. 12
21.942 1 IMU_ACCEL 8.988281 1.208984 -4.131836
21.943 1 STATE_FILTER_STATUS 3 0
21.988 1 GPS 0 1130805120 0 0 -17000 0 0 0 49250 12 4
22.020 1 NAVIGATION 0 2 10801716. -3566302. 1.29394907546e+14 1.29395570246e+14 0 0
22.035 1 ATTITUDE -3.023193 -2.004883 -0.570312
22.041 1 DESIRED 0.3 0.5 5. 16. -45. 805. 2.
22.135 1 ATTITUDE -3.022705 -2.006836 -0.571045
22.235 1 ATTITUDE -3.022461 -2.008057 -0.571533
22.241 1 DESIRED 0.3 0.5 5. 16. -45. 805. 2.
22.247 1 GPS 0 1130805120 0 0 -17000 0 0 0 49250 12 5
22.250 1 IMU_GYRO -0.014893 -0.019043 -0.02002
22.254 1 BAT 0 0 0 0 1 49 49 0
22.270 1 NAVIGATION 0 2 10801716. -3566302. 1.29394907546e+14 1.29395570246e+14 0 0
22.335 1 ATTITUDE -3.022217 -2.009033 -0.571533
22.338 1 ESTIMATOR -16.999998 -2e-06
22.435 1 ATTITUDE -3.021973 -2.009521 -0.571533
22.441 1 DESIRED 0.3 0.5 5. 16. -45. 805. 2.
22.445 1 WP_MOVED 0 506377. 3566344. 900. 12
22.449 1 NAVIGATION 0 2 10801716. -3566302. 1.29394907546e+14 1.29395570246e+14 0 0
22.452 1 IMU_MAG -1.794922 -1.012695 1.464355
22.488 1 GPS 0 1130805120 0 0 -17000 0 0 0 49500 12 6
22.518 1 FBW_STATUS 2 0 1 0 0
22.523 1 NAVIGATION 0 2 10801716. -3566302. 1.29394907546e+14 1.29395570246e+14 0 0
22.535 1 ATTITUDE -3.022217 -2.009521 -0.571045
22.618 1 COMMANDS 0,-9600,-5894,0
22.635 1 ATTITUDE -3.021484 -2.010986 -0.572021
22.641 1 DESIRED 0.3 0.5 5. 16. -45. 805. 2.
22.643 1 DL_VALUE 9 1.
22.706 1 DOWNLINK_STATUS 15 12365 555 0 803. 36. 2.72
22.718 1 ACTUATORS 1000,1520,1030,1500
22.735 1 ATTITUDE -3.02124 -2.012207 -0.57251
22.741 1 GPS 0 1130805120 0 0 -17000 0 0 0 50000 12 7
22.744 1 IMU_ACCEL 8.916016 1.213867 -4.117188
22.770 1 NAVIGATION 0 2 10801716. -3566302. 1.29394907546e+14 1.29395570246e+14 0 0
22.835 1 ATTITUDE -3.02124 -2.013428 -0.572754
22.841 1 DESIRED 0.3 0.5 5. 16. -45. 805. 2.
22.844 1 ESTIMATOR -16.999998 -2e-06
22.847 1 IMU_GYRO -0.019043 -0.005127 -0.018066
22.935 1 ATTITUDE -3.02124 -2.01416 -0.573242
22.939 1 WP_MOVED 1 506335. 3566302. 765. 12
22.988 1 GPS 0 1130805120 0 0 -17000 0 0 0 50250 12 8
23.021 1 NAVIGATION 0 2 10801716. -3566302. 1.29394907546e+14 1.29395570246e+14 0 0
23.035 1 ATTITUDE -3.02124 -2.015137 -0.573242
23.041 1 DESIRED 0.3 0.5 5. 16. -45. 805. 2.
23.135 1 ATTITUDE -3.020752 -2.016357 -0.573242
23.202 1 PONG 
23.235 1 ATTITUDE -3.020996 -2.01709 -0.572754
23.241 1 DESIRED 0.3 0.5 5. 16. -45. 805. 2.
23.247 1 GPS 0 1130805120 0 0 -17000 0 0 0 50250 12 9
23.250 1 GPS_SOL 795632128 100127 9999 0
23.270 1 NAVIGATION 0 2 10801716. -3566302. 1.29394907546e+14 1.29395570246e+14 0 0
23.335 1 ATTITUDE -3.02124 -2.018066 -0.57251
23.338 1 ESTIMATOR -16.999998 -3e-06
23.341 1 BAT 0 0 0 0 1 50 50 0
23.435 1 ATTITUDE -3.02124 -2.018799 -0.572998
23.441 1 DESIRED 0.3 0.5 5. 16. -45. 805. 2.
23.445 1 WP_MOVED 2 506254.8125 3566257.5 815. 12
23.448 1 IMU_GYRO -0.014893 -0.019043 -0.010498
23.452 1 NAVIGATION 0 2 10801716. -3566302. 1.29394907546e+14 1.29395570246e+14 0 0
23.488 1 GPS 0 1130805120 0 0 -17000 0 0 0 50500 12 10
23.520 1 NAVIGATION 0 2 10801716. -3566302. 1.29394907546e+14 1.29395570246e+14 0 0
23.535 1 ATTITUDE -3.021484 -2.019043 -0.572754
23.538 1 IMU_ACCEL 8.858398 1.189453 -4.074219
23.635 1 ATTITUDE -3.022217 -2.019287 -0.57251
23.641 1 DESIRED 0.3 0.5 5. 16. -45. 805. 2.
23.645 1 ENERGY 0. 0. 0 0.
23.708 1 DOWNLINK_STATUS 16 13195 592 0 830. 37. 2.62
23.735 1 ATTITUDE -3.021973 -2.019287 -0.57251
23.741 1 GPS 0 1130805120 0 0 -17000 0 0 0 50750 12 11
23.744 1 IMU_MAG -1.794922 -1.006836 1.464355
23.746 1 CALIBRATION -150. 0
23.750 1 ALIVE 74,126,127,122,159,84,163,99,82,202,247,254,106,121,173,37
23.770 1 NAVIGATION 0 2 10801716. -3566302. 1.29394907546e+14 1.29395570246e+14 0 0
23.835 1 ATTITUDE -3.021973 -2.019043 -0.572266
23.841 1 DESIRED 0.3 0.5 5. 16. -45. 805. 2.
23.844 1 ESTIMATOR -16.999998 -4e-06
23.846 1 PPRZ_MODE 4 1 2 0 0 6
23.935 1 ATTITUDE -3.022217 -2.018799 -0.572266
23.939 1 WP_MOVED 3 506350.5 3566257. 805. 12
23.988 1 GPS 0 1130805120 0 0 -17000 0 0 0 51250 12 12
24.020 1 NAVIGATION 0 2 10801716. -3566302. 1.29394907546e+14 1.29395570246e+14 0 0
24.035 1 ATTITUDE -3.021729 -2.019043 -0.57251
24.041 1 DESIRED 0.3 0.5 5. 16. -45. 805. 2.
24.044 1 IMU_GYRO -0.014893 -0.02124 -0.010498
24.135 1 ATTITUDE -3.021729 -2.018799 -0.572754
24.137 1 DL_VALUE 10 0.
24.139 1 STATE_FILTER_STATUS 3 0
24.235 1 ATTITUDE -3.019043 -2.020996 -0.57666
24.241 1 DESIRED 0.3 0.5 5. 16. -45. 805. 2.
24.247 1 GPS 0 1130805120 0 0 -17000 0 0 0 51250 12 13
24.270 1 NAVIGATION 0 2 10801716. -3566302. 1.29394907546e+14 1.29395570246e+14 0 0
24.335 1 ATTITUDE -3.007324 -2.030029 -0.59082
24.338 1 ESTIMATOR -17. -4e-06
24.341 1 IMU_ACCEL 9.041016 1.208984 -3.96582
24.435 1 ATTITUDE -2.996094 -2.042969 -0.59375
24.441 1 DESIRED 0.3 0.5 5. 16. -45. 805. 2.
24.445 1 WP_MOVED 4 506374.40625 3566337.75 805. 12
24.449 1 NAVIGATION 0 2 10801716. -3566302. 1.29394907546e+14 1.29395570246e+14 0 0
24.453 1 BAT 0 0 0 0 1 51 51 0
24.488 1 GPS 0 1130805120 0 0 -17000 0 0 0 51500 12 14
24.518 1 FBW_STATUS 2 0 1 0 0
24.523 1 NAVIGATION 0 2 10801716. -3566302. 1.29394907546e+14 1.29395570246e+14 0 0
24.535 1 ATTITUDE -2.975342 -2.065918 -0.613281
24.635 1 ATTITUDE -2.980225 -2.068359 -0.60376
24.641 1 DESIRED 0.3 0.5 5. 16. -45. 805. 2.
24.644 1 IMU_GYRO -0.057373 0.048828 -0.07959
24.708 1 DOWNLINK_STATUS 17 14047 631 0 852. 39. 2.62
24.735 1 ATTITUDE -2.976074 -2.075195 -0.606689
24.741 1 GPS 0 1130805120 0 0 -17000 0 0 0 52000 12 15
24.770 1 NAVIGATION 0 2 10801716. -3566302. 1.29394907546e+14 1.29395570246e+14 0 0
24.835 1 ATTITUDE -2.974854 -2.080322 -0.606445
24.841 1 DESIRED 0.3 0.5 5. 16. -45. 805. 2.
24.843 1 ESTIMATOR -17.000002 -3e-06
24.935 1 ATTITUDE -2.974854 -2.083984 -0.605957
24.939 1 WP_MOVED 5 506402.3125 3566363.25 820. 12
24.988 1 GPS 0 1130805120 0 0 -17000 0 0 0 52250 12 16
25.020 1 NAVIGATION 0 2 10801716. -3566302. 1.29394907546e+14 1.29395570246e+14 0 0
25.035 1 ATTITUDE -2.975586 -2.08667 -0.605957
25.041 1 DESIRED 0.3 0.5 5. 16. -45. 805. 2.
25.044 1 IMU_MAG -1.794922 -1.053223 1.438477
25.046 1 DOWNLINK 4 824 1935
25.135 1 ATTITUDE -2.974609 -2.089844 -0.605957
25.138 1 IMU_ACCEL 9.00293 1.635742 -3.742188
25.235 1 ATTITUDE -2.974609 -2.091797 -0.606934
25.241 1 DESIRED 0.3 0.5 5. 16. -45. 805. 2.
25.247 1 GPS 0 1130805120 0 0 -17000 0 0 0 52250 12 1
25.250 1 IMU_GYRO -0.012695 -0.000977 -0.012695
25.253 1 GPS_SOL 795633856 100132 9999 0
25.270 1 NAVIGATION 0 2 10801716. -3566302. 1.29394907546e+14 1.29395570246e+14 0 0
25.335 1 ATTITUDE -2.974854 -2.094727 -0.608887
25.338 1 ESTIMATOR -17.000002 -3e-06
25.435 1 ATTITUDE -2.974854 -2.096924 -0.610107
25.441 1 DESIRED 0.3 0.5 5. 16. -45. 805. 2.
25.444 1 WP_MOVED 6 506374.40625 3566337.75 820. 12
25.449 1 NAVIGATION 0 2 10801716. -3566302. 1.29394907546e+14 1.29395570246e+14 0 0
25.488 1 GPS 0 1130805120 0 0 -17000 0 0 0 52500 12 2
25.520 1 NAVIGATION 0 2 10801716. -3566302. 1.29394907546e+14 1.29395570246e+14 0 0
25.535 1 ATTITUDE -2.974609 -2.100098 -0.610352
25.539 1 BAT 0 0 0 0 1 53 53 0
25.635 1 ATTITUDE -2.974854 -2.102539 -0.611084
25.641 1 DESIRED 0.3 0.5 5. 16. -45. 805. 2.
25.643 1 DL_VALUE 11 1.
25.710 1 DOWNLINK_STATUS 18 14840 666 0 793. 35. 2.62
25.735 1 ATTITUDE -2.974609 -2.103516 -0.610352
25.741 1 GPS 0 1130805120 0 0 -17000 0 0 0 53000 12 3
25.770 1 NAVIGATION 0 2 10801716. -3566302. 1.29394907546e+14 1.29395570246e+14 0 0
25.835 1 ATTITUDE -2.974609 -2.103516 -0.609619
25.841 1 DESIRED 0.3 0.5 5. 16. -45. 805. 2.
25.843 1 ESTIMATOR -17.000002 -2e-06
25.847 1 IMU_GYRO -0.014893 -0.016846 -0.018066
25.848 1 CALIBRATION -150. 0
25.935 1 ATTITUDE -2.974854 -2.104492 -0.609131
25.939 1 WP_MOVED 7 506350.5 3566270.75 805. 12
25.942 1 IMU_ACCEL 8.96875 1.516602 -3.652344
25.988 1 GPS 0 1130805120 0 0 -17000 0 0 0 53250 12 4
26.020 1 NAVIGATION 0 2 10801716. -3566302. 1.29394907546e+14 1.29395570246e+14 0 0
26.035 1 ATTITUDE -2.974854 -2.106689 -0.609863
26.041 1 DESIRED 0.3 0.5 5. 16. -45. 805. 2.
26.135 1 ATTITUDE -2.974121 -2.108154 -0.61084
26.139 1 ENERGY 0. 0. 0 0.
26.235 1 ATTITUDE -2.973877 -2.109375 -0.610596
26.241 1 DESIRED 0.3 0.5 5. 16. -45. 805. 2.
26.247 1 GPS 0 1130805120 0 0 -17000 0 0 0 53250 12 5
26.270 1 NAVIGATION 0 2 10801716. -3566302. 1.29394907546e+14 1.29395570246e+14 0 0
26.335 1 ATTITUDE -2.974365 -2.110596 -0.611084
26.337 1 ESTIMATOR -17.000002 -2e-06
26.341 1 IMU_MAG -1.797363 -1.062012 1.441406
26.342 1 STATE_FILTER_STATUS 3 0
26.435 1 ATTITUDE -2.974365 -2.111328 -0.610596
26.441 1 DESIRED 0.3 0.5 5. 16. -45. 805. 2.
26.444 1 WP_MOVED 8 506254.8125 3566257.5 815. 12
26.448 1 IMU_GYRO -0.010498 -0.023193 -0.016846
26.452 1 NAVIGATION 0 2 10801716. -3566302. 1.29394907546e+14 1.29395570246e+14 0 0
26.488 1 GPS 0 1130805120 0 0 -17000 0 0 0 53500 12 6
26.520 1 NAVIGATION 0 2 10801716. -3566302. 1.29394907546e+14 1.29395570246e+14 0 0
26.522 1 FBW_STATUS 2 0 1 0 0
26.535 1 ATTITUDE -2.974121 -2.111572 -0.610596
26.635 1 ATTITUDE -2.973877 -2.112793 -0.610596
26.641 1 DESIRED 0.3 0.5 5. 16. -45. 805. 2.
26.644 1 BAT 0 0 0 0 1 54 54 0
26.711 1 DOWNLINK_STATUS 19 15666 703 0 826. 37. 2.62
26.735 1 ATTITUDE -2.974121 -2.113281 -0.611328
26.741 1 GPS 0 1130805120 0 0 -17000 0 0 0 54000 12 7
26.744 1 IMU_ACCEL 8.973633 1.540039 -3.713867
26.770 1 NAVIGATION 0 2 10801716. -3566302. 1.29394907546e+14 1.29395570246e+14 0 0
26.835 1 ATTITUDE -2.974121 -2.114502 -0.611816
26.841 1 DESIRED 0.3 0.5 5. 16. -45. 805. 2.
26.843 1 ESTIMATOR -17.000002 -1e-06
26.935 1 ATTITUDE -2.974121 -2.11499 -0.612305
26.939 1 WP_MOVED 9 506213.8125 3566287.5 815. 12
26.988 1 GPS 0 1130805120 0 0 -17000 0 0 0 54250 12 8
27.021 1 NAVIGATION 0 2 10801716. -3566302. 1.29394907546e+14 1.29395570246e+14 0 0
27.035 1 ATTITUDE -2.974121 -2.115967 -0.611816
27.042 1 DESIRED 0.3 0.5 5. 16. -45. 805. 2.
27.044 1 IMU_GYRO -0.012695 -0.010498 -0.012695
27.137 1 ATTITUDE -2.974365 -2.116943 -0.612549
27.138 1 DL_VALUE 0 0.
27.235 1 ATTITUDE -2.974365 -2.117432 -0.612549
27.241 1 DESIRED 0.3 0.5 5. 16. -45. 805. 2.
27.247 1 GPS 0 1130805120 0 0 -17000 0 0 0 54250 12 9
27.250 1 GPS_SOL 795635648 100138 9999 0
27.270 1 NAVIGATION 0 2 10801716. -3566302. 1.29394907546e+14 1.29395570246e+14 0 0
27.335 1 ATTITUDE -2.974854 -2.11792 -0.612305
27.337 1 ESTIMATOR -17.000002 -0.
27.435 1 ATTITUDE -2.975342 -2.118164 -0.613525
27.441 1 DESIRED 0.3 0.5 5. 16. -45. 805. 2.
27.444 1 WP_MOVED 0 506377. 3566344. 900. 12
27.449 1 NAVIGATION 0 2 10801716. -3566302. 1.29394907546e+14 1.29395570246e+14 0 0
27.488 1 GPS 0 1130805120 0 0 -17000 0 0 0 54500 12 10
27.520 1 NAVIGATION 0 2 10801716. -3566302. 1.29394907546e+14 1.29395570246e+14 0 0
27.535 1 ATTITUDE -2.975342 -2.118652 -0.613525
27.541 1 IMU_ACCEL 8.958984 1.554688 -3.704102
27.600 1 SETTING 1 9 0.
27.606 1 DL_VALUE 9 0.
27.618 1 COMMANDS 0,-9600,-6123,0
27.635 1 ATTITUDE -2.974854 -2.119141 -0.61377
27.641 1 DESIRED 0.3 0.5 5. 16. -45. 805. 2.
27.644 1 IMU_GYRO -0.016846 -0.012695 -0.016846
27.647 1 IMU_MAG -1.794922 -1.059082 1.438477
27.711 1 DOWNLINK_STATUS 20 16490 740 0 824. 37. 2.62
27.718 1 ACTUATORS 1000,1530,1020,1500
27.735 1 ATTITUDE -2.974854 -2.119873 -0.614014
27.741 1 GPS 0 1130805120 0 0 -17000 0 0 0 54750 12 11
27.744 1 BAT 0 0 0 0 0 55 55 0
27.770 1 NAVIGATION 0 2 10801716. -3566302. 1.29394907546e+14 1.29395570246e+14 0 0
27.835 1 ATTITUDE -2.974854 -2.120361 -0.614258
27.841 1 DESIRED 0.3 0.5 5. 16. -45. 805. 2.
27.843 1 ESTIMATOR -17.000002 0.
27.935 1 ATTITUDE -2.975342 -2.119629 -0.613281
27.938 1 WP_MOVED 1 506335. 3566302. 765. 12
27.940 1 CALIBRATION -150. 0
27.988 1 GPS 0 1130805120 0 0 -17000 0 0 0 55250 12 12
28.020 1 NAVIGATION 0 2 10801716. -3566302. 1.29394907546e+14 1.29395570246e+14 0 0
28.035 1 ATTITUDE -2.974365 -2.120117 -0.614746
28.041 1 DESIRED 0.3 0.5 5. 16. -45. 805. 2.
28.135 1 ATTITUDE -2.977783 -2.119141 -0.615967
28.138 1 NAVIGATION_REF 506335 3566302 12
28.203 1 PONG 
28.235 1 ATTITUDE -2.974854 -2.121094 -0.615967
28.241 1 DESIRED 0.3 0.5 5. 16. -45. 805. 2.
28.247 1 GPS 0 1130805120 0 0 -17000 0 0 0 55250 12 13
28.250 1 IMU_GYRO 0. -0.034912 -0.018066
28.270 1 NAVIGATION 0 2 10801716. -3566302. 1.29394907546e+14 1.29395570246e+14 0 0
28.335 1 ATTITUDE -2.973633 -2.123047 -0.61792
28.337 1 ESTIMATOR -17.000002 1e-06
28.340 1 IMU_ACCEL 10.237305 1.136719 -4.749023
28.435 1 ATTITUDE -2.972168 -2.125732 -0.616943
28.441 1 DESIRED 0.3 0.5 5. 16. -45. 805. 2.
28.444 1 WP_MOVED 2 506254.8125 3566257.5 815. 12
28.449 1 NAVIGATION 0 2 10801716. -3566302. 1.29394907546e+14 1.29395570246e+14 0 0
28.488 1 GPS 0 1130805120 0 0 -17000 0 0 0 55500 12 14
28.519 1 FBW_STATUS 2 0 1 0 0
28.522 1 NAVIGATION 0 2 10801716. -3566302. 1.29394907546e+14 1.29395570246e+14 0 0
28.535 1 ATTITUDE -2.971436 -2.125244 -0.612793
28.536 1 STATE_FILTER_STATUS 3 0
28.635 1 ATTITUDE -2.973389 -2.124512 -0.61499
28.641 1 DESIRED 0.3 0.5 5. 16. -45. 805. 2.
28.643 1 DL_VALUE 1 0.
28.646 1 ENERGY 0. 0. 0 0.
28.713 1 DOWNLINK_STATUS 21 17327 779 0 837. 39. 2.73
28.735 1 ATTITUDE -2.971924 -2.127686 -0.612793
28.741 1 GPS 0 1130805120 0 0 -17000 0 0 0 56000 12 15
28.745 1 ALIVE 74,126,127,122,159,84,163,99,82,202,247,254,106,121,173,37
28.770 1 NAVIGATION 0 2 10801716. -3566302. 1.29394907546e+14 1.29395570246e+14 0 0
28.835 1 ATTITUDE -2.974121 -2.128906 -0.615479
28.841 1 DESIRED 0.3 0.5 5. 16. -45. 805. 2.
28.843 1 ESTIMATOR -17.000002 1e-06
28.846 1 IMU_GYRO -0.016846 -0.008301 -0.02002
28.850 1 BAT 0 0 0 0 1 56 56 0
28.852 1 PPRZ_MODE 4 1 2 0 0 6
28.936 1 ATTITUDE -2.972656 -2.129883 -0.612793
28.938 1 WP_MOVED 3 506350.5 3566257. 805. 12
28.941 1 IMU_MAG -1.787598 -1.059082 1.427246
28.988 1 GPS 0 1130805120 0 0 -17000 0 0 0 56250 12 16
29.020 1 NAVIGATION 0 2 10801716. -3566302. 1.29394907546e+14 1.29395570246e+14 0 0
29.035 1 ATTITUDE -2.972168 -2.130127 -0.613037
29.041 1 DESIRED 0.3 0.5 5. 16. -45. 805. 2.
29.135 1 ATTITUDE -2.973145 -2.129395 -0.614258
29.138 1 IMU_ACCEL 8.287109 1.958008 -3.504883
29.235 1 ATTITUDE -2.972412 -2.130127 -0.614502
29.241 1 DESIRED 0.3 0.5 5. 16. -45. 805. 2.
29.247 1 GPS 0 1130805120 0 0 -17000 0 0 0 56250 12 1
29.249 1 GPS_SOL 795637568 100144 9999 0
29.270 1 NAVIGATION 0 2 10801716. -3566302. 1.29394907546e+14 1.29395570246e+14 0 0
29.335 1 ATTITUDE -2.973145 -2.130127 -0.618164
29.337 1 ESTIMATOR -17.000002 2e-06
29.435 1 ATTITUDE -2.9729 -2.131592 -0.616699
29.441 1 DESIRED 0.3 0.5 5. 16. -45. 805. 2.
29.444 1 WP_MOVED 4 506374.40625 3566337.75 805. 12
29.447 1 IMU_GYRO -0.025391 0.023193 -0.013672
29.452 1 NAVIGATION 0 2 10801716. -3566302. 1.29394907546e+14 1.29395570246e+14 0 0
29.487 1 GPS 0 1130805120 0 0 -17000 0 0 0 56500 12 2
29.520 1 NAVIGATION 0 2 10801716. -3566302. 1.29394907546e+14 1.29395570246e+14 0 0
29.535 1 ATTITUDE -2.973877 -2.131836 -0.61792
29.635 1 ATTITUDE -2.973633 -2.133301 -0.618652
29.641 1 DESIRED 0.3 0.5 5. 16. -45. 805. 2.
29.714 1 DOWNLINK_STATUS 22 18151 815 0 824. 36. 2.73
29.735 1 ATTITUDE -2.973389 -2.133545 -0.617188
29.741 1 GPS 0 1130805120 0 0 -17000 0 0 0 56750 12 3
29.770 1 NAVIGATION 0 2 10801716. -3566302. 1.29394907546e+14 1.29395570246e+14 0 0
29.835 1 ATTITUDE -2.973389 -2.133301 -0.620117
29.841 1 DESIRED 0.3 0.5 5. 16. -45. 805. 2.
29.843 1 ESTIMATOR -17.000002 3e-06
29.935 1 ATTITUDE -2.973145 -2.134521 -0.620117
29.938 1 WP_MOVED 5 506402.3125 3566363.25 820. 12
29.941 1 IMU_ACCEL 9.016602 1.516602 -3.694336
29.945 1 BAT 0 0 0 0 1 57 57 0
29.987 1 GPS 0 1130805120 0 0 -17000 0 0 0 57250 12 4
30.020 1 NAVIGATION 0 2 10801716. -3566302. 1.29394907546e+14 1.29395570246e+14 0 0
30.035 1 ATTITUDE -2.973145 -2.133789 -0.619873
30.042 1 DESIRED 0.3 0.5 5. 16. -45. 805. 2.
30.044 1 IMU_GYRO -0.019043 -0.015869 -0.016846
30.046 1 CALIBRATION -150. 0
30.135 1 ATTITUDE -2.973633 -2.134766 -0.619141
30.137 1 DL_VALUE 2 805.
30.139 1 DOWNLINK 4 820 2124
30.235 1 ATTITUDE -2.973145 -2.137451 -0.619629
30.241 1 DESIRED 0.3 0.5 5. 16. -45. 805. 2.
30.246 1 GPS 0 1130805120 0 0 -17000 0 0 0 57250 12 5
30.250 1 IMU_MAG -1.804688 -1.070801 1.427246
30.270 1 NAVIGATION 0 2 10801716. -3566302. 1.29394907546e+14 1.29395570246e+14 0 0
30.335 1 ATTITUDE -2.9729 -2.137695 -0.618164
30.337 1 ESTIMATOR -17.000002 3e-06
30.435 1 ATTITUDE -2.972656 -2.13916 -0.618896
30.441 1 DESIRED 0.3 0.5 5. 16. -45. 805. 2.
30.444 1 WP_MOVED 6 506374.40625 3566337.75 820. 12
30.449 1 NAVIGATION 0 2 10801716. -3566302. 1.29394907546e+14 1.29395570246e+14 0 0
30.487 1 GPS 0 1130805120 0 0 -17000 0 0 0 57500 12 6
30.519 1 FBW_STATUS 2 0 1 0 0
30.522 1 NAVIGATION 0 2 10801716. -3566302. 1.29394907546e+14 1.29395570246e+14 0 0
30.535 1 ATTITUDE -2.971924 -2.140137 -0.61792
30.547 1 WIND_INFO 1 42 0. 0. 0.
30.635 1 ATTITUDE -2.972656 -2.140137 -0.619385
30.642 1 DESIRED 0.3 0.5 5. 16. -45. 805. 2.
30.644 1 IMU_GYRO -0.010498 0.008301 -0.010498
30.715 1 DOWNLINK_STATUS 23 18970 852 0 819. 37. 2.73
30.735 1 ATTITUDE -2.971191 -2.143555 -0.620361
30.741 1 GPS 0 1130805120 0 0 -17000 0 0 0 58000 12 7
30.744 1 IMU_ACCEL 9.070312 1.592773 -3.913086
30.745 1 STATE_FILTER_STATUS 3 0
30.746 1 SETTING 1 8 1.
30.754 1 DL_VALUE 8 1.
30.769 1 NAVIGATION 0 2 10801716. -3566302. 1.29394907546e+14 1.29395570246e+14 0 0
30.835 1 ATTITUDE -2.970947 -2.144043 -0.617432
30.841 1 DESIRED 0.3 0.5 5. 16. -45. 805. 2.
30.843 1 ESTIMATOR -17.000002 4e-06
30.935 1 ATTITUDE -2.97168 -2.14502 -0.617432
30.938 1 WP_MOVED 7 506350.5 3566270.75 805. 12
30.987 1 GPS 0 1130805120 0 0 -17000 0 0 0 58250 12 8
31.019 1 NAVIGATION 0 2 10801716. -3566302. 1.29394907546e+14 1.29395570246e+14 0 0
31.035 1 ATTITUDE -2.971191 -2.146973 -0.618408
31.041 1 DESIRED 0.3 0.5 5. 16. -45. 805. 2.
31.044 1 BAT 0 0 0 0 1 58 58 0
31.135 1 ATTITUDE -2.970703 -2.147949 -0.618164
31.138 1 ENERGY 0. 0. 0 0.
31.235 1 ATTITUDE -2.970947 -2.148193 -0.61792
31.241 1 DESIRED 0.3 0.5 5. 16. -45. 805. 2.
31.246 1 GPS 0 1130805120 0 0 -17000 0 0 0 58250 12 9
31.250 1 IMU_GYRO -0.016846 -0.008301 -0.015869
31.252 1 GPS_SOL 795639488 100149 9999 0
31.269 1 NAVIGATION 0 2 10801716. -3566302. 1.29394907546e+14 1.29395570246e+14 0 0
31.335 1 ATTITUDE -2.970703 -2.149658 -0.618896
31.337 1 ESTIMATOR -17. 4e-06
31.435 1 ATTITUDE -2.970459 -2.150391 -0.618896
31.441 1 DESIRED 0.3 0.5 5. 16. -45. 805. 2.
31.444 1 WP_MOVED 8 506254.8125 3566257.5 815. 12
31.449 1 NAVIGATION 0 2 10801716. -3566302. 1.29394907546e+14 1.29395570246e+14 0 0
31.487 1 GPS 0 1130805120 0 0 -17000 0 0 0 58500 12 10
31.520 1 NAVIGATION 0 2 10801716. -3566302. 1.29394907546e+14 1.29395570246e+14 0 0
31.535 1 ATTITUDE -2.970215 -2.150635 -0.618652
31.538 1 IMU_ACCEL 8.978516 1.564453 -3.647461
31.541 1 IMU_MAG -1.799805 -1.059082 1.450195
31.635 1 ATTITUDE -2.970215 -2.150879 -0.618164
31.641 1 DESIRED 0.3 0.5 5. 16. -45. 805. 2.
31.643 1 DL_VALUE 3 0.
31.715 1 DOWNLINK_STATUS 24 19810 890 0 840. 38. 2.73
31.735 1 ATTITUDE -2.970703 -2.149658 -0.618652
31.740 1 GPS 0 1130805120 0 0 -17000 0 0 0 58750 12 11
31.769 1 NAVIGATION 0 2 10801716. -3566302. 1.29394907546e+14 1.29395570246e+14 0 0
31.835 1 ATTITUDE -2.970215 -2.149902 -0.619385
31.841 1 DESIRED 0.3 0.5 5. 16. -45. 805. 2.
31.843 1 ESTIMATOR -16.999998 3e-06
31.846 1 IMU_GYRO -0.029785 0.009521 -0.011475
31.935 1 ATTITUDE -2.970947 -2.149902 -0.618652
31.938 1 WP_MOVED 9 506213.8125 3566287.5 815. 12
31.987 1 GPS 0 1130805120 0 0 -17000 0 0 0 59250 12 12
32.021 1 NAVIGATION 0 2 10801716. -3566302. 1.29394907546e+14 1.29395570246e+14 0 0
32.035 1 ATTITUDE -2.970703 -2.150146 -0.620605
32.041 1 DESIRED 0.3 0.5 5. 16. -45. 805. 2.
32.135 1 ATTITUDE -2.970215 -2.150146 -0.619385
32.138 1 BAT 0 0 0 0 1 59 59 0
32.140 1 CALIBRATION -150. 0
32.235 1 ATTITUDE -2.970215 -2.149414 -0.619385
32.241 1 DESIRED 0.3 0.5 5. 16. -45. 805. 2.
32.246 1 GPS 0 1130805120 0 0 -17000 0 0 0 59250 12 13
32.269 1 NAVIGATION 0 2 10801716. -3566302. 1.29394907546e+14 1.29395570246e+14 0 0
32.335 1 ATTITUDE -2.969971 -2.149658 -0.619873
32.337 1 ESTIMATOR -16.999998 3e-06
32.340 1 IMU_ACCEL 8.958984 1.525391 -3.699219
32.435 1 ATTITUDE -2.970215 -2.149658 -0.619629
32.441 1 DESIRED 0.3 0.5 5. 16. -45. 805. 2.
32.444 1 WP_MOVED 0 506377. 3566344. 900. 12
32.447 1 IMU_GYRO -0.010498 -0.013672 -0.018066
32.452 1 NAVIGATION 0 2 10801716. -3566302. 1.29394907546e+14 1.29395570246e+14 0 0
32.488 1 GPS 0 1130805120 0 0 -17000 0 0 0 59500 12 14
32.521 1 FBW_STATUS 2 0 1 0 0
32.525 1 NAVIGATION 0 2 10801716. -3566302. 1.29394907546e+14 1.29395570246e+14 0 0
32.535 1 ATTITUDE -2.969971 -2.149658 -0.620605
32.618 1 COMMANDS 0,-9600,-6166,0
32.635 1 ATTITUDE -2.969727 -2.149902 -0.621094
32.641 1 DESIRED 0.3 0.5 5. 16. -45. 805. 2.
32.716 1 DOWNLINK_STATUS 25 20604 925 0 794. 35. 2.73
32.718 1 ACTUATORS 1000,1531,1019,1500
32.735 1 ATTITUDE -2.969971 -2.150146 -0.621338
32.740 1 GPS 0 1130805120 0 0 -17000 0 0 0 60000 12 15
32.769 1 NAVIGATION 0 2 10801716. -3566302. 1.29394907546e+14 1.29395570246e+14 0 0
32.835 1 ATTITUDE -2.970215 -2.151123 -0.621826
32.841 1 DESIRED 0.3 0.5 5. 16. -45. 805. 2.
32.843 1 ESTIMATOR -16.999998 2e-06
32.846 1 IMU_MAG -1.799805 -1.059082 1.453125
32.935 1 ATTITUDE -2.969971 -2.1521 -0.621826
32.938 1 WP_MOVED 1 506335. 3566302. 765. 12
32.940 1 STATE_FILTER_STATUS 3 0
32.987 1 GPS 0 1130805120 0 0 -17000 0 0 0 60250 12 16
33.022 1 NAVIGATION 0 2 10801716. -3566302. 1.29394907546e+14 1.29395570246e+14 0 0
33.035 1 ATTITUDE -2.970215 -2.151855 -0.621582
33.041 1 DESIRED 0.3 0.5 5. 16. -45. 805. 2.
33.044 1 IMU_GYRO -0.019043 -0.02124 -0.014893
33.135 1 ATTITUDE -2.970459 -2.152344 -0.621338
33.138 1 IMU_ACCEL 8.983398 1.521484 -3.666016
33.140 1 DL_VALUE 4 0.
33.204 1 PONG 
33.235 1 ATTITUDE -2.970459 -2.15332 -0.621582
33.240 1 DESIRED 0.3 0.5 5. 16. -45. 805. 2.
33.246 1 GPS 0 1130805120 0 0 -17000 0 0 0 60250 12 1
33.250 1 BAT 0 0 0 0 1 60 60 0
33.253 1 GPS_SOL 795641472 100155 9999 0
33.269 1 NAVIGATION 0 2 10801716. -3566302. 1.29394907546e+14 1.29395570246e+14 0 0
33.335 1 ATTITUDE -2.969971 -2.153809 -0.621826
33.337 1 ESTIMATOR -16.999998 2e-06
33.435 1 ATTITUDE -2.969971 -2.154297 -0.621826
33.441 1 DESIRED 0.3 0.5 5. 16. -45. 805. 2.
33.444 1 WP_MOVED 2 506254.8125 3566257.5 815. 12
33.449 1 NAVIGATION 0 2 10801716. -3566302. 1.29394907546e+14 1.29395570246e+14 0 0
33.487 1 GPS 0 1130805120 0 0 -17000 0 0 0 60500 12 2
33.523 1 NAVIGATION 0 2 10801716. -3566302. 1.29394907546e+14 1.29395570246e+14 0 0
33.535 1 ATTITUDE -2.970215 -2.154541 -0.621826
33.635 1 ATTITUDE -2.969971 -2.155029 -0.621826
33.641 1 DESIRED 0.3 0.5 5. 16. -45. 805. 2.
33.644 1 IMU_GYRO -0.016846 -0.014893 -0.015869
33.647 1 ENERGY 0. 0. 0 0.
33.717 1 DOWNLINK_STATUS 26 21454 964 0 850. 39. 2.75
33.735 1 ATTITUDE -2.969727 -2.154541 -0.621582
33.740 1 GPS 0 1130805120 0 0 -17000 0 0 0 60750 12 3
33.744 1 ALIVE 74,126,127,122,159,84,163,99,82,202,247,254,106,121,173,37
33.769 1 NAVIGATION 0 2 10801716. -3566302. 1.29394907546e+14 1.29395570246e+14 0 0
33.835 1 ATTITUDE -2.969971 -2.154053 -0.62207
33.841 1 DESIRED 0.3 0.5 5. 16. -45. 805. 2.
33.843 1 ESTIMATOR -16.999998 1e-06
33.845 1 PPRZ_MODE 4 1 2 0 0 6
33.935 1 ATTITUDE -2.969971 -2.153809 -0.622559
33.938 1 WP_MOVED 3 506350.5 3566257. 805. 12
33.941 1 IMU_ACCEL 8.978516 1.55957 -3.65625
33.987 1 GPS 0 1130805120 0 0 -17000 0 0 0 61250 12 4
34.023 1 NAVIGATION 0 2 10801716. -3566302. 1.29394907546e+14 1.29395570246e+14 0 0
34.035 1 ATTITUDE -2.969727 -2.153076 -0.622559
34.040 1 DESIRED 0.3 0.5 5. 16. -45. 805. 2.
34.135 1 ATTITUDE -2.969971 -2.153076 -0.622559
34.138 1 IMU_MAG -1.797363 -1.067871 1.438477
34.235 1 ATTITUDE -2.969727 -2.153076 -0.622559
34.240 1 DESIRED 0.3 0.5 5. 16. -45. 805. 2.
34.246 1 GPS 0 1130805120 0 0 -17000 0 0 0 61250 12 5
34.249 1 IMU_GYRO -0.016846 -0.015869 -0.016846
34.251 1 CALIBRATION -150. 0
34.269 1 NAVIGATION 0 2 10801716. -3566302. 1.29394907546e+14 1.29395570246e+14 0 0
34.335 1 ATTITUDE -2.969971 -2.153076 -0.622314
34.337 1 ESTIMATOR -16.999998 0.
34.340 1 BAT 0 0 0 0 1 61 61 0
34.435 1 ATTITUDE -2.969971 -2.153076 -0.621826
34.440 1 DESIRED 0.3 0.5 5. 16. -45. 805. 2.
34.444 1 WP_MOVED 4 506374.40625 3566337.75 805. 12
34.448 1 NAVIGATION 0 2 10801716. -3566302. 1.29394907546e+14 1.29395570246e+14 0 0
34.487 1 GPS 0 1130805120 0 0 -17000 0 0 0 61500 12 6
34.517 1 FBW_STATUS 2 0 1 0 0
34.524 1 NAVIGATION 0 2 10801716. -3566302. 1.29394907546e+14 1.29395570246e+14 0 0
34.535 1 ATTITUDE -2.969971 -2.153564 -0.62207
34.635 1 ATTITUDE -2.969727 -2.154053 -0.622559
34.640 1 DESIRED 0.3 0.5 5. 16. -45. 805. 2.
34.642 1 DL_VALUE 5 0.
34.717 1 DOWNLINK_STATUS 27 22279 1001 0 825. 37. 2.75
34.735 1 ATTITUDE -2.969727 -2.154785 -0.622559
34.740 1 GPS 0 1130805120 0 0 -17000 0 0 0 62000 12 7
34.743 1 IMU_ACCEL 8.96875 1.535156 -3.65625
34.769 1 NAVIGATION 0 2 10801716. -3566302. 1.29394907546e+14 1.29395570246e+14 0 0
34.835 1 ATTITUDE -2.969482 -2.156006 -0.622803
34.840 1 DESIRED 0.3 0.5 5. 16. -45. 805. 2.
34.843 1 ESTIMATOR -16.999998 -0.
34.846 1 IMU_GYRO -0.016846 -0.014893 -0.015869
34.935 1 ATTITUDE -2.969482 -2.15625 -0.622803
34.938 1 WP_MOVED 5 506402.3125 3566363.25 820. 12
34.987 1 GPS 0 1130805120 0 0 -17000 0 0 0 62250 12 8
35.026 1 NAVIGATION 0 2 10801716. -3566302. 1.29394907546e+14 1.29395570246e+14 0 0
35.035 1 ATTITUDE -2.969482 -2.156494 -0.622559
35.040 1 DESIRED 0.3 0.5 5. 16. -45. 805. 2.
35.135 1 ATTITUDE -2.969482 -2.157959 -0.622803
35.136 1 STATE_FILTER_STATUS 3 0
35.234 1 ATTITUDE -2.969238 -2.158447 -0.622559
35.240 1 DESIRED 0.3 0.5 5. 16. -45. 805. 2.
35.246 1 GPS 0 1130805120 0 0 -17000 0 0 0 62250 12 9
35.249 1 GPS_SOL 795643648 100160 9999 0
35.251 1 DOWNLINK 4 822 2312
35.269 1 NAVIGATION 0 2 10801716. -3566302. 1.29394907546e+14 1.29395570246e+14 0 0
35.334 1 ATTITUDE -2.969482 -2.15918 -0.622559
35.337 1 ESTIMATOR -16.999998 -1e-06
35.434 1 ATTITUDE -2.969727 -2.159912 -0.623047
35.440 1 DESIRED 0.3 0.5 5. 16. -45. 805. 2.
35.444 1 WP_MOVED 6 506374.40625 3566337.75 820. 12
35.447 1 IMU_GYRO -0.012695 -0.012695 -0.018066
35.451 1 NAVIGATION 0 2 10801716. -3566302. 1.29394907546e+14 1.29395570246e+14 0 0
35.487 1 GPS 0 1130805120 0 0 -17000 0 0 0 62500 12 10
35.529 1 NAVIGATION 0 2 10801716. -3566302. 1.29394907546e+14 1.29395570246e+14 0 0
35.534 1 ATTITUDE -2.969482 -2.160156 -0.623047
35.538 1 IMU_ACCEL 8.983398 1.564453 -3.670898
35.634 1 ATTITUDE -2.969238 -2.1604 -0.622803
35.640 1 DESIRED 0.3 0.5 5. 16. -45. 805. 2.
35.718 1 DOWNLINK_STATUS 28 23068 1036 0 789. 35. 2.75
35.734 1 ATTITUDE -2.969482 -2.1604 -0.622559
35.740 1 GPS 0 1130805120 0 0 -17000 0 0 0 62750 12 11
35.769 1 NAVIGATION 0 2 10801716. -3566302. 1.29394907546e+14 1.29395570246e+14 0 0
35.834 1 ATTITUDE -2.969727 -2.1604 -0.622559
35.840 1 DESIRED 0.3 0.5 5. 16. -45. 805. 2.
35.843 1 ESTIMATOR -16.999998 -1e-06
35.934 1 ATTITUDE -2.969238 -2.160889 -0.622803
35.938 1 WP_MOVED 7 506350.5 3566270.75 805. 12
35.987 1 GPS 0 1130805120 0 0 -17000 0 0 0 63250 12 12
36.025 1 NAVIGATION 0 2 10801716. -3566302. 1.29394907546e+14 1.29395570246e+14 0 0
36.034 1 ATTITUDE -2.969238 -2.159912 -0.622803
36.040 1 DESIRED 0.3 0.5 5. 16. -45. 805. 2.
36.043 1 IMU_GYRO -0.016846 -0.022217 -0.016846
36.137 1 ATTITUDE -2.969482 -2.159668 -0.622803
36.137 1 DL_VALUE 6 100.
36.140 1 ENERGY 0. 0. 0 0.
36.234 1 ATTITUDE -2.969238 -2.15918 -0.623291
36.240 1 DESIRED 0.3 0.5 5. 16. -45. 805. 2.
36.246 1 GPS 0 1130805120 0 0 -17000 0 0 0 63250 12 13
36.269 1 NAVIGATION 0 2 10801716. -3566302. 1.29394907546e+14 1.29395570246e+14 0 0
36.334 1 ATTITUDE -2.968994 -2.15918 -0.623047
36.337 1 ESTIMATOR -16.999998 -2e-06
36.340 1 IMU_ACCEL 8.978516 1.574219 -3.65625
36.342 1 CALIBRATION -150. 0
36.434 1 ATTITUDE -2.968994 -2.158691 -0.623047
36.440 1 DESIRED 0.3 0.5 5. 16. -45. 805. 2.
36.444 1 WP_MOVED 8 506254.8125 3566257.5 815. 12
36.448 1 NAVIGATION 0 2 10801716. -3566302. 1.29394907546e+14 1.29395570246e+14 0 0
36.487 1 GPS 0 1130805120 0 0 -17000 0 0 0 63500 12 14
36.517 1 FBW_STATUS 2 0 1 0 0
36.526 1 NAVIGATION 0 2 10801716. -3566302. 1.29394907546e+14 1.29395570246e+14 0 0
36.534 1 ATTITUDE -2.968994 -2.158447 -0.624023
36.538 1 BAT 0 0 0 0 1 64 64 0
36.634 1 ATTITUDE -2.968506 -2.159668 -0.624268
36.640 1 DESIRED 0.3 0.5 5. 16. -45. 805. 2.
36.643 1 IMU_GYRO -0.010498 -0.018066 -0.016846
36.719 1 DOWNLINK_STATUS 29 23878 1072 0 810. 36. 2.75
36.734 1 ATTITUDE -2.96875 -2.1604 -0.623535
36.740 1 GPS 0 1130805120 0 0 -17000 0 0 0 64000 12 15
36.743 1 IMU_MAG -1.802246 -1.056152 1.447266
36.769 1 NAVIGATION 0 2 10801716. -3566302. 1.29394907546e+14 1.29395570246e+14 0 0
36.834 1 ATTITUDE -2.968994 -2.160889 -0.622803
36.840 1 DESIRED 0.3 0.5 5. 16. -45. 805. 2.
36.843 1 ESTIMATOR -16.999998 -2e-06
36.934 1 ATTITUDE -2.968994 -2.161621 -0.622559
36.938 1 WP_MOVED 9 506213.8125 3566287.5 815. 12
36.987 1 GPS 0 1130805120 0 0 -17000 0 0 0 64250 12 16
37.019 1 NAVIGATION 0 2 10801716. -3566302. 1.29394907546e+14 1.29395570246e+14 0 0
37.038 1 ATTITUDE -2.96875 -2.162354 -0.622803
37.040 1 DESIRED 0.3 0.5 5. 16. -45. 805. 2.
37.134 1 ATTITUDE -2.968262 -2.162842 -0.621582
37.137 1 IMU_ACCEL 8.96875 1.554688 -3.637695
37.140 1 NAVIGATION_REF 506335 3566302 12
37.234 1 ATTITUDE -2.968018 -2.163574 -0.621338
37.240 1 DESIRED 0.3 0.5 5. 16. -45. 805. 2.
37.246 1 GPS 0 1130805120 0 0 -17000 0 0 0 64250 12 1
37.249 1 IMU_GYRO -0.006348 -0.022217 -0.018066
37.252 1 GPS_SOL 795645824 100166 9999 0
37.269 1 NAVIGATION 0 2 10801716. -3566302. 1.29394907546e+14 1.29395570246e+14 0 0
37.334 1 ATTITUDE -2.968262 -2.164551 -0.621338
37.339 1 ESTIMATOR -16.999998 -3e-06
37.340 1 STATE_FILTER_STATUS 3 0
37.434 1 ATTITUDE -2.968994 -2.165039 -0.621338
37.440 1 DESIRED 0.3 0.5 5. 16. -45. 805. 2.
37.444 1 WP_MOVED 0 506377. 3566344. 900. 12
37.448 1 NAVIGATION 0 2 10801716. -3566302. 1.29394907546e+14 1.29395570246e+14 0 0
37.487 1 GPS 0 1130805120 0 0 -17000 0 0 0 64500 12 2
37.519 1 NAVIGATION 0 2 10801716. -3566302. 1.29394907546e+14 1.29395570246e+14 0 0
37.534 1 ATTITUDE -2.968018 -2.165283 -0.622803
37.617 1 COMMANDS 0,-9600,-6163,0
37.634 1 ATTITUDE -2.967041 -2.166016 -0.62085
37.640 1 DESIRED 0.3 0.5 5. 16. -45. 805. 2.
37.644 1 BAT 0 0 0 0 1 65 65 0
37.646 1 DL_VALUE 7 4.
37.717 1 ACTUATORS 1000,1531,1019,1500
37.719 1 DOWNLINK_STATUS 30 24714 1110 0 836. 38. 2.75
37.734 1 ATTITUDE -2.967773 -2.167236 -0.620605
37.740 1 GPS 0 1130805120 0 0 -17000 0 0 0 65000 12 3
37.769 1 NAVIGATION 0 2 10801716. -3566302. 1.29394907546e+14 1.29395570246e+14 0 0
37.834 1 ATTITUDE -2.967041 -2.165771 -0.620361
37.840 1 DESIRED 0.3 0.5 5. 16. -45. 805. 2.
37.843 1 ESTIMATOR -16.999998 -4e-06
37.846 1 IMU_GYRO -0.02124 -0.014893 -0.015869
37.934 1 ATTITUDE -2.967041 -2.164551 -0.621338
37.938 1 WP_MOVED 1 506335. 3566302. 765. 12
37.941 1 IMU_ACCEL 8.983398 1.540039 -3.689453
37.987 1 GPS 0 1130805120 0 0 -17000 0 0 0 65250 12 4
38.019 1 NAVIGATION 0 2 10801716. -3566302. 1.29394907546e+14 1.29395570246e+14 0 0
38.034 1 ATTITUDE -2.967041 -2.163574 -0.621826
38.040 1 DESIRED 0.3 0.5 5. 16. -45. 805. 2.
38.043 1 IMU_MAG -1.797363 -1.070801 1.432617
38.134 1 ATTITUDE -2.967041 -2.162354 -0.621582
38.205 1 PONG 
38.235 1 ATTITUDE -2.967041 -2.161621 -0.621582
38.245 1 DESIRED 0.3 0.5 5. 16. -45. 805. 2.
38.246 1 GPS 0 1130805120 0 0 -17000 0 0 0 65250 12 5
38.269 1 NAVIGATION 0 2 10801716. -3566302. 1.29394907546e+14 1.29395570246e+14 0 0
38.334 1 ATTITUDE -2.967041 -2.160889 -0.621826
38.337 1 ESTIMATOR -17. -4e-06
38.434 1 ATTITUDE -2.967041 -2.161377 -0.621582
38.440 1 DESIRED 0.3 0.5 5. 16. -45. 805. 2.
38.444 1 WP_MOVED 2 506254.8125 3566257.5 815. 12
38.447 1 IMU_GYRO -0.006348 -0.011475 -0.022217
38.451 1 NAVIGATION 0 2 10801716. -3566302. 1.29394907546e+14 1.29395570246e+14 0 0
38.453 1 CALIBRATION -150. 0
38.487 1 GPS 0 1130805120 0 0 -17000 0 0 0 65500 12 6
38.519 1 NAVIGATION 0 2 10801716. -3566302. 1.29394907546e+14 1.29395570246e+14 0 0
38.521 1 FBW_STATUS 2 0 1 0 0
38.534 1 ATTITUDE -2.966553 -2.161377 -0.622559
38.636 1 ATTITUDE -2.966797 -2.162354 -0.623047
38.640 1 DESIRED 0.3 0.5 5. 16. -45. 805. 2.
38.644 1 ENERGY 0. 0. 0 0.
38.720 1 DOWNLINK_STATUS 31 25517 1146 0 803. 36. 2.61
38.734 1 ATTITUDE -2.966309 -2.161621 -0.622803
38.740 1 GPS 0 1130805120 0 0 -17000 0 0 0 66000 12 7
38.743 1 IMU_ACCEL 8.925781 1.554688 -3.604492
38.747 1 BAT 0 0 0 0 1 66 66 0
38.751 1 ALIVE 74,126,127,122,159,84,163,99,82,202,247,254,106,121,173,37
38.769 1 NAVIGATION 0 2 10801716. -3566302. 1.29394907546e+14 1.29395570246e+14 0 0
38.834 1 ATTITUDE -2.966064 -2.162842 -0.624268
38.840 1 DESIRED 0.3 0.5 5. 16. -45. 805. 2.
38.843 1 ESTIMATOR -17.000002 -3e-06
38.845 1 PPRZ_MODE 4 1 2 0 0 6
38.934 1 ATTITUDE -2.966553 -2.164062 -0.624756
38.938 1 WP_MOVED 3 506350.5 3566257. 805. 12
38.987 1 GPS 0 1130805120 0 0 -17000 0 0 0 66250 12 8
39.019 1 NAVIGATION 0 2 10801716. -3566302. 1.29394907546e+14 1.29395570246e+14 0 0
39.034 1 ATTITUDE -2.96582 -2.164062 -0.624756
39.040 1 DESIRED 0.3 0.5 5. 16. -45. 805. 2.
39.043 1 IMU_GYRO -0.031738 -0.026367 -0.018066
39.134 1 ATTITUDE -2.965088 -2.165283 -0.625
39.136 1 DL_VALUE 8 1.
39.234 1 ATTITUDE -2.965576 -2.166748 -0.625488
39.240 1 DESIRED 0.3 0.5 5. 16. -45. 805. 2.
39.246 1 GPS 0 1130805120 0 0 -17000 0 0 0 66250 12 9
39.249 1 GPS_SOL 795648128 100172 9999 0
39.269 1 NAVIGATION 0 2 10801716. -3566302. 1.29394907546e+14 1.29395570246e+14 0 0
39.334 1 ATTITUDE -2.965332 -2.166748 -0.624756
39.337 1 ESTIMATOR -17.000002 -3e-06
39.340 1 IMU_MAG -1.797363 -1.059082 1.453125
39.434 1 ATTITUDE -2.965576 -2.166992 -0.624512
39.440 1 DESIRED 0.3 0.5 5. 16. -45. 805. 2.
39.444 1 WP_MOVED 4 506374.40625 3566337.75 805. 12
39.448 1 NAVIGATION 0 2 10801716. -3566302. 1.29394907546e+14 1.29395570246e+14 0 0
39.487 1 GPS 0 1130805120 0 0 -17000 0 0 0 66500 12 10
39.519 1 NAVIGATION 0 2 10801716. -3566302. 1.29394907546e+14 1.29395570246e+14 0 0
39.534 1 ATTITUDE -2.965576 -2.167236 -0.625488
39.537 1 IMU_ACCEL 8.950195 1.544922 -3.666016
39.539 1 STATE_FILTER_STATUS 3 0
