28.709 1 NAVIGATION 0 2 10801716. -3566302. 1.29394907546e+14 1.29395570246e+14 0 0
28.724 1 ATTITUDE 0.126221 -0.052246 -0.526855
28.730 1 DESIRED -0.74 0.1 5. 16. -45. 805. 2.
28.824 1 ATTITUDE 0.127686 -0.053467 -0.526123
28.828 1 IMU_ACCEL 0.128906 -0.767578 9.464844
28.924 1 ATTITUDE 0.126221 -0.05249 -0.526611
28.930 1 DESIRED -0.74 0.1 5. 16. -45. 805. 2.
28.936 1 GPS 0 1130805120 0 0 -17000 0 0 0 16250 12 1
28.939 1 IMU_GYRO 0. -0.005127 0.003174
28.943 1 BAT 0 0 0 0 0 16 16 0
28.960 1 NAVIGATION 0 2 10801716. -3566302. 1.29394907546e+14 1.29395570246e+14 0 0
29.024 1 ATTITUDE 0.124512 -0.050537 -0.527588
29.027 1 ESTIMATOR -17.000505 0.000354
29.029 1 DOWNLINK 1 821 623
29.125 1 ATTITUDE 0.124756 -0.050781 -0.527832
29.130 1 DESIRED -0.74 0.1 5. 16. -45. 805. 2.
29.134 1 WP_MOVED 4 506374.40625 3566337.75 805. 12
29.139 1 NAVIGATION 0 2 10801716. -3566302. 1.29394907546e+14 1.29395570246e+14 0 0
29.180 1 GPS 0 1130805120 0 0 -17000 0 0 0 16500 12 2
29.209 1 NAVIGATION 0 2 10801716. -3566302. 1.29394907546e+14 1.29395570246e+14 0 0
29.224 1 ATTITUDE 0.125732 -0.051758 -0.5271
29.305 1 DOWNLINK_STATUS 3 2476 111 0 847. 38. 0.
29.324 1 ATTITUDE 0.124512 -0.050781 -0.527344
29.330 1 DESIRED -0.74 0.1 5. 16. -45. 805. 2.
29.332 1 DL_VALUE 11 1.
29.424 1 ATTITUDE 0.124023 -0.050537 -0.527832
29.430 1 GPS 0 1130805120 0 0 -17000 0 0 0 17000 12 3
29.459 1 NAVIGATION 0 2 10801716. -3566302. 1.29394907546e+14 1.29395570246e+14 0 0
29.524 1 ATTITUDE 0.124756 -0.051514 -0.527832
29.530 1 DESIRED -0.74 0.1 5. 16. -45. 805. 2.
29.533 1 ESTIMATOR -17.000153 0.00045
29.536 1 IMU_GYRO -0.029785 0.005127 0.028564
29.624 1 ATTITUDE 0.125488 -0.052734 -0.5271
29.628 1 WP_MOVED 5 506402.3125 3566363.25 820. 12
29.631 1 IMU_ACCEL 0.119141 -0.662109 9.517578
29.634 1 IMU_MAG -0.416016 0.086426 -0.152344
29.678 1 GPS 0 1130805120 0 0 -17000 0 0 0 17250 12 4
29.710 1 NAVIGATION 0 2 10801716. -3566302. 1.29394907546e+14 1.29395570246e+14 0 0
29.725 1 ATTITUDE 0.124268 -0.051514 -0.527588
29.731 1 DESIRED -0.74 0.1 5. 16. -45. 805. 2.
29.826 1 ATTITUDE 0.123047 -0.049561 -0.528564
29.826 1 CALIBRATION -150. 0
29.925 1 ATTITUDE 0.122803 -0.048584 -0.529053
29.931 1 DESIRED -0.74 0.1 5. 16. -45. 805. 2.
29.936 1 GPS 0 1130805120 0 0 -17000 0 0 0 17250 12 5
29.960 1 NAVIGATION 0 2 10801716. -3566302. 1.29394907546e+14 1.29395570246e+14 0 0
30.025 1 ATTITUDE 0.123047 -0.04834 -0.528809
30.027 1 ESTIMATOR -16.999937 0.000443
30.030 1 BAT 0 0 0 0 0 17 17 0
30.124 1 ATTITUDE 0.122559 -0.047119 -0.529053
30.131 1 DESIRED -0.74 0.1 5. 16. -45. 805. 2.
30.134 1 WP_MOVED 6 506374.40625 3566337.75 820. 12
30.137 1 IMU_GYRO -0.019043 0.000977 0.009521
30.141 1 NAVIGATION 0 2 10801716. -3566302. 1.29394907546e+14 1.29395570246e+14 0 0
30.178 1 GPS 0 1130805120 0 0 -17000 0 0 0 17500 12 6
30.209 1 NAVIGATION 0 2 10801716. -3566302. 1.29394907546e+14 1.29395570246e+14 0 0
30.212 1 FBW_STATUS 2 0 1 0 0
30.225 1 ATTITUDE 0.122314 -0.046387 -0.529541
30.306 1 DOWNLINK_STATUS 4 3284 147 0 808. 36. 0.
30.324 1 ATTITUDE 0.125732 -0.048584 -0.528809
30.330 1 DESIRED -0.74 0.1 5. 16. -45. 805. 2.
30.424 1 ATTITUDE 0.126953 -0.051025 -0.52832
30.430 1 GPS 0 1130805120 0 0 -17000 0 0 0 18000 12 7
30.433 1 IMU_ACCEL 0.249023 -0.714844 9.774414
30.460 1 NAVIGATION 0 2 10801716. -3566302. 1.29394907546e+14 1.29395570246e+14 0 0
30.524 1 ATTITUDE 0.117432 -0.045654 -0.531494
30.531 1 DESIRED -0.74 0.1 5. 16. -45. 805. 2.
30.533 1 ESTIMATOR -16.999826 0.000381
30.624 1 ATTITUDE 0.119385 -0.047119 -0.530762
30.628 1 WP_MOVED 7 506350.5 3566270.75 805. 12
30.677 1 GPS 0 1130805120 0 0 -17000 0 0 0 18250 12 8
30.710 1 NAVIGATION 0 2 10801716. -3566302. 1.29394907546e+14 1.29395570246e+14 0 0
30.724 1 ATTITUDE 0.116455 -0.047119 -0.531494
30.731 1 DESIRED -0.74 0.1 5. 16. -45. 805. 2.
30.733 1 IMU_GYRO 0.055176 -0.029785 0.049805
30.825 1 ATTITUDE 0.112305 -0.046631 -0.532959
30.826 1 DL_VALUE 0 0.
30.828 1 STATE_FILTER_STATUS 3 0
30.831 1 ENERGY 0. 0. 0 0.
30.924 1 ATTITUDE 0.114014 -0.046875 -0.531738
30.931 1 DESIRED -0.74 0.1 5. 16. -45. 805. 2.
30.936 1 GPS 0 1130805120 0 0 -17000 0 0 0 18250 12 9
30.939 1 IMU_MAG -0.416016 0.080566 -0.155273
30.942 1 GPS_SOL 795614592 100037 9999 0
30.960 1 NAVIGATION 0 2 10801716. -3566302. 1.29394907546e+14 1.29395570246e+14 0 0
31.024 1 ATTITUDE 0.113525 -0.045654 -0.532227
31.027 1 ESTIMATOR -16.999788 0.000296
31.125 1 ATTITUDE 0.102783 -0.036865 -0.537109
31.131 1 DESIRED -0.74 0.1 5. 16. -45. 805. 2.
31.134 1 WP_MOVED 8 506254.8125 3566257.5 815. 12
31.139 1 NAVIGATION 0 2 10801716. -3566302. 1.29394907546e+14 1.29395570246e+14 0 0
31.142 1 BAT 0 0 0 0 0 18 18 0
31.177 1 GPS 0 1130805120 0 0 -17000 0 0 0 18500 12 10
31.210 1 NAVIGATION 0 2 10801716. -3566302. 1.29394907546e+14 1.29395570246e+14 0 0
31.224 1 ATTITUDE 0.106201 -0.033203 -0.535889
31.227 1 IMU_ACCEL 0.119141 -0.614258 9.726562
31.307 1 DOWNLINK_STATUS 5 4113 184 0 829. 37. 0.
31.324 1 ATTITUDE 0.108643 -0.029053 -0.534912
31.331 1 DESIRED -0.74 0.1 5. 16. -45. 805. 2.
31.333 1 IMU_GYRO 0.144531 -0.052979 -0.037109
31.424 1 ATTITUDE 0.097656 -0.01709 -0.539795
31.430 1 GPS 0 1130805120 0 0 -17000 0 0 0 18750 12 11
31.460 1 NAVIGATION 0 2 10801716. -3566302. 1.29394907546e+14 1.29395570246e+14 0 0
31.524 1 ATTITUDE 0.097412 -0.009766 -0.540039
31.531 1 DESIRED -0.74 0.1 5. 16. -45. 805. 2.
31.533 1 ESTIMATOR -16.999796 0.000211
31.624 1 ATTITUDE 0.107666 -0.009766 -0.5354
31.628 1 WP_MOVED 9 506213.8125 3566287.5 815. 12
31.677 1 GPS 0 1130805120 0 0 -17000 0 0 0 19250 12 12
31.709 1 NAVIGATION 0 2 10801716. -3566302. 1.29394907546e+14 1.29395570246e+14 0 0
31.724 1 ATTITUDE 0.148926 -0.029541 -0.520264
31.730 1 DESIRED -0.74 0.1 5. 16. -45. 805. 2.
31.808 1 PONG 
31.824 1 ATTITUDE 0.217285 -0.071533 -0.488525
31.827 1 NAVIGATION_REF 506335 3566302 12
31.925 1 ATTITUDE 0.22583 -0.086426 -0.481934
31.931 1 DESIRED -0.74 0.1 5. 16. -45. 805. 2.
31.936 1 GPS 0 1130805120 0 0 -17000 0 0 0 19250 12 13
31.940 1 IMU_GYRO -0.006348 -0.013672 0.032959
31.941 1 CALIBRATION -150. 0
31.960 1 NAVIGATION 0 2 10801716. -3566302. 1.29394907546e+14 1.29395570246e+14 0 0
32.024 1 ATTITUDE 0.221191 -0.095947 -0.485352
32.027 1 ESTIMATOR -16.999826 0.000136
32.030 1 IMU_ACCEL 0.071289 -1.463867 8.757812
32.125 1 ATTITUDE 0.235107 -0.112061 -0.48291
32.131 1 DESIRED -0.74 0.1 5. 16. -45. 805. 2.
32.134 1 WP_MOVED 0 506377. 3566344. 900. 12
32.138 1 NAVIGATION 0 2 10801716. -3566302. 1.29394907546e+14 1.29395570246e+14 0 0
32.177 1 GPS 0 1130805120 0 0 -17000 0 0 0 19500 12 14
32.207 1 FBW_STATUS 2 0 1 0 0
32.211 1 NAVIGATION 0 2 10801716. -3566302. 1.29394907546e+14 1.29395570246e+14 0 0
32.224 1 ATTITUDE 0.266113 -0.13916 -0.468994
32.228 1 BAT 0 0 0 0 0 20 20 0
32.231 1 IMU_MAG -0.376953 0.199707 -0.083008
32.307 1 COMMANDS 0,6696,-3123,0
32.308 1 DOWNLINK_STATUS 6 4946 222 0 833. 38. 2.68
32.324 1 ATTITUDE 0.273682 -0.157227 -0.467041
32.330 1 DESIRED -0.74 0.1 5. 16. -45. 805. 2.
32.332 1 DL_VALUE 1 0.
32.407 1 ACTUATORS 1000,1787,1528,1500
32.425 1 ATTITUDE 0.279053 -0.173584 -0.4646
32.431 1 GPS 0 1130805120 0 0 -17000 0 0 0 20000 12 15
32.460 1 NAVIGATION 0 2 10801716. -3566302. 1.29394907546e+14 1.29395570246e+14 0 0
32.524 1 ATTITUDE 0.23584 -0.165771 -0.483887
32.531 1 DESIRED -0.74 0.1 5. 16. -45. 805. 2.
32.533 1 ESTIMATOR -16.999865 7.7e-05
32.536 1 IMU_GYRO 0.53833 -0.335205 -0.033936
32.624 1 ATTITUDE 0.199707 -0.157471 -0.503662
32.628 1 WP_MOVED 1 506335. 3566302. 765. 12
32.677 1 GPS 0 1130805120 0 0 -17000 0 0 0 20250 12 16
32.709 1 NAVIGATION 0 2 10801716. -3566302. 1.29394907546e+14 1.29395570246e+14 0 0
32.724 1 ATTITUDE 0.134033 -0.127197 -0.535889
32.730 1 DESIRED -0.74 0.1 5. 16. -45. 805. 2.
32.824 1 ATTITUDE 0.114502 -0.116211 -0.547607
32.827 1 IMU_ACCEL 0.085938 -0.551758 9.303711
32.925 1 ATTITUDE 0.111328 -0.111328 -0.545898
32.931 1 DESIRED -0.74 0.1 5. 16. -45. 805. 2.
32.936 1 GPS 0 1130805120 0 0 -17000 0 0 0 20250 12 1
32.940 1 GPS_SOL 795615104 100042 9999 0
32.960 1 NAVIGATION 0 2 10801716. -3566302. 1.29394907546e+14 1.29395570246e+14 0 0
33.025 1 ATTITUDE 0.106201 -0.101807 -0.545654
33.027 1 ESTIMATOR -16.999905 3.4e-05
33.028 1 STATE_FILTER_STATUS 3 0
33.124 1 ATTITUDE 0.099365 -0.091797 -0.546631
33.131 1 DESIRED -0.74 0.1 5. 16. -45. 805. 2.
33.134 1 WP_MOVED 2 506254.8125 3566257.5 815. 12
33.138 1 IMU_GYRO 0. -0.001953 -0.001953
33.142 1 NAVIGATION 0 2 10801716. -3566302. 1.29394907546e+14 1.29395570246e+14 0 0
33.177 1 GPS 0 1130805120 0 0 -17000 0 0 0 20500 12 2
33.209 1 NAVIGATION 0 2 10801716. -3566302. 1.29394907546e+14 1.29395570246e+14 0 0
33.224 1 ATTITUDE 0.098145 -0.085449 -0.546875
33.308 1 DOWNLINK_STATUS 7 5732 257 0 786. 35. 2.68
33.324 1 ATTITUDE 0.098389 -0.078369 -0.547119
33.331 1 DESIRED -0.74 0.1 5. 16. -45. 805. 2.
33.334 1 BAT 0 0 0 0 0 21 21 0
33.337 1 ENERGY 0. 0. 0 0.
33.424 1 ATTITUDE 0.095459 -0.070801 -0.547852
33.430 1 GPS 0 1130805120 0 0 -17000 0 0 0 20750 12 3
33.435 1 ALIVE 74,126,127,122,159,84,163,99,82,202,247,254,106,121,173,37
33.460 1 NAVIGATION 0 2 10801716. -3566302. 1.29394907546e+14 1.29395570246e+14 0 0
33.525 1 ATTITUDE 0.092529 -0.065186 -0.549072
33.531 1 DESIRED -0.74 0.1 5. 16. -45. 805. 2.
33.532 1 ESTIMATOR -16.999941 6e-06
33.536 1 IMU_MAG -0.445312 0.063477 -0.172363
33.538 1 PPRZ_MODE 2 3 3 0 0 6
33.624 1 ATTITUDE 0.100098 -0.062988 -0.54541
33.628 1 WP_MOVED 3 506350.5 3566257. 805. 12
33.631 1 IMU_ACCEL 0.21582 -0.614258 9.351562
33.677 1 GPS 0 1130805120 0 0 -17000 0 0 0 21250 12 4
33.710 1 NAVIGATION 0 2 10801716. -3566302. 1.29394907546e+14 1.29395570246e+14 0 0
33.725 1 ATTITUDE 0.113525 -0.065674 -0.539062
33.731 1 DESIRED -0.74 0.1 5. 16. -45. 805. 2.
33.734 1 IMU_GYRO 0.125488 -0.041504 -0.000977
33.825 1 ATTITUDE 0.103516 -0.058105 -0.541992
33.826 1 DL_VALUE 2 805.
33.925 1 ATTITUDE 0.097412 -0.05249 -0.544189
33.931 1 DESIRED -0.74 0.1 5. 16. -45. 805. 2.
33.936 1 GPS 0 1130805120 0 0 -17000 0 0 0 21250 12 5
33.960 1 NAVIGATION 0 2 10801716. -3566302. 1.29394907546e+14 1.29395570246e+14 0 0
34.024 1 ATTITUDE 0.106445 -0.054688 -0.540527
34.027 1 ESTIMATOR -16.999966 -1.1e-05
34.028 1 CALIBRATION -150. 0
34.124 1 ATTITUDE 0.154541 -0.079834 -0.521484
34.131 1 DESIRED -0.74 0.1 5. 16. -45. 805. 2.
34.133 1 WP_MOVED 4 506374.40625 3566337.75 805. 12
34.139 1 NAVIGATION 0 2 10801716. -3566302. 1.29394907546e+14 1.29395570246e+14 0 0
34.140 1 DOWNLINK 1 822 811
34.177 1 GPS 0 1130805120 0 0 -17000 0 0 0 21500 12 6
34.207 1 FBW_STATUS 2 0 1 0 0
34.211 1 NAVIGATION 0 2 10801716. -3566302. 1.29394907546e+14 1.29395570246e+14 0 0
34.224 1 ATTITUDE 0.198975 -0.105469 -0.50293
34.309 1 DOWNLINK_STATUS 8 6588 296 0 856. 39. 2.68
34.324 1 ATTITUDE 0.198242 -0.112305 -0.502197
34.330 1 DESIRED -0.74 0.1 5. 16. -45. 805. 2.
34.333 1 IMU_GYRO 0.702148 -0.126465 -0.008301
34.424 1 ATTITUDE 0.057129 -0.040527 -0.561035
34.430 1 GPS 0 1130805120 0 0 -17000 0 0 0 22000 12 7
34.433 1 IMU_ACCEL 0.571289 0.253906 6.145508
34.436 1 BAT 0 0 0 0 0 22 22 0
34.459 1 NAVIGATION 0 2 10801716. -3566302. 1.29394907546e+14 1.29395570246e+14 0 0
34.524 1 ATTITUDE 0.031494 -0.020508 -0.578125
34.530 1 DESIRED -0.74 0.1 5. 16. -45. 805. 2.
34.532 1 ESTIMATOR -16.999985 -1.9e-05
34.624 1 ATTITUDE 0.071777 -0.035156 -0.553467
34.628 1 WP_MOVED 5 506402.3125 3566363.25 820. 12
34.677 1 GPS 0 1130805120 0 0 -17000 0 0 0 22250 12 8
34.709 1 NAVIGATION 0 2 10801716. -3566302. 1.29394907546e+14 1.29395570246e+14 0 0
34.724 1 ATTITUDE 0.066406 -0.027832 -0.555176
34.730 1 DESIRED -0.74 0.1 5. 16. -45. 805. 2.
34.824 1 ATTITUDE 0.066406 -0.024414 -0.554688
34.827 1 IMU_MAG -0.447754 0.048828 -0.192383
34.924 1 ATTITUDE 0.068604 -0.021729 -0.553955
34.930 1 DESIRED -0.74 0.1 5. 16. -45. 805. 2.
34.936 1 GPS 0 1130805120 0 0 -17000 0 0 0 22250 12 9
34.939 1 IMU_GYRO -0.014893 0.000977 0.013672
34.942 1 GPS_SOL 795615680 100048 9999 0
34.960 1 NAVIGATION 0 2 10801716. -3566302. 1.29394907546e+14 1.29395570246e+14 0 0
35.024 1 ATTITUDE 0.070801 -0.019531 -0.553223
35.026 1 ESTIMATOR -16.999998 -2.1e-05
35.124 1 ATTITUDE 0.074951 -0.018311 -0.551758
35.130 1 DESIRED -0.74 0.1 5. 16. -45. 805. 2.
35.133 1 WP_MOVED 6 506374.40625 3566337.75 820. 12
35.138 1 NAVIGATION 0 2 10801716. -3566302. 1.29394907546e+14 1.29395570246e+14 0 0
35.177 1 GPS 0 1130805120 0 0 -17000 0 0 0 22500 12 10
35.209 1 NAVIGATION 0 2 10801716. -3566302. 1.29394907546e+14 1.29395570246e+14 0 0
35.224 1 ATTITUDE 0.074707 -0.016113 -0.552002
35.227 1 IMU_ACCEL 0.426758 -0.287109 9.579102
35.229 1 STATE_FILTER_STATUS 3 0
35.310 1 DOWNLINK_STATUS 9 7404 332 0 816. 36. 2.68
35.324 1 ATTITUDE 0.076172 -0.01416 -0.551514
35.330 1 DESIRED -0.74 0.1 5. 16. -45. 805. 2.
35.332 1 DL_VALUE 3 0.
35.424 1 ATTITUDE 0.076416 -0.010986 -0.551514
35.430 1 GPS 0 1130805120 0 0 -17000 0 0 0 22750 12 11
35.460 1 NAVIGATION 0 2 10801716. -3566302. 1.29394907546e+14 1.29395570246e+14 0 0
35.524 1 ATTITUDE 0.076172 -0.008301 -0.551514
35.530 1 DESIRED -0.74 0.1 5. 16. -45. 805. 2.
35.532 1 ESTIMATOR -17.000006 -1.9e-05
35.535 1 IMU_GYRO -0.019043 0.003174 0.016846
35.539 1 BAT 0 0 0 0 0 23 23 0
35.624 1 ATTITUDE 0.076904 -0.006348 -0.55127
35.628 1 WP_MOVED 7 506350.5 3566270.75 805. 12
35.677 1 GPS 0 1130805120 0 0 -17000 0 0 0 23250 12 12
35.709 1 NAVIGATION 0 2 10801716. -3566302. 1.29394907546e+14 1.29395570246e+14 0 0
35.724 1 ATTITUDE 0.081543 -0.006836 -0.549561
35.730 1 DESIRED -0.74 0.1 5. 16. -45. 805. 2.
35.824 1 ATTITUDE 0.081055 -0.004639 -0.549805
35.827 1 ENERGY 0. 0. 0 0.
35.924 1 ATTITUDE 0.081055 -0.003418 -0.549805
35.930 1 DESIRED -0.74 0.1 5. 16. -45. 805. 2.
35.936 1 GPS 0 1130805120 0 0 -17000 0 0 0 23250 12 13
35.960 1 NAVIGATION 0 2 10801716. -3566302. 1.29394907546e+14 1.29395570246e+14 0 0
36.024 1 ATTITUDE 0.081299 -0.001709 -0.549805
36.026 1 ESTIMATOR -17.000008 -1.6e-05
36.030 1 IMU_ACCEL 0.364258 -0.378906 9.489258
36.124 1 ATTITUDE 0.081543 -0.000488 -0.549805
36.130 1 DESIRED -0.74 0.1 5. 16. -45. 805. 2.
36.133 1 WP_MOVED 8 506254.8125 3566257.5 815. 12
36.137 1 IMU_GYRO -0.014893 0.000977 0.015869
36.141 1 NAVIGATION 0 2 10801716. -3566302. 1.29394907546e+14 1.29395570246e+14 0 0
36.143 1 CALIBRATION -150. 0
36.177 1 GPS 0 1130805120 0 0 -17000 0 0 0 23500 12 14
36.207 1 FBW_STATUS 2 0 1 0 0
36.211 1 NAVIGATION 0 2 10801716. -3566302. 1.29394907546e+14 1.29395570246e+14 0 0
36.224 1 ATTITUDE 0.081055 0.000488 -0.549805
36.311 1 DOWNLINK_STATUS 10 8214 368 0 810. 36. 2.68
36.324 1 ATTITUDE 0.080566 0.001953 -0.550049
36.330 1 DESIRED -0.74 0.1 5. 16. -45. 805. 2.
36.424 1 ATTITUDE 0.081299 0.002441 -0.549805
36.430 1 GPS 0 1130805120 0 0 -17000 0 0 0 24000 12 15
36.459 1 NAVIGATION 0 2 10801716. -3566302. 1.29394907546e+14 1.29395570246e+14 0 0
36.524 1 ATTITUDE 0.081787 0.002197 -0.549805
36.530 1 DESIRED -0.74 0.1 5. 16. -45. 805. 2.
36.532 1 ESTIMATOR -17.000008 -1.2e-05
36.624 1 ATTITUDE 0.081299 0.003174 -0.549805
36.627 1 WP_MOVED 9 506213.8125 3566287.5 815. 12
36.631 1 BAT 0 0 0 0 0 24 24 0
36.677 1 GPS 0 1130805120 0 0 -17000 0 0 0 24250 12 16
36.709 1 NAVIGATION 0 2 10801716. -3566302. 1.29394907546e+14 1.29395570246e+14 0 0
36.724 1 ATTITUDE 0.081543 0.003662 -0.549805
36.730 1 DESIRED -0.74 0.1 5. 16. -45. 805. 2.
36.733 1 IMU_GYRO -0.023193 0.00415 0.02002
36.809 1 PONG 
36.824 1 ATTITUDE 0.081543 0.004395 -0.549805
36.827 1 IMU_ACCEL 0.364258 -0.374023 9.545898
36.829 1 DL_VALUE 4 0.
36.924 1 ATTITUDE 0.081543 0.005127 -0.549805
36.930 1 DESIRED -0.74 0.1 5. 16. -45. 805. 2.
36.936 1 GPS 0 1130805120 0 0 -17000 0 0 0 24250 12 1
36.938 1 GPS_SOL 795616320 100054 9999 0
36.960 1 NAVIGATION 0 2 10801716. -3566302. 1.29394907546e+14 1.29395570246e+14 0 0
37.024 1 ATTITUDE 0.081299 0.005859 -0.550049
37.026 1 ESTIMATOR -17.000008 -9e-06
37.124 1 ATTITUDE 0.081787 0.006592 -0.550049
37.130 1 DESIRED -0.74 0.1 5. 16. -45. 805. 2.
37.133 1 WP_MOVED 0 506377. 3566344. 900. 12
37.138 1 NAVIGATION 0 2 10801716. -3566302. 1.29394907546e+14 1.29395570246e+14 0 0
37.177 1 GPS 0 1130805120 0 0 -17000 0 0 0 24500 12 2
37.209 1 NAVIGATION 0 2 10801716. -3566302. 1.29394907546e+14 1.29395570246e+14 0 0
37.224 1 ATTITUDE 0.081543 0.007568 -0.550049
37.307 1 COMMANDS 0,5446,-3575,0
37.312 1 DOWNLINK_STATUS 11 8999 403 0 785. 35. 2.7
37.324 1 ATTITUDE 0.081543 0.008301 -0.550049
37.330 1 DESIRED -0.74 0.1 5. 16. -45. 805. 2.
37.333 1 IMU_GYRO -0.016846 0.003174 0.018066
37.407 1 ACTUATORS 1000,1776,1479,1500
37.424 1 ATTITUDE 0.081299 0.009277 -0.550293
37.430 1 GPS 0 1130805120 0 0 -17000 0 0 0 24750 12 3
37.433 1 IMU_MAG -0.445312 0.060547 -0.178223
37.434 1 STATE_FILTER_STATUS 3 0
37.459 1 NAVIGATION 0 2 10801716. -3566302. 1.29394907546e+14 1.29395570246e+14 0 0
37.524 1 ATTITUDE 0.081055 0.010254 -0.550293
37.530 1 DESIRED -0.74 0.1 5. 16. -45. 805. 2.
37.532 1 ESTIMATOR -17.000008 -6e-06
37.624 1 ATTITUDE 0.081299 0.010498 -0.550293
37.627 1 WP_MOVED 1 506335. 3566302. 765. 12
37.631 1 IMU_ACCEL 0.359375 -0.402344 9.494141
37.677 1 GPS 0 1130805120 0 0 -17000 0 0 0 25250 12 4
37.709 1 NAVIGATION 0 2 10801716. -3566302. 1.29394907546e+14 1.29395570246e+14 0 0
37.724 1 ATTITUDE 0.080811 0.012207 -0.550537
37.730 1 DESIRED -0.74 0.1 5. 16. -45. 805. 2.
37.733 1 BAT 0 0 0 0 0 25 25 0
37.824 1 ATTITUDE 0.080078 0.013916 -0.550781
37.924 1 ATTITUDE 0.080078 0.014648 -0.551025
37.930 1 DESIRED -0.74 0.1 5. 16. -45. 805. 2.
37.936 1 GPS 0 1130805120 0 0 -17000 0 0 0 25250 12 5
37.939 1 IMU_GYRO -0.019043 0.001953 0.014893
37.960 1 NAVIGATION 0 2 10801716. -3566302. 1.29394907546e+14 1.29395570246e+14 0 0
38.024 1 ATTITUDE 0.080078 0.015381 -0.551025
38.026 1 ESTIMATOR -17.000008 -3e-06
38.124 1 ATTITUDE 0.080566 0.016113 -0.550781
38.130 1 DESIRED -0.74 0.1 5. 16. -45. 805. 2.
38.133 1 WP_MOVED 2 506254.8125 3566257.5 815. 12
38.138 1 NAVIGATION 0 2 10801716. -3566302. 1.29394907546e+14 1.29395570246e+14 0 0
38.176 1 GPS 0 1130805120 0 0 -17000 0 0 0 25500 12 6
38.207 1 FBW_STATUS 2 0 1 0 0
38.211 1 NAVIGATION 0 2 10801716. -3566302. 1.29394907546e+14 1.29395570246e+14 0 0
38.224 1 ATTITUDE 0.080566 0.01709 -0.550781
38.226 1 CALIBRATION -150. 0
38.313 1 DOWNLINK_STATUS 12 9820 440 0 821. 37. 2.7
38.324 1 ATTITUDE 0.080811 0.017334 -0.550781
38.331 1 DESIRED -0.74 0.1 5. 16. -45. 805. 2.
38.332 1 DL_VALUE 5 0.
38.335 1 ENERGY 0. 0. 0 0.
38.424 1 ATTITUDE 0.081299 0.016846 -0.550537
38.430 1 GPS 0 1130805120 0 0 -17000 0 0 0 26000 12 7
38.433 1 IMU_ACCEL 0.359375 -0.412109 9.522461
38.437 1 ALIVE 74,126,127,122,159,84,163,99,82,202,247,254,106,121,173,37
38.459 1 NAVIGATION 0 2 10801716. -3566302. 1.29394907546e+14 1.29395570246e+14 0 0
38.524 1 ATTITUDE 0.081299 0.016846 -0.550293
38.530 1 DESIRED -0.74 0.1 5. 16. -45. 805. 2.
38.532 1 ESTIMATOR -17.000004 -1e-06
38.535 1 IMU_GYRO -0.019043 0.00415 0.014893
38.537 1 PPRZ_MODE 2 3 3 0 0 6
38.624 1 ATTITUDE 0.080811 0.017334 -0.550293
38.627 1 WP_MOVED 3 506350.5 3566257. 805. 12
38.676 1 GPS 0 1130805120 0 0 -17000 0 0 0 26250 12 8
38.709 1 NAVIGATION 0 2 10801716. -3566302. 1.29394907546e+14 1.29395570246e+14 0 0
38.724 1 ATTITUDE 0.081055 0.017334 -0.550293
38.730 1 DESIRED -0.74 0.1 5. 16. -45. 805. 2.
38.733 1 IMU_MAG -0.437988 0.069336 -0.172363
38.824 1 ATTITUDE 0.081543 0.01709 -0.550293
38.827 1 BAT 0 0 0 0 0 26 26 0
38.924 1 ATTITUDE 0.081543 0.017578 -0.550293
38.930 1 DESIRED -0.74 0.1 5. 16. -45. 805. 2.
38.935 1 GPS 0 1130805120 0 0 -17000 0 0 0 26250 12 9
38.938 1 GPS_SOL 795617152 100059 9999 0
38.960 1 NAVIGATION 0 2 10801716. -3566302. 1.29394907546e+14 1.29395570246e+14 0 0
39.024 1 ATTITUDE 0.081787 0.017578 -0.550293
39.026 1 ESTIMATOR -17.000002 -0.
39.036 1 WIND_INFO 1 42 0. 0. 0.
39.124 1 ATTITUDE 0.081543 0.017334 -0.550293
39.130 1 DESIRED -0.74 0.1 5. 16. -45. 805. 2.
39.134 1 WP_MOVED 4 506374.40625 3566337.75 805. 12
39.136 1 IMU_GYRO -0.02124 0.003174 0.018066
39.141 1 NAVIGATION 0 2 10801716. -3566302. 1.29394907546e+14 1.29395570246e+14 0 0
39.176 1 GPS 0 1130805120 0 0 -17000 0 0 0 26500 12 10
39.209 1 NAVIGATION 0 2 10801716. -3566302. 1.29394907546e+14 1.29395570246e+14 0 0
39.224 1 ATTITUDE 0.081543 0.017334 -0.550293
39.227 1 IMU_ACCEL 0.398438 -0.421875 9.451172
39.229 1 DOWNLINK 2 824 999
39.314 1 DOWNLINK_STATUS 13 10704 480 0 884. 40. 2.7
39.324 1 ATTITUDE 0.081787 0.017334 -0.550293
39.330 1 DESIRED -0.74 0.1 5. 16. -45. 805. 2.
39.424 1 ATTITUDE 0.081543 0.017578 -0.550293
39.430 1 GPS 0 1130805120 0 0 -17000 0 0 0 26750 12 11
39.459 1 NAVIGATION 0 2 10801716. -3566302. 1.29394907546e+14 1.29395570246e+14 0 0
39.524 1 ATTITUDE 0.081055 0.018555 -0.550537
39.530 1 DESIRED -0.74 0.1 5. 16. -45. 805. 2.
39.532 1 ESTIMATOR -17.000002 0.
39.624 1 ATTITUDE 0.081299 0.019043 -0.550537
39.627 1 WP_MOVED 5 506402.3125 3566363.25 820. 12
39.629 1 STATE_FILTER_STATUS 3 0
39.676 1 GPS 0 1130805120 0 0 -17000 0 0 0 27250 12 12
39.709 1 NAVIGATION 0 2 10801716. -3566302. 1.29394907546e+14 1.29395570246e+14 0 0
39.724 1 ATTITUDE 0.081055 0.019287 -0.550537
39.730 1 DESIRED -0.74 0.1 5. 16. -45. 805. 2.
39.733 1 IMU_GYRO -0.016846 0.001953 0.014893
39.824 1 ATTITUDE 0.080566 0.020264 -0.550781
39.826 1 DL_VALUE 6 100.
39.924 1 ATTITUDE 0.080078 0.020996 -0.551025
39.930 1 DESIRED -0.74 0.1 5. 16. -45. 805. 2.
39.935 1 GPS 0 1130805120 0 0 -17000 0 0 0 27250 12 13
39.939 1 BAT 0 0 0 0 0 27 27 0
39.960 1 NAVIGATION 0 2 10801716. -3566302. 1.29394907546e+14 1.29395570246e+14 0 0
40.024 1 ATTITUDE 0.079834 0.021484 -0.551025
40.026 1 ESTIMATOR -17.000002 1e-06
40.029 1 IMU_ACCEL 0.345703 -0.436523 9.50293
40.032 1 IMU_MAG -0.44043 0.066406 -0.175293
40.124 1 ATTITUDE 0.079834 0.021729 -0.551025
40.130 1 DESIRED -0.74 0.1 5. 16. -45. 805. 2.
40.133 1 WP_MOVED 6 506374.40625 3566337.75 820. 12
40.138 1 NAVIGATION 0 2 10801716. -3566302. 1.29394907546e+14 1.29395570246e+14 0 0
40.176 1 GPS 0 1130805120 0 0 -17000 0 0 0 27500 12 14
40.206 1 FBW_STATUS 2 0 1 0 0
40.211 1 NAVIGATION 0 2 10801716. -3566302. 1.29394907546e+14 1.29395570246e+14 0 0
40.225 1 ATTITUDE 0.07959 0.021973 -0.55127
40.314 1 DOWNLINK_STATUS 14 11492 515 0 788. 35. 2.7
40.324 1 ATTITUDE 0.079834 0.021973 -0.55127
40.335 1 DESIRED -0.74 0.1 5. 16. -45. 805. 2.
40.335 1 IMU_GYRO -0.019043 0.003174 0.02002
40.336 1 CALIBRATION -150. 0
40.424 1 ATTITUDE 0.080078 0.021729 -0.551025
40.429 1 GPS 0 1130805120 0 0 -17000 0 0 0 28000 12 15
40.459 1 NAVIGATION 0 2 10801716. -3566302. 1.29394907546e+14 1.29395570246e+14 0 0
40.524 1 ATTITUDE 0.079834 0.021729 -0.55127
40.530 1 DESIRED -0.74 0.1 5. 16. -45. 805. 2.
40.532 1 ESTIMATOR -17.000002 1e-06
40.624 1 ATTITUDE 0.080078 0.021973 -0.551025
40.627 1 WP_MOVED 7 506350.5 3566270.75 805. 12
40.676 1 GPS 0 1130805120 0 0 -17000 0 0 0 28250 12 16
40.709 1 NAVIGATION 0 2 10801716. -3566302. 1.29394907546e+14 1.29395570246e+14 0 0
40.724 1 ATTITUDE 0.080322 0.021484 -0.550781
40.731 1 DESIRED -0.74 0.1 5. 16. -45. 805. 2.
40.824 1 ATTITUDE 0.080566 0.021484 -0.550781
40.827 1 IMU_ACCEL 0.355469 -0.378906 9.469727
40.830 1 ENERGY 0. 0. 0 0.
40.833 1 NAVIGATION_REF 506335 3566302 12
40.924 1 ATTITUDE 0.080322 0.021484 -0.550781
40.931 1 DESIRED -0.74 0.1 5. 16. -45. 805. 2.
40.935 1 GPS 0 1130805120 0 0 -17000 0 0 0 28250 12 1
40.938 1 IMU_GYRO -0.023193 0.00415 0.024414
40.941 1 GPS_SOL 795617984 100065 9999 0
40.960 1 NAVIGATION 0 2 10801716. -3566302. 1.29394907546e+14 1.29395570246e+14 0 0
41.024 1 ATTITUDE 0.083496 0.018555 -0.549805
41.026 1 ESTIMATOR -17.000002 2e-06
41.030 1 BAT 0 0 0 0 0 28 28 0
41.124 1 ATTITUDE 0.084717 0.015137 -0.549316
41.130 1 DESIRED -0.74 0.1 5. 16. -45. 805. 2.
41.133 1 WP_MOVED 8 506254.8125 3566257.5 815. 12
41.138 1 NAVIGATION 0 2 10801716. -3566302. 1.29394907546e+14 1.29395570246e+14 0 0
41.176 1 GPS 0 1130805120 0 0 -17000 0 0 0 28500 12 2
41.211 1 NAVIGATION 0 2 10801716. -3566302. 1.29394907546e+14 1.29395570246e+14 0 0
41.224 1 ATTITUDE 0.085938 0.013184 -0.548828
41.315 1 DOWNLINK_STATUS 15 12309 551 0 817. 36. 2.7
41.324 1 ATTITUDE 0.084961 0.013428 -0.548828
41.330 1 DESIRED -0.74 0.1 5. 16. -45. 805. 2.
41.333 1 IMU_MAG -0.437988 0.063477 -0.172363
41.335 1 DL_VALUE 7 2.
41.424 1 ATTITUDE 0.082764 0.014648 -0.549805
41.429 1 GPS 0 1130805120 0 0 -17000 0 0 0 29000 12 3
41.460 1 NAVIGATION 0 2 10801716. -3566302. 1.29394907546e+14 1.29395570246e+14 0 0
41.524 1 ATTITUDE 0.065918 0.023438 -0.556152
41.530 1 DESIRED -0.74 0.1 5. 16. -45. 805. 2.
41.532 1 ESTIMATOR -17.000002 3e-06
41.535 1 IMU_GYRO 0.242432 -0.105225 0.00415
41.624 1 ATTITUDE 0.050781 0.034668 -0.561523
41.627 1 WP_MOVED 9 506213.8125 3566287.5 815. 12
41.630 1 IMU_ACCEL 0.470703 -0.201172 9.522461
41.676 1 GPS 0 1130805120 0 0 -17000 0 0 0 29250 12 4
41.708 1 NAVIGATION 0 2 10801716. -3566302. 1.29394907546e+14 1.29395570246e+14 0 0
41.724 1 ATTITUDE 0.061035 0.031738 -0.558105
41.730 1 DESIRED -0.74 0.1 5. 16. -45. 805. 2.
41.809 1 PONG 
41.824 1 ATTITUDE 0.065918 0.030273 -0.556396
41.825 1 STATE_FILTER_STATUS 3 0
41.924 1 ATTITUDE 0.073486 0.026855 -0.553467
41.930 1 DESIRED -0.74 0.1 5. 16. -45. 805. 2.
41.936 1 GPS 0 1130805120 0 0 -17000 0 0 0 29250 12 5
41.959 1 NAVIGATION 0 2 10801716. -3566302. 1.29394907546e+14 1.29395570246e+14 0 0
42.024 1 ATTITUDE 0.074463 0.026855 -0.553223
42.026 1 ESTIMATOR -17.000002 3e-06
42.124 1 ATTITUDE 0.074707 0.0271 -0.553223
42.130 1 DESIRED -0.74 0.1 5. 16. -45. 805. 2.
42.133 1 WP_MOVED 0 506377. 3566344. 900. 12
42.136 1 IMU_GYRO -0.036133 0.008301 0.019043
42.141 1 NAVIGATION 0 2 10801716. -3566302. 1.29394907546e+14 1.29395570246e+14 0 0
42.176 1 GPS 0 1130805120 0 0 -17000 0 0 0 29500 12 6
42.207 1 FBW_STATUS 2 0 1 0 0
42.212 1 NAVIGATION 0 2 10801716. -3566302. 1.29394907546e+14 1.29395570246e+14 0 0
42.224 1 ATTITUDE 0.075928 0.026611 -0.552734
42.306 1 COMMANDS 0,5409,-3590,0
42.316 1 DOWNLINK_STATUS 16 13116 588 0 807. 37. 2.54
42.324 1 ATTITUDE 0.076172 0.026611 -0.552734
42.330 1 DESIRED -0.74 0.1 5. 16. -45. 805. 2.
42.406 1 ACTUATORS 1000,1776,1478,1500
42.424 1 ATTITUDE 0.075195 0.0271 -0.552979
42.429 1 GPS 0 1130805120 0 0 -17000 0 0 0 29750 12 7
42.432 1 IMU_ACCEL 0.398438 -0.378906 9.469727
42.434 1 CALIBRATION -150. 0
42.458 1 NAVIGATION 0 2 10801716. -3566302. 1.29394907546e+14 1.29395570246e+14 0 0
42.524 1 ATTITUDE 0.075195 0.027588 -0.552979
42.530 1 DESIRED -0.74 0.1 5. 16. -45. 805. 2.
42.532 1 ESTIMATOR -17.000002 4e-06
42.624 1 ATTITUDE 0.074951 0.027832 -0.552979
42.627 1 WP_MOVED 1 506335. 3566302. 765. 12
42.630 1 IMU_MAG -0.447754 0.063477 -0.169434
42.676 1 GPS 0 1130805120 0 0 -17000 0 0 0 30250 12 8
42.709 1 NAVIGATION 0 2 10801716. -3566302. 1.29394907546e+14 1.29395570246e+14 0 0
42.724 1 ATTITUDE 0.074951 0.028076 -0.552979
42.729 1 DESIRED -0.74 0.1 5. 16. -45. 805. 2.
42.734 1 IMU_GYRO -0.023193 0.001953 0.015869
42.746 1 SETTING 1 8 1.
42.751 1 DL_VALUE 8 1.
42.756 1 PPRZ_MODE 3 3 3 0 0 6
42.824 1 ATTITUDE 0.075684 0.028076 -0.552979
42.825 1 DL_VALUE 8 1.
42.924 1 ATTITUDE 0.076172 0.027832 -0.552979
42.930 1 DESIRED -0.74 0.1 5. 16. -45. 805. 2.
42.935 1 GPS 0 1130805120 0 0 -17000 0 0 0 30250 12 9
42.938 1 GPS_SOL 795618880 100071 9999 0
42.956 1 PPRZ_MODE 4 3 3 0 0 6
42.960 1 NAVIGATION 0 2 10801716. -3566302. 1.29394907546e+14 1.29395570246e+14 0 0
43.024 1 ATTITUDE 0.076904 0.026855 -0.552734
43.026 1 ESTIMATOR -17. 4e-06
43.124 1 ATTITUDE 0.076416 0.026855 -0.552734
43.129 1 DESIRED 0.3 0.5 5. 16. -45. 805. 2.
43.133 1 WP_MOVED 2 506254.8125 3566257.5 815. 12
43.137 1 NAVIGATION 0 2 10801716. -3566302. 1.29394907546e+14 1.29395570246e+14 0 0
43.176 1 GPS 0 1130805120 0 0 -17000 0 0 0 30500 12 10
43.208 1 NAVIGATION 0 2 10801716. -3566302. 1.29394907546e+14 1.29395570246e+14 0 0
43.224 1 ATTITUDE 0.080322 0.024902 -0.551514
43.227 1 IMU_ACCEL -0.701172 0.071289 8.182617
43.230 1 BAT 2880 0 0 0 1 31 31 0
43.317 1 DOWNLINK_STATUS 17 13977 628 0 861. 40. 2.54
43.324 1 ATTITUDE 0.086182 0.02124 -0.544922
43.329 1 DESIRED 0.3 0.5 5. 16. -45. 805. 2.
43.333 1 IMU_GYRO -0.012695 0.012695 -0.044678
43.336 1 ENERGY 0. 0. 0 0.
43.424 1 ATTITUDE 0.088135 0.02002 -0.546631
43.429 1 GPS 0 1130805120 0 0 -17000 0 0 0 30750 12 11
43.433 1 ALIVE 74,126,127,122,159,84,163,99,82,202,247,254,106,121,173,37
43.458 1 NAVIGATION 0 2 10801716. -3566302. 1.29394907546e+14 1.29395570246e+14 0 0
43.524 1 ATTITUDE 0.093262 0.018555 -0.54248
43.529 1 DESIRED 0.3 0.5 5. 16. -45. 805. 2.
43.532 1 ESTIMATOR -16.999998 3e-06
43.534 1 PPRZ_MODE 4 1 2 0 0 6
43.624 1 ATTITUDE 0.087158 0.02124 -0.546631
43.627 1 WP_MOVED 3 506350.5 3566257. 805. 12
43.676 1 GPS 0 1130805120 0 0 -17000 0 0 0 31250 12 12
43.709 1 NAVIGATION 0 2 10801716. -3566302. 1.29394907546e+14 1.29395570246e+14 0 0
43.724 1 ATTITUDE 0.052246 0.040039 -0.563965
43.729 1 DESIRED 0.3 0.5 5. 16. -45. 805. 2.
43.824 1 ATTITUDE 0.064209 0.032959 -0.562744
43.924 1 ATTITUDE 0.06543 0.03418 -0.5625
43.929 1 DESIRED 0.3 0.5 5. 16. -45. 805. 2.
43.935 1 GPS 0 1130805120 0 0 -17000 0 0 0 31250 12 13
43.938 1 IMU_GYRO -0.055176 0.014893 0.02002
43.941 1 IMU_MAG -0.442871 0.040039 -0.184082
43.958 1 NAVIGATION 0 2 10801716. -3566302. 1.29394907546e+14 1.29395570246e+14 0 0
44.024 1 ATTITUDE 0.069336 0.033447 -0.561279
44.026 1 ESTIMATOR -16.999998 3e-06
44.029 1 IMU_ACCEL 0.561523 -0.220703 9.451172
44.031 1 STATE_FILTER_STATUS 3 0
44.124 1 ATTITUDE 0.072998 0.032959 -0.559814
44.129 1 DESIRED 0.3 0.5 5. 16. -45. 805. 2.
44.133 1 WP_MOVED 4 506374.40625 3566337.75 805. 12
44.137 1 NAVIGATION 0 2 10801716. -3566302. 1.29394907546e+14 1.29395570246e+14 0 0
44.176 1 GPS 0 1130805120 0 0 -17000 0 0 0 31500 12 14
44.210 1 NAVIGATION 0 2 10801716. -3566302. 1.29394907546e+14 1.29395570246e+14 0 0
44.211 1 FBW_STATUS 2 0 1 0 0
44.223 1 ATTITUDE 0.075928 0.032959 -0.558594
44.317 1 DOWNLINK_STATUS 18 14807 665 0 830. 37. 2.54
44.323 1 ATTITUDE 0.076172 0.033936 -0.55835
44.329 1 DESIRED 0.3 0.5 5. 16. -45. 805. 2.
44.333 1 BAT 0 0 0 0 1 32 32 0
44.335 1 DL_VALUE 9 1.
44.337 1 DOWNLINK 3 822 1189
44.423 1 ATTITUDE 0.078125 0.033203 -0.557373
44.429 1 GPS 0 1130805120 0 0 -17000 0 0 0 32000 12 15
44.458 1 NAVIGATION 0 2 10801716. -3566302. 1.29394907546e+14 1.29395570246e+14 0 0
44.523 1 ATTITUDE 0.084473 0.030273 -0.554688
44.529 1 DESIRED 0.3 0.5 5. 16. -45. 805. 2.
44.532 1 ESTIMATOR -16.999998 2e-06
44.535 1 IMU_GYRO 0.027588 -0.013672 0.005127
44.537 1 CALIBRATION -150. 0
44.623 1 ATTITUDE 0.08252 0.031738 -0.55542
44.627 1 WP_MOVED 5 506402.3125 3566363.25 820. 12
44.676 1 GPS 0 1130805120 0 0 -17000 0 0 0 32250 12 16
44.709 1 NAVIGATION 0 2 10801716. -3566302. 1.29394907546e+14 1.29395570246e+14 0 0
44.723 1 ATTITUDE 0.079346 0.033447 -0.556152
44.729 1 DESIRED 0.3 0.5 5. 16. -45. 805. 2.
44.823 1 ATTITUDE 0.078613 0.033447 -0.556152
44.827 1 IMU_ACCEL 0.383789 -0.331055 9.351562
44.923 1 ATTITUDE 0.081543 0.031738 -0.554688
44.929 1 DESIRED 0.3 0.5 5. 16. -45. 805. 2.
44.935 1 GPS 0 1130805120 0 0 -17000 0 0 0 32250 12 1
44.938 1 GPS_SOL 795619840 100076 9999 0
44.958 1 NAVIGATION 0 2 10801716. -3566302. 1.29394907546e+14 1.29395570246e+14 0 0
45.023 1 ATTITUDE 0.081299 0.031738 -0.554688
45.026 1 ESTIMATOR -16.999998 2e-06
45.123 1 ATTITUDE 0.081055 0.031006 -0.554443
45.129 1 DESIRED 0.3 0.5 5. 16. -45. 805. 2.
45.133 1 WP_MOVED 6 506374.40625 3566337.75 820. 12
45.136 1 IMU_GYRO -0.012695 0.001953 0.014893
45.140 1 NAVIGATION 0 2 10801716. -3566302. 1.29394907546e+14 1.29395570246e+14 0 0
45.176 1 GPS 0 1130805120 0 0 -17000 0 0 0 32500 12 2
45.208 1 NAVIGATION 0 2 10801716. -3566302. 1.29394907546e+14 1.29395570246e+14 0 0
45.223 1 ATTITUDE 0.082275 0.030518 -0.553955
45.227 1 IMU_MAG -0.445312 0.057617 -0.178223
45.318 1 DOWNLINK_STATUS 19 15629 702 0 822. 37. 2.54
45.324 1 ATTITUDE 0.085449 0.028809 -0.552734
45.330 1 DESIRED 0.3 0.5 5. 16. -45. 805. 2.
45.423 1 ATTITUDE 0.084961 0.02832 -0.552734
45.429 1 GPS 0 1130805120 0 0 -17000 0 0 0 32750 12 3
45.433 1 BAT 0 0 0 0 1 33 33 0
45.458 1 NAVIGATION 0 2 10801716. -3566302. 1.29394907546e+14 1.29395570246e+14 0 0
45.523 1 ATTITUDE 0.084229 0.028076 -0.552734
45.529 1 DESIRED 0.3 0.5 5. 16. -45. 805. 2.
45.532 1 ESTIMATOR -16.999998 1e-06
45.623 1 ATTITUDE 0.084473 0.027588 -0.55249
45.627 1 WP_MOVED 7 506350.5 3566270.75 805. 12
45.630 1 IMU_ACCEL 0.374023 -0.436523 9.489258
45.676 1 GPS 0 1130805120 0 0 -17000 0 0 0 33250 12 4
45.709 1 NAVIGATION 0 2 10801716. -3566302. 1.29394907546e+14 1.29395570246e+14 0 0
45.723 1 ATTITUDE 0.084717 0.027344 -0.552246
45.729 1 DESIRED 0.3 0.5 5. 16. -45. 805. 2.
45.732 1 IMU_GYRO -0.02124 0.003174 0.015869
45.823 1 ATTITUDE 0.084717 0.0271 -0.552246
45.825 1 DL_VALUE 10 0.
45.829 1 ENERGY 0. 0. 0 0.
45.923 1 ATTITUDE 0.084473 0.026367 -0.552002
45.929 1 DESIRED 0.3 0.5 5. 16. -45. 805. 2.
45.935 1 GPS 0 1130805120 0 0 -17000 0 0 0 33250 12 5
45.958 1 NAVIGATION 0 2 10801716. -3566302. 1.29394907546e+14 1.29395570246e+14 0 0
46.023 1 ATTITUDE 0.084473 0.025879 -0.552002
46.026 1 ESTIMATOR -16.999998 0.
46.123 1 ATTITUDE 0.084473 0.025635 -0.552002
46.129 1 DESIRED 0.3 0.5 5. 16. -45. 805. 2.
46.133 1 WP_MOVED 8 506254.8125 3566257.5 815. 12
46.137 1 NAVIGATION 0 2 10801716. -3566302. 1.29394907546e+14 1.29395570246e+14 0 0
46.176 1 GPS 0 1130805120 0 0 -17000 0 0 0 33500 12 6
46.206 1 FBW_STATUS 2 0 1 0 0
46.211 1 NAVIGATION 0 2 10801716. -3566302. 1.29394907546e+14 1.29395570246e+14 0 0
46.223 1 ATTITUDE 0.084473 0.024902 -0.551758
46.225 1 STATE_FILTER_STATUS 3 0
46.319 1 DOWNLINK_STATUS 20 16419 737 0 790. 35. 2.54
46.323 1 ATTITUDE 0.084717 0.023682 -0.551758
46.329 1 DESIRED 0.3 0.5 5. 16. -45. 805. 2.
46.332 1 IMU_GYRO -0.019043 0.003174 0.02124
46.423 1 ATTITUDE 0.084473 0.022461 -0.551758
46.429 1 GPS 0 1130805120 0 0 -17000 0 0 0 34000 12 7
46.432 1 IMU_ACCEL 0.335938 -0.464844 9.527344
46.458 1 NAVIGATION 0 2 10801716. -3566302. 1.29394907546e+14 1.29395570246e+14 0 0
46.523 1 ATTITUDE 0.084717 0.021729 -0.551758
46.529 1 DESIRED 0.3 0.5 5. 16. -45. 805. 2.
46.532 1 ESTIMATOR -16.999998 -0.
46.535 1 BAT 0 0 0 0 1 34 34 0
46.538 1 IMU_MAG -0.437988 0.069336 -0.169434
46.623 1 ATTITUDE 0.08667 0.020264 -0.550781
46.627 1 WP_MOVED 9 506213.8125 3566287.5 815. 12
46.629 1 CALIBRATION -150. 0
46.676 1 GPS 0 1130805120 0 0 -17000 0 0 0 34250 12 8
46.709 1 NAVIGATION 0 2 10801716. -3566302. 1.29394907546e+14 1.29395570246e+14 0 0
46.723 1 ATTITUDE 0.089355 0.018066 -0.549805
46.729 1 DESIRED 0.3 0.5 5. 16. -45. 805. 2.
46.810 1 PONG 
46.823 1 ATTITUDE 0.089111 0.01709 -0.549561
46.924 1 ATTITUDE 0.088867 0.015869 -0.549561
46.929 1 DESIRED 0.3 0.5 5. 16. -45. 805. 2.
46.935 1 GPS 0 1130805120 0 0 -17000 0 0 0 34250 12 9
46.938 1 IMU_GYRO -0.02124 0.003174 0.018066
46.941 1 GPS_SOL 795620928 100082 9999 0
46.958 1 NAVIGATION 0 2 10801716. -3566302. 1.29394907546e+14 1.29395570246e+14 0 0
47.023 1 ATTITUDE 0.088867 0.015137 -0.549561
47.026 1 ESTIMATOR -16.999998 -1e-06
47.123 1 ATTITUDE 0.090576 0.013428 -0.549072
47.129 1 DESIRED 0.3 0.5 5. 16. -45. 805. 2.
47.133 1 WP_MOVED 0 506377. 3566344. 900. 12
47.137 1 NAVIGATION 0 2 10801716. -3566302. 1.29394907546e+14 1.29395570246e+14 0 0
47.176 1 GPS 0 1130805120 0 0 -17000 0 0 0 34500 12 10
47.209 1 NAVIGATION 0 2 10801716. -3566302. 1.29394907546e+14 1.29395570246e+14 0 0
47.223 1 ATTITUDE 0.090576 0.012207 -0.548828
47.226 1 IMU_ACCEL 0.306641 -0.489258 9.474609
47.306 1 COMMANDS 0,-1382,-5768,0
47.319 1 DOWNLINK_STATUS 21 17258 775 0 839. 38. 2.71
47.323 1 ATTITUDE 0.090088 0.011475 -0.548828
47.330 1 DESIRED 0.3 0.5 5. 16. -45. 805. 2.
47.331 1 DL_VALUE 11 1.
47.406 1 ACTUATORS 1000,1707,1228,1500
47.423 1 ATTITUDE 0.090088 0.011475 -0.548828
47.429 1 GPS 0 1130805120 0 0 -17000 0 0 0 34750 12 11
47.459 1 NAVIGATION 0 2 10801716. -3566302. 1.29394907546e+14 1.29395570246e+14 0 0
47.524 1 ATTITUDE 0.089355 0.011719 -0.549072
47.529 1 DESIRED 0.3 0.5 5. 16. -45. 805. 2.
47.532 1 ESTIMATOR -16.999998 -1e-06
47.538 1 IMU_GYRO -0.019043 0.003174 0.014893
47.623 1 ATTITUDE 0.088623 0.011719 -0.549561
47.627 1 WP_MOVED 1 506335. 3566302. 765. 12
47.630 1 BAT 0 0 0 0 1 35 35 0
47.676 1 GPS 0 1130805120 0 0 -17000 0 0 0 35250 12 12
47.710 1 NAVIGATION 0 2 10801716. -3566302. 1.29394907546e+14 1.29395570246e+14 0 0
47.723 1 ATTITUDE 0.088135 0.011963 -0.549561
47.729 1 DESIRED 0.3 0.5 5. 16. -45. 805. 2.
47.823 1 ATTITUDE 0.087402 0.011963 -0.549561
47.826 1 IMU_MAG -0.435547 0.057617 -0.172363
47.924 1 ATTITUDE 0.087158 0.012207 -0.549805
47.930 1 DESIRED 0.3 0.5 5. 16. -45. 805. 2.
47.936 1 GPS 0 1130805120 0 0 -17000 0 0 0 35500 12 13
47.959 1 NAVIGATION 0 2 10801716. -3566302. 1.29394907546e+14 1.29395570246e+14 0 0
48.023 1 ATTITUDE 0.086914 0.012451 -0.549805
48.026 1 ESTIMATOR -16.999998 -2e-06
48.030 1 IMU_ACCEL 0.374023 -0.489258 9.446289
48.123 1 ATTITUDE 0.087158 0.012207 -0.549805
48.130 1 DESIRED 0.3 0.5 5. 16. -45. 805. 2.
48.133 1 WP_MOVED 2 506254.8125 3566257.5 815. 12
48.136 1 IMU_GYRO -0.019043 0.003174 0.02124
48.140 1 NAVIGATION 0 2 10801716. -3566302. 1.29394907546e+14 1.29395570246e+14 0 0
48.176 1 GPS 0 1130805120 0 0 -17000 0 0 0 35500 12 14
48.207 1 FBW_STATUS 2 0 1 0 0
48.210 1 NAVIGATION 0 2 10801716. -3566302. 1.29394907546e+14 1.29395570246e+14 0 0
48.223 1 ATTITUDE 0.087402 0.011719 -0.549805
48.320 1 DOWNLINK_STATUS 22 18070 811 0 812. 36. 2.71
48.323 1 ATTITUDE 0.08667 0.011963 -0.549805
48.329 1 DESIRED 0.3 0.5 5. 16. -45. 805. 2.
48.333 1 ENERGY 0. 0. 0 0.
48.423 1 ATTITUDE 0.086426 0.011475 -0.550049
48.429 1 GPS 0 1130805120 0 0 -17000 0 0 0 36000 12 15
48.431 1 STATE_FILTER_STATUS 3 0
48.435 1 ALIVE 74,126,127,122,159,84,163,99,82,202,247,254,106,121,173,37
48.458 1 NAVIGATION 0 2 10801716. -3566302. 1.29394907546e+14 1.29395570246e+14 0 0
48.523 1 ATTITUDE 0.086914 0.010254 -0.549561
48.529 1 DESIRED 0.3 0.5 5. 16. -45. 805. 2.
48.532 1 ESTIMATOR -16.999998 -2e-06
48.534 1 PPRZ_MODE 4 1 2 0 0 6
48.623 1 ATTITUDE 0.086914 0.009521 -0.549561
48.628 1 WP_MOVED 3 506350.5 3566257. 805. 12
48.677 1 GPS 0 1130805120 0 0 -17000 0 0 0 36250 12 16
48.710 1 NAVIGATION 0 2 10801716. -3566302. 1.29394907546e+14 1.29395570246e+14 0 0
48.723 1 ATTITUDE 0.086426 0.009277 -0.549805
48.729 1 DESIRED 0.3 0.5 5. 16. -45. 805. 2.
48.732 1 IMU_GYRO -0.02124 0.00415 0.019043
48.736 1 BAT 0 0 0 0 1 36 36 0
48.738 1 CALIBRATION -150. 0
48.823 1 ATTITUDE 0.08667 0.008057 -0.549805
48.826 1 IMU_ACCEL 0.301758 -0.446289 9.56543
48.829 1 DL_VALUE 0 0.
48.923 1 ATTITUDE 0.086182 0.008057 -0.549805
48.930 1 DESIRED 0.3 0.5 5. 16. -45. 805. 2.
48.935 1 GPS 0 1130805120 0 0 -17000 0 0 0 36250 12 1
48.938 1 GPS_SOL 795622080 100087 9999 0
48.959 1 NAVIGATION 0 2 10801716. -3566302. 1.29394907546e+14 1.29395570246e+14 0 0
49.023 1 ATTITUDE 0.085938 0.007812 -0.549805
49.026 1 ESTIMATOR -16.999998 -3e-06
49.036 1 WIND_INFO 1 42 0. 0. 0.
49.123 1 ATTITUDE 0.085938 0.007568 -0.549805
49.129 1 DESIRED 0.3 0.5 5. 16. -45. 805. 2.
49.133 1 WP_MOVED 4 506374.40625 3566337.75 805. 12
49.137 1 NAVIGATION 0 2 10801716. -3566302. 1.29394907546e+14 1.29395570246e+14 0 0
49.140 1 IMU_MAG -0.44043 0.078125 -0.163574
49.176 1 GPS 0 1130805120 0 0 -17000 0 0 0 36500 12 2
49.209 1 NAVIGATION 0 2 10801716. -3566302. 1.29394907546e+14 1.29395570246e+14 0 0
49.223 1 ATTITUDE 0.085938 0.007324 -0.549805
49.320 1 DOWNLINK_STATUS 23 18927 850 0 857. 39. 2.71
49.323 1 ATTITUDE 0.086426 0.006348 -0.549561
49.329 1 DESIRED 0.3 0.5 5. 16. -45. 805. 2.
49.332 1 IMU_GYRO -0.014893 0.000977 0.02002
49.423 1 ATTITUDE 0.086182 0.005859 -0.549561
49.429 1 GPS 0 1130805120 0 0 -17000 0 0 0 36750 12 3
49.431 1 DOWNLINK 3 815 1375
49.458 1 NAVIGATION 0 2 10801716. -3566302. 1.29394907546e+14 1.29395570246e+14 0 0
49.523 1 ATTITUDE 0.085693 0.005859 -0.549561
49.529 1 DESIRED 0.3 0.5 5. 16. -45. 805. 2.
49.531 1 ESTIMATOR -16.999998 -4e-06
49.623 1 ATTITUDE 0.084473 0.006836 -0.549805
49.627 1 WP_MOVED 5 506402.3125 3566363.25 820. 12
49.630 1 IMU_ACCEL 0.345703 -0.484375 9.446289
49.676 1 GPS 0 1130805120 0 0 -17000 0 0 0 37250 12 4
49.711 1 NAVIGATION 0 2 10801716. -3566302. 1.29394907546e+14 1.29395570246e+14 0 0
49.723 1 ATTITUDE 0.084961 0.006348 -0.549805
49.729 1 DESIRED 0.3 0.5 5. 16. -45. 805. 2.
49.823 1 ATTITUDE 0.084717 0.006348 -0.549805
49.827 1 BAT 0 0 0 0 1 37 37 0
49.829 1 NAVIGATION_REF 506335 3566302 12
49.924 1 ATTITUDE 0.085693 0.006348 -0.549316
49.929 1 DESIRED 0.3 0.5 5. 16. -45. 805. 2.
49.935 1 GPS 0 1130805120 0 0 -17000 0 0 0 37250 12 5
49.938 1 IMU_GYRO -0.027588 0.006348 0.015869
49.958 1 NAVIGATION 0 2 10801716. -3566302. 1.29394907546e+14 1.29395570246e+14 0 0
50.024 1 ATTITUDE 0.085693 0.006592 -0.549561
50.026 1 ESTIMATOR -17. -4e-06
50.124 1 ATTITUDE 0.086426 0.005859 -0.549072
50.129 1 DESIRED 0.3 0.5 5. 16. -45. 805. 2.
50.132 1 WP_MOVED 6 506374.40625 3566337.75 820. 12
50.137 1 NAVIGATION 0 2 10801716. -3566302. 1.29394907546e+14 1.29395570246e+14 0 0
50.176 1 GPS 0 1130805120 0 0 -17000 0 0 0 37500 12 6
50.211 1 FBW_STATUS 2 0 1 0 0
50.218 1 NAVIGATION 0 2 10801716. -3566302. 1.29394907546e+14 1.29395570246e+14 0 0
50.223 1 ATTITUDE 0.093018 0.001953 -0.546631
50.321 1 DOWNLINK_STATUS 24 19721 885 0 794. 35. 2.71
50.323 1 ATTITUDE 0.099365 -0.003418 -0.544189
50.330 1 DESIRED 0.3 0.5 5. 16. -45. 805. 2.
50.331 1 DL_VALUE 1 0.
50.423 1 ATTITUDE 0.099854 -0.00708 -0.543945
50.429 1 GPS 0 1130805120 0 0 -17000 0 0 0 38000 12 7
50.432 1 IMU_ACCEL 0.288086 -0.570312 9.413086
50.435 1 IMU_MAG -0.430664 0.086426 -0.155273
50.458 1 NAVIGATION 0 2 10801716. -3566302. 1.29394907546e+14 1.29395570246e+14 0 0
50.523 1 ATTITUDE 0.103027 -0.010986 -0.54248
50.529 1 DESIRED 0.3 0.5 5. 16. -45. 805. 2.
50.531 1 ESTIMATOR -17.000002 -3e-06
50.535 1 IMU_GYRO -0.087158 0.030762 0.029785
50.625 1 ATTITUDE 0.114258 -0.019531 -0.53833
50.627 1 WP_MOVED 7 506350.5 3566270.75 805. 12
50.628 1 STATE_FILTER_STATUS 3 0
50.678 1 GPS 0 1130805120 0 0 -17000 0 0 0 38250 12 8
50.714 1 NAVIGATION 0 2 10801716. -3566302. 1.29394907546e+14 1.29395570246e+14 0 0
50.724 1 ATTITUDE 0.13208 -0.031738 -0.531982
50.729 1 DESIRED 0.3 0.5 5. 16. -45. 805. 2.
50.823 1 ATTITUDE 0.139648 -0.041016 -0.529297
50.825 1 CALIBRATION -150. 0
50.828 1 ENERGY 0. 0. 0 0.
50.923 1 ATTITUDE 0.168457 -0.0625 -0.518555
50.929 1 DESIRED 0.3 0.5 5. 16. -45. 805. 2.
50.936 1 GPS 0 1130805120 0 0 -17000 0 0 0 38250 12 9
50.938 1 BAT 0 0 0 0 1 38 38 0
50.941 1 GPS_SOL 795623232 100093 9999 0
50.958 1 NAVIGATION 0 2 10801716. -3566302. 1.29394907546e+14 1.29395570246e+14 0 0
51.023 1 ATTITUDE 0.20166 -0.088623 -0.502197
51.026 1 ESTIMATOR -17.000002 -3e-06
51.123 1 ATTITUDE 0.228516 -0.114014 -0.48999
51.129 1 DESIRED 0.3 0.5 5. 16. -45. 805. 2.
51.132 1 WP_MOVED 8 506254.8125 3566257.5 815. 12
51.136 1 IMU_GYRO -0.221191 0.081787 0.062744
51.140 1 NAVIGATION 0 2 10801716. -3566302. 1.29394907546e+14 1.29395570246e+14 0 0
51.176 1 GPS 0 1130805120 0 0 -17000 0 0 0 38500 12 10
51.214 1 NAVIGATION 0 2 10801716. -3566302. 1.29394907546e+14 1.29395570246e+14 0 0
51.225 1 ATTITUDE 0.251709 -0.136719 -0.480957
51.227 1 IMU_ACCEL -0.273438 -1.981445 9.541016
51.321 1 DOWNLINK_STATUS 25 20579 924 0 858. 39. 2.71
51.323 1 ATTITUDE 0.272705 -0.158447 -0.470947
51.329 1 DESIRED 0.3 0.5 5. 16. -45. 805. 2.
51.425 1 ATTITUDE 0.298096 -0.185059 -0.458984
51.429 1 GPS 0 1130805120 0 0 -17000 0 0 0 38750 12 11
51.458 1 NAVIGATION 0 2 10801716. -3566302. 1.29394907546e+14 1.29395570246e+14 0 0
51.523 1 ATTITUDE 0.314453 -0.205811 -0.451172
51.529 1 DESIRED 0.3 0.5 5. 16. -45. 805. 2.
51.531 1 ESTIMATOR -17.000002 -2e-06
51.623 1 ATTITUDE 0.316162 -0.219727 -0.449951
51.627 1 WP_MOVED 9 506213.8125 3566287.5 815. 12
51.677 1 GPS 0 1130805120 0 0 -17000 0 0 0 39250 12 12
51.716 1 NAVIGATION 0 2 10801716. -3566302. 1.29394907546e+14 1.29395570246e+14 0 0
51.723 1 ATTITUDE 0.304688 -0.227295 -0.454102
51.729 1 DESIRED 0.3 0.5 5. 16. -45. 805. 2.
51.732 1 IMU_GYRO 0.387207 -0.111572 -0.031738
51.735 1 IMU_MAG -0.364746 0.242676 -0.057129
51.811 1 PONG 
51.823 1 ATTITUDE 0.254883 -0.209961 -0.478027
51.825 1 DL_VALUE 2 805.
51.923 1 ATTITUDE 0.195557 -0.176758 -0.500244
51.929 1 DESIRED 0.3 0.5 5. 16. -45. 805. 2.
51.935 1 GPS 0 1130805120 0 0 -17000 0 0 0 39250 12 13
51.958 1 NAVIGATION 0 2 10801716. -3566302. 1.29394907546e+14 1.29395570246e+14 0 0
52.023 1 ATTITUDE 0.104004 -0.126709 -0.539795
52.025 1 ESTIMATOR -17.000002 -2e-06
52.029 1 IMU_ACCEL 0.292969 -0.570312 9.242188
52.032 1 BAT 0 0 0 0 1 39 39 0
52.123 1 ATTITUDE 0.043701 -0.086426 -0.562256
52.129 1 DESIRED 0.3 0.5 5. 16. -45. 805. 2.
52.132 1 WP_MOVED 0 506377. 3566344. 900. 12
52.137 1 NAVIGATION 0 2 10801716. -3566302. 1.29394907546e+14 1.29395570246e+14 0 0
52.176 1 GPS 0 1130805120 0 0 -17000 0 0 0 39500 12 14
52.206 1 FBW_STATUS 2 0 1 0 0
52.215 1 NAVIGATION 0 2 10801716. -3566302. 1.29394907546e+14 1.29395570246e+14 0 0
52.223 1 ATTITUDE 0.033447 -0.06543 -0.566406
52.306 1 COMMANDS 0,-1775,-5867,0
52.321 1 DOWNLINK_STATUS 26 21379 960 0 800. 36. 2.87
52.323 1 ATTITUDE 0.032471 -0.053711 -0.566406
52.329 1 DESIRED 0.3 0.5 5. 16. -45. 805. 2.
52.332 1 IMU_GYRO -0.114746 0.045654 0.02124
52.406 1 ACTUATORS 1000,1703,1217,1500
52.423 1 ATTITUDE 0.048828 -0.056396 -0.560791
52.429 1 GPS 0 1130805120 0 0 -17000 0 0 0 40000 12 15
52.458 1 NAVIGATION 0 2 10801716. -3566302. 1.29394907546e+14 1.29395570246e+14 0 0
52.523 1 ATTITUDE 0.091553 -0.07373 -0.544434
52.529 1 DESIRED 0.3 0.5 5. 16. -45. 805. 2.
52.531 1 ESTIMATOR -17.000002 -1e-06
52.623 1 ATTITUDE 0.143799 -0.100098 -0.523682
52.628 1 WP_MOVED 1 506335. 3566302. 765. 12
52.676 1 GPS 0 1130805120 0 0 -17000 0 0 0 40250 12 16
52.708 1 NAVIGATION 0 2 10801716. -3566302. 1.29394907546e+14 1.29395570246e+14 0 0
52.723 1 ATTITUDE 0.17041 -0.117188 -0.512695
52.730 1 DESIRED 0.3 0.5 5. 16. -45. 805. 2.
52.823 1 ATTITUDE 0.193848 -0.133545 -0.502686
52.826 1 IMU_ACCEL -0.095703 -1.458984 9.175781
52.828 1 STATE_FILTER_STATUS 3 0
52.923 1 ATTITUDE 0.22998 -0.157715 -0.484131
52.929 1 DESIRED 0.3 0.5 5. 16. -45. 805. 2.
52.935 1 GPS 0 1130805120 0 0 -17000 0 0 0 40250 12 1
52.938 1 IMU_GYRO -0.270264 0.089355 0.030762
52.941 1 GPS_SOL 795624576 100099 9999 0
52.958 1 NAVIGATION 0 2 10801716. -3566302. 1.29394907546e+14 1.29395570246e+14 0 0
53.023 1 ATTITUDE 0.24585 -0.174561 -0.474854
53.025 1 ESTIMATOR -17.000002 -0.
53.029 1 IMU_MAG -0.386719 0.216797 -0.083008
53.123 1 ATTITUDE 0.24707 -0.185059 -0.473633
53.129 1 DESIRED 0.3 0.5 5. 16. -45. 805. 2.
53.132 1 WP_MOVED 2 506254.8125 3566257.5 815. 12
53.137 1 NAVIGATION 0 2 10801716. -3566302. 1.29394907546e+14 1.29395570246e+14 0 0
53.140 1 BAT 0 0 0 0 1 40 40 0
53.176 1 GPS 0 1130805120 0 0 -17000 0 0 0 40500 12 2
53.208 1 NAVIGATION 0 2 10801716. -3566302. 1.29394907546e+14 1.29395570246e+14 0 0
53.223 1 ATTITUDE 0.249512 -0.196777 -0.472168
53.321 1 DOWNLINK_STATUS 27 22192 996 0 813. 36. 2.87
53.323 1 ATTITUDE 0.262207 -0.214355 -0.46582
53.329 1 DESIRED 0.3 0.5 5. 16. -45. 805. 2.
53.331 1 DL_VALUE 3 0.
53.334 1 ENERGY 0. 0. 0 0.
53.423 1 ATTITUDE 0.277344 -0.233887 -0.458252
53.429 1 GPS 0 1130805120 0 0 -17000 0 0 0 40750 12 3
53.433 1 ALIVE 74,126,127,122,159,84,163,99,82,202,247,254,106,121,173,37
53.458 1 NAVIGATION 0 2 10801716. -3566302. 1.29394907546e+14 1.29395570246e+14 0 0
53.523 1 ATTITUDE 0.281738 -0.247803 -0.456543
53.529 1 DESIRED 0.3 0.5 5. 16. -45. 805. 2.
53.531 1 ESTIMATOR -17.000002 0.
53.535 1 IMU_GYRO -0.052979 0.010498 0.030762
53.537 1 PPRZ_MODE 4 1 2 0 0 6
53.623 1 ATTITUDE 0.282959 -0.259521 -0.456055
53.626 1 WP_MOVED 3 506350.5 3566257. 805. 12
53.630 1 IMU_ACCEL -0.426758 -2.236328 9.275391
53.676 1 GPS 0 1130805120 0 0 -17000 0 0 0 41250 12 4
53.708 1 NAVIGATION 0 2 10801716. -3566302. 1.29394907546e+14 1.29395570246e+14 0 0
53.723 1 ATTITUDE 0.281494 -0.267822 -0.456543
53.729 1 DESIRED 0.3 0.5 5. 16. -45. 805. 2.
53.823 1 ATTITUDE 0.281494 -0.276123 -0.456787
53.923 1 ATTITUDE 0.281738 -0.28418 -0.457031
53.930 1 DESIRED 0.3 0.5 5. 16. -45. 805. 2.
53.935 1 GPS 0 1130805120 0 0 -17000 0 0 0 41250 12 5
53.958 1 NAVIGATION 0 2 10801716. -3566302. 1.29394907546e+14 1.29395570246e+14 0 0
54.023 1 ATTITUDE 0.282227 -0.29248 -0.456787
54.025 1 ESTIMATOR -17.000002 1e-06
54.123 1 ATTITUDE 0.282471 -0.300537 -0.456787
54.129 1 DESIRED 0.3 0.5 5. 16. -45. 805. 2.
54.132 1 WP_MOVED 4 506374.40625 3566337.75 805. 12
54.135 1 IMU_GYRO -0.014893 0.003174 0.015869
54.140 1 NAVIGATION 0 2 10801716. -3566302. 1.29394907546e+14 1.29395570246e+14 0 0
54.176 1 GPS 0 1130805120 0 0 -17000 0 0 0 41500 12 6
54.206 1 FBW_STATUS 2 0 1 0 0
54.211 1 NAVIGATION 0 2 10801716. -3566302. 1.29394907546e+14 1.29395570246e+14 0 0
54.224 1 ATTITUDE 0.283447 -0.308594 -0.456299
54.228 1 BAT 0 0 0 0 1 42 42 0
54.321 1 DOWNLINK_STATUS 28 23026 1033 0 834. 37. 2.87
54.323 1 ATTITUDE 0.284668 -0.316895 -0.455811
54.329 1 DESIRED 0.3 0.5 5. 16. -45. 805. 2.
54.332 1 IMU_MAG -0.362305 0.234375 -0.062988
54.423 1 ATTITUDE 0.285645 -0.324707 -0.454834
54.429 1 GPS 0 1130805120 0 0 -17000 0 0 0 42000 12 7
54.432 1 IMU_ACCEL -0.393555 -2.28418 9.303711
54.458 1 NAVIGATION 0 2 10801716. -3566302. 1.29394907546e+14 1.29395570246e+14 0 0
54.523 1 ATTITUDE 0.286133 -0.332031 -0.45459
54.529 1 DESIRED 0.3 0.5 5. 16. -45. 805. 2.
54.531 1 ESTIMATOR -17.000002 1e-06
54.533 1 DOWNLINK 4 825 1563
54.623 1 ATTITUDE 0.285645 -0.338623 -0.45459
54.626 1 WP_MOVED 5 506402.3125 3566363.25 820. 12
54.675 1 GPS 0 1130805120 0 0 -17000 0 0 0 42250 12 8
54.708 1 NAVIGATION 0 2 10801716. -3566302. 1.29394907546e+14 1.29395570246e+14 0 0
54.723 1 ATTITUDE 0.284668 -0.343994 -0.455322
54.729 1 DESIRED 0.3 0.5 5. 16. -45. 805. 2.
54.732 1 IMU_GYRO -0.010498 0. 0.009521
54.823 1 ATTITUDE 0.283691 -0.349121 -0.455811
54.825 1 DL_VALUE 4 0.
54.923 1 ATTITUDE 0.283447 -0.354492 -0.455811
54.929 1 DESIRED 0.3 0.5 5. 16. -45. 805. 2.
54.934 1 GPS 0 1130805120 0 0 -17000 0 0 0 42250 12 9
54.937 1 GPS_SOL 795625920 100104 9999 0
54.958 1 NAVIGATION 0 2 10801716. -3566302. 1.29394907546e+14 1.29395570246e+14 0 0
55.023 1 ATTITUDE 0.283203 -0.359863 -0.456055
55.025 1 ESTIMATOR -17.000002 2e-06
55.027 1 CALIBRATION -150. 0
55.031 1 STATE_FILTER_STATUS 3 0
55.123 1 ATTITUDE 0.283691 -0.365967 -0.455566
55.129 1 DESIRED 0.3 0.5 5. 16. -45. 805. 2.
55.132 1 WP_MOVED 6 506374.40625 3566337.75 820. 12
55.137 1 NAVIGATION 0 2 10801716. -3566302. 1.29394907546e+14 1.29395570246e+14 0 0
55.175 1 GPS 0 1130805120 0 0 -17000 0 0 0 42500 12 10
55.208 1 NAVIGATION 0 2 10801716. -3566302. 1.29394907546e+14 1.29395570246e+14 0 0
55.223 1 ATTITUDE 0.283936 -0.371582 -0.455566
55.226 1 IMU_ACCEL -0.374023 -2.207031 9.270508
55.322 1 DOWNLINK_STATUS 29 23837 1070 0 811. 37. 2.87
55.323 1 ATTITUDE 0.284912 -0.377441 -0.455078
55.330 1 DESIRED 0.3 0.5 5. 16. -45. 805. 2.
55.332 1 IMU_GYRO -0.023193 0.001953 0.02124
55.335 1 BAT 0 0 0 0 1 43 43 0
55.423 1 ATTITUDE 0.285889 -0.382812 -0.45459
55.429 1 GPS 0 1130805120 0 0 -17000 0 0 0 43000 12 11
55.458 1 NAVIGATION 0 2 10801716. -3566302. 1.29394907546e+14 1.29395570246e+14 0 0
55.523 1 ATTITUDE 0.286621 -0.387695 -0.454102
55.529 1 DESIRED 0.3 0.5 5. 16. -45. 805. 2.
55.532 1 ESTIMATOR -17.000002 3e-06
55.623 1 ATTITUDE 0.287109 -0.392334 -0.454102
55.626 1 WP_MOVED 7 506350.5 3566270.75 805. 12
55.629 1 IMU_MAG -0.364746 0.239746 -0.060059
55.676 1 GPS 0 1130805120 0 0 -17000 0 0 0 43250 12 12
55.708 1 NAVIGATION 0 2 10801716. -3566302. 1.29394907546e+14 1.29395570246e+14 0 0
55.723 1 ATTITUDE 0.287109 -0.395752 -0.454102
55.730 1 DESIRED 0.3 0.5 5. 16. -45. 805. 2.
55.823 1 ATTITUDE 0.287109 -0.399414 -0.453613
55.827 1 ENERGY 0. 0. 0 0.
55.923 1 ATTITUDE 0.285889 -0.401367 -0.454102
55.929 1 DESIRED 0.3 0.5 5. 16. -45. 805. 2.
55.934 1 GPS 0 1130805120 0 0 -17000 0 0 0 43250 12 13
55.938 1 IMU_GYRO -0.012695 0. 0.010498
55.958 1 NAVIGATION 0 2 10801716. -3566302. 1.29394907546e+14 1.29395570246e+14 0 0
56.023 1 ATTITUDE 0.286621 -0.406006 -0.454346
56.025 1 ESTIMATOR -17.000002 3e-06
56.028 1 IMU_ACCEL -0.421875 -2.226562 9.213867
56.123 1 ATTITUDE 0.28833 -0.410889 -0.453613
56.129 1 DESIRED 0.3 0.5 5. 16. -45. 805. 2.
56.132 1 WP_MOVED 8 506254.8125 3566257.5 815. 12
56.138 1 NAVIGATION 0 2 10801716. -3566302. 1.29394907546e+14 1.29395570246e+14 0 0
56.175 1 GPS 0 1130805120 0 0 -17000 0 0 0 43500 12 14
56.205 1 FBW_STATUS 2 0 1 0 0
56.211 1 NAVIGATION 0 2 10801716. -3566302. 1.29394907546e+14 1.29395570246e+14 0 0
56.224 1 ATTITUDE 0.288086 -0.414062 -0.453369
56.323 1 ATTITUDE 0.287842 -0.41748 -0.453613
56.324 1 DOWNLINK_STATUS 30 24661 1106 0 824. 36. 2.87
56.329 1 DESIRED 0.3 0.5 5. 16. -45. 805. 2.
56.331 1 DL_VALUE 5 0.
56.423 1 ATTITUDE 0.287842 -0.421143 -0.453857
56.428 1 GPS 0 1130805120 0 0 -17000 0 0 0 44000 12 15
56.432 1 BAT 0 0 0 0 1 44 44 0
56.459 1 NAVIGATION 0 2 10801716. -3566302. 1.29394907546e+14 1.29395570246e+14 0 0
56.524 1 ATTITUDE 0.28833 -0.424561 -0.453369
56.530 1 DESIRED 0.3 0.5 5. 16. -45. 805. 2.
56.531 1 ESTIMATOR -17.000002 4e-06
56.534 1 IMU_GYRO -0.016846 0.001953 0.015869
56.628 1 ATTITUDE 0.28833 -0.427734 -0.453369
56.628 1 WP_MOVED 9 506213.8125 3566287.5 815. 12
56.676 1 GPS 0 1130805120 0 0 -17000 0 0 0 44250 12 16
56.707 1 NAVIGATION 0 2 10801716. -3566302. 1.29394907546e+14 1.29395570246e+14 0 0
56.726 1 ATTITUDE 0.288574 -0.430908 -0.453125
56.729 1 DESIRED 0.3 0.5 5. 16. -45. 805. 2.
56.812 1 PONG 
56.823 1 ATTITUDE 0.288086 -0.43335 -0.453125
56.826 1 IMU_ACCEL -0.413086 -2.313477 9.242188
56.923 1 ATTITUDE 0.287598 -0.436035 -0.453369
56.929 1 DESIRED 0.3 0.5 5. 16. -45. 805. 2.
56.934 1 GPS 0 1130805120 0 0 -17000 0 0 0 44250 12 1
56.937 1 IMU_MAG -0.367188 0.237305 -0.060059
56.940 1 GPS_SOL 795627328 100110 9999 0
56.957 1 NAVIGATION 0 2 10801716. -3566302. 1.29394907546e+14 1.29395570246e+14 0 0
57.023 1 ATTITUDE 0.287598 -0.438721 -0.453613
57.027 1 ESTIMATOR -17. 4e-06
57.123 1 ATTITUDE 0.28833 -0.442139 -0.453125
57.129 1 DESIRED 0.3 0.5 5. 16. -45. 805. 2.
57.132 1 WP_MOVED 0 506377. 3566344. 900. 12
57.135 1 IMU_GYRO -0.019043 0.003174 0.02002
57.140 1 NAVIGATION 0 2 10801716. -3566302. 1.29394907546e+14 1.29395570246e+14 0 0
57.142 1 CALIBRATION -150. 0
57.175 1 GPS 0 1130805120 0 0 -17000 0 0 0 44500 12 2
57.208 1 NAVIGATION 0 2 10801716. -3566302. 1.29394907546e+14 1.29395570246e+14 0 0
57.223 1 ATTITUDE 0.288818 -0.445068 -0.452881
57.224 1 STATE_FILTER_STATUS 3 0
57.305 1 COMMANDS 0,-68,-5239,0
57.324 1 ATTITUDE 0.289795 -0.447998 -0.452393
57.324 1 DOWNLINK_STATUS 31 25502 1145 0 841. 39. 2.81
57.329 1 DESIRED 0.3 0.5 5. 16. -45. 805. 2.
57.406 1 ACTUATORS 1000,1716,1281,1500
57.423 1 ATTITUDE 0.289062 -0.449463 -0.452881
57.428 1 GPS 0 1130805120 0 0 -17000 0 0 0 44750 12 3
57.457 1 NAVIGATION 0 2 10801716. -3566302. 1.29394907546e+14 1.29395570246e+14 0 0
57.523 1 ATTITUDE 0.289307 -0.451172 -0.452881
57.529 1 DESIRED 0.3 0.5 5. 16. -45. 805. 2.
57.531 1 ESTIMATOR -16.999998 3e-06
57.535 1 BAT 0 0 0 0 1 45 45 0
57.624 1 ATTITUDE 0.290039 -0.453369 -0.452637
57.626 1 WP_MOVED 1 506335. 3566302. 765. 12
57.630 1 IMU_ACCEL -0.499023 -2.298828 9.336914
57.675 1 GPS 0 1130805120 0 0 -17000 0 0 0 45250 12 4
57.708 1 NAVIGATION 0 2 10801716. -3566302. 1.29394907546e+14 1.29395570246e+14 0 0
57.723 1 ATTITUDE 0.289795 -0.455322 -0.452637
57.729 1 DESIRED 0.3 0.5 5. 16. -45. 805. 2.
57.732 1 IMU_GYRO -0.012695 0.003174 0.012695
57.823 1 ATTITUDE 0.289307 -0.456299 -0.452881
57.825 1 DL_VALUE 6 100.
57.923 1 ATTITUDE 0.289307 -0.458008 -0.452881
57.929 1 DESIRED 0.3 0.5 5. 16. -45. 805. 2.
57.934 1 GPS 0 1130805120 0 0 -17000 0 0 0 45250 12 5
57.957 1 NAVIGATION 0 2 10801716. -3566302. 1.29394907546e+14 1.29395570246e+14 0 0
58.023 1 ATTITUDE 0.289795 -0.460205 -0.452637
58.025 1 ESTIMATOR -16.999998 3e-06
58.123 1 ATTITUDE 0.289062 -0.461182 -0.453125
58.129 1 DESIRED 0.3 0.5 5. 16. -45. 805. 2.
58.132 1 WP_MOVED 2 506254.8125 3566257.5 815. 12
58.137 1 NAVIGATION 0 2 10801716. -3566302. 1.29394907546e+14 1.29395570246e+14 0 0
58.175 1 GPS 0 1130805120 0 0 -17000 0 0 0 45500 12 6
58.205 1 FBW_STATUS 2 0 1 0 0
58.211 1 NAVIGATION 0 2 10801716. -3566302. 1.29394907546e+14 1.29395570246e+14 0 0
58.223 1 ATTITUDE 0.288818 -0.462158 -0.453125
58.228 1 IMU_MAG -0.369629 0.239746 -0.057129
58.324 1 ATTITUDE 0.290283 -0.464844 -0.452881
58.324 1 DOWNLINK_STATUS 32 26296 1180 0 794. 35. 2.81
58.329 1 DESIRED 0.3 0.5 5. 16. -45. 805. 2.
58.332 1 IMU_GYRO -0.027588 0.003174 0.023193
58.335 1 ENERGY 0. 0. 0 0.
58.423 1 ATTITUDE 0.29126 -0.467285 -0.452148
58.428 1 GPS 0 1130805120 0 0 -17000 0 0 0 46000 12 7
58.432 1 IMU_ACCEL -0.451172 -2.28418 9.204102
58.436 1 ALIVE 74,126,127,122,159,84,163,99,82,202,247,254,106,121,173,37
58.457 1 NAVIGATION 0 2 10801716. -3566302. 1.29394907546e+14 1.29395570246e+14 0 0
58.523 1 ATTITUDE 0.291016 -0.468262 -0.451904
58.529 1 DESIRED 0.3 0.5 5. 16. -45. 805. 2.
58.531 1 ESTIMATOR -16.999998 2e-06
58.533 1 PPRZ_MODE 4 1 2 0 0 6
58.623 1 ATTITUDE 0.291016 -0.470215 -0.452148
58.626 1 WP_MOVED 3 506350.5 3566257. 805. 12
58.630 1 BAT 0 0 0 0 1 46 46 0
58.675 1 GPS 0 1130805120 0 0 -17000 0 0 0 46250 12 8
58.708 1 NAVIGATION 0 2 10801716. -3566302. 1.29394907546e+14 1.29395570246e+14 0 0
58.723 1 ATTITUDE 0.29126 -0.472168 -0.452148
58.730 1 DESIRED 0.3 0.5 5. 16. -45. 805. 2.
58.824 1 ATTITUDE 0.290771 -0.473389 -0.452393
58.825 1 NAVIGATION_REF 506335 3566302 12
58.923 1 ATTITUDE 0.290771 -0.475098 -0.452148
58.928 1 DESIRED 0.3 0.5 5. 16. -45. 805. 2.
58.934 1 GPS 0 1130805120 0 0 -17000 0 0 0 46250 12 9
58.937 1 IMU_GYRO -0.008301 -0.000977 0.015869
58.940 1 GPS_SOL 795628864 100115 9999 0
58.958 1 NAVIGATION 0 2 10801716. -3566302. 1.29394907546e+14 1.29395570246e+14 0 0
59.023 1 ATTITUDE 0.290771 -0.476562 -0.452148
59.025 1 ESTIMATOR -16.999998 2e-06
59.036 1 WIND_INFO 1 42 0. 0. 0.
59.123 1 ATTITUDE 0.290771 -0.477783 -0.452148
59.130 1 DESIRED 0.3 0.5 5. 16. -45. 805. 2.
59.132 1 WP_MOVED 4 506374.40625 3566337.75 805. 12
59.137 1 NAVIGATION 0 2 10801716. -3566302. 1.29394907546e+14 1.29395570246e+14 0 0
59.175 1 GPS 0 1130805120 0 0 -17000 0 0 0 46500 12 10
59.208 1 NAVIGATION 0 2 10801716. -3566302. 1.29394907546e+14 1.29395570246e+14 0 0
59.224 1 ATTITUDE 0.291504 -0.479248 -0.451904
59.226 1 IMU_ACCEL -0.499023 -2.308594 9.255859
59.229 1 CALIBRATION -150. 0
59.323 1 ATTITUDE 0.29126 -0.480469 -0.451904
59.324 1 DOWNLINK_STATUS 33 27166 1219 0 870. 39. 2.81
59.328 1 DESIRED 0.3 0.5 5. 16. -45. 805. 2.
59.330 1 DL_VALUE 7 4.
59.423 1 ATTITUDE 0.291016 -0.480957 -0.451904
59.428 1 GPS 0 1130805120 0 0 -17000 0 0 0 46750 12 11
59.430 1 STATE_FILTER_STATUS 3 0
59.457 1 NAVIGATION 0 2 10801716. -3566302. 1.29394907546e+14 1.29395570246e+14 0 0
59.523 1 ATTITUDE 0.29126 -0.482178 -0.451904
59.528 1 DESIRED 0.3 0.5 5. 16. -45. 805. 2.
59.531 1 ESTIMATOR -16.999998 1e-06
59.534 1 IMU_GYRO -0.014893 0. 0.019043
59.537 1 IMU_MAG -0.37207 0.231445 -0.057129
59.623 1 ATTITUDE 0.291748 -0.483154 -0.45166
59.626 1 WP_MOVED 5 506402.3125 3566363.25 820. 12
59.628 1 DOWNLINK 4 819 1752
59.675 1 GPS 0 1130805120 0 0 -17000 0 0 0 47250 12 12
59.707 1 NAVIGATION 0 2 10801716. -3566302. 1.29394907546e+14 1.29395570246e+14 0 0
59.724 1 ATTITUDE 0.291748 -0.483887 -0.451416
59.728 1 DESIRED 0.3 0.5 5. 16. -45. 805. 2.
59.733 1 BAT 0 0 0 0 1 47 47 0
59.823 1 ATTITUDE 0.291748 -0.484863 -0.451416
59.923 1 ATTITUDE 0.29126 -0.485107 -0.45166
59.928 1 DESIRED 0.3 0.5 5. 16. -45. 805. 2.
59.934 1 GPS 0 1130805120 0 0 -17000 0 0 0 47250 12 13
59.957 1 NAVIGATION 0 2 10801716. -3566302. 1.29394907546e+14 1.29395570246e+14 0 0
60.023 1 ATTITUDE 0.29126 -0.485596 -0.451904
60.025 1 ESTIMATOR -16.999998 0.
60.028 1 IMU_ACCEL -0.421875 -2.327148 9.255859
60.123 1 ATTITUDE 0.290527 -0.485596 -0.452148
60.128 1 DESIRED 0.3 0.5 5. 16. -45. 805. 2.
60.132 1 WP_MOVED 6 506374.40625 3566337.75 820. 12
60.135 1 IMU_GYRO -0.010498 0.001953 0.016846
60.140 1 NAVIGATION 0 2 10801716. -3566302. 1.29394907546e+14 1.29395570246e+14 0 0
60.175 1 GPS 0 1130805120 0 0 -17000 0 0 0 47500 12 14
60.205 1 FBW_STATUS 2 0 1 0 0
60.210 1 NAVIGATION 0 2 10801716. -3566302. 1.29394907546e+14 1.29395570246e+14 0 0
60.226 1 ATTITUDE 0.289062 -0.485352 -0.452637
60.323 1 ATTITUDE 0.289307 -0.486572 -0.452637
60.325 1 DOWNLINK_STATUS 34 27983 1256 0 817. 37. 2.81
60.328 1 DESIRED 0.3 0.5 5. 16. -45. 805. 2.
60.423 1 ATTITUDE 0.290771 -0.488525 -0.452148
60.428 1 GPS 0 1130805120 0 0 -17000 0 0 0 48000 12 15
60.457 1 NAVIGATION 0 2 10801716. -3566302. 1.29394907546e+14 1.29395570246e+14 0 0
60.523 1 ATTITUDE 0.292236 -0.490723 -0.451172
60.528 1 DESIRED 0.3 0.5 5. 16. -45. 805. 2.
60.531 1 ESTIMATOR -16.999998 -0.
60.623 1 ATTITUDE 0.29126 -0.490967 -0.451416
60.626 1 WP_MOVED 7 506350.5 3566270.75 805. 12
60.675 1 GPS 0 1130805120 0 0 -17000 0 0 0 48250 12 16
60.707 1 NAVIGATION 0 2 10801716. -3566302. 1.29394907546e+14 1.29395570246e+14 0 0
60.726 1 ATTITUDE 0.291016 -0.491699 -0.45166
60.729 1 DESIRED 0.3 0.5 5. 16. -45. 805. 2.
60.732 1 IMU_GYRO -0.023193 0.001953 0.018066
60.823 1 ATTITUDE 0.291748 -0.493164 -0.451172
60.826 1 IMU_ACCEL -0.456055 -2.317383 9.275391
60.829 1 BAT 0 0 0 0 1 48 48 0
60.832 1 IMU_MAG -0.369629 0.248535 -0.054199
60.834 1 DL_VALUE 8 1.
60.838 1 ENERGY 0. 0. 0 0.
60.923 1 ATTITUDE 0.29248 -0.494141 -0.450928
60.928 1 DESIRED 0.3 0.5 5. 16. -45. 805. 2.
60.934 1 GPS 0 1130805120 0 0 -17000 0 0 0 48250 12 1
60.937 1 GPS_SOL 795630464 100121 9999 0
60.957 1 NAVIGATION 0 2 10801716. -3566302. 1.29394907546e+14 1.29395570246e+14 0 0
61.022 1 ATTITUDE 0.291992 -0.494385 -0.450928
61.025 1 ESTIMATOR -16.999998 -1e-06
61.122 1 ATTITUDE 0.291748 -0.494873 -0.451172
61.128 1 DESIRED 0.3 0.5 5. 16. -45. 805. 2.
61.132 1 WP_MOVED 8 506254.8125 3566257.5 815. 12
61.136 1 NAVIGATION 0 2 10801716. -3566302. 1.29394907546e+14 1.29395570246e+14 0 0
61.175 1 GPS 0 1130805120 0 0 -17000 0 0 0 48500 12 2
61.207 1 NAVIGATION 0 2 10801716. -3566302. 1.29394907546e+14 1.29395570246e+14 0 0
61.227 1 ATTITUDE 0.291748 -0.495605 -0.451172
61.322 1 ATTITUDE 0.291504 -0.496094 -0.450928
61.325 1 DOWNLINK_STATUS 35 28785 1291 0 802. 35. 2.81
61.328 1 DESIRED 0.3 0.5 5. 16. -45. 805. 2.
61.332 1 IMU_GYRO -0.010498 0. 0.015869
61.333 1 CALIBRATION -150. 0
61.422 1 ATTITUDE 0.291748 -0.496582 -0.450928
61.428 1 GPS 0 1130805120 0 0 -17000 0 0 0 48750 12 3
61.457 1 NAVIGATION 0 2 10801716. -3566302. 1.29394907546e+14 1.29395570246e+14 0 0
61.522 1 ATTITUDE 0.291504 -0.497314 -0.450928
61.528 1 DESIRED 0.3 0.5 5. 16. -45. 805. 2.
61.531 1 ESTIMATOR -16.999998 -1e-06
61.622 1 ATTITUDE 0.291748 -0.498047 -0.450928
61.626 1 WP_MOVED 9 506213.8125 3566287.5 815. 12
61.629 1 IMU_ACCEL -0.503906 -2.289062 9.24707
61.631 1 STATE_FILTER_STATUS 3 0
61.675 1 GPS 0 1130805120 0 0 -17000 0 0 0 49250 12 4
61.707 1 NAVIGATION 0 2 10801716. -3566302. 1.29394907546e+14 1.29395570246e+14 0 0
61.728 1 ATTITUDE 0.29248 -0.499268 -0.450684
61.728 1 DESIRED 0.3 0.5 5. 16. -45. 805. 2.
61.812 1 PONG 
61.822 1 ATTITUDE 0.293213 -0.499512 -0.450439
61.922 1 ATTITUDE 0.293457 -0.5 -0.450195
61.928 1 DESIRED 0.3 0.5 5. 16. -45. 805. 2.
61.934 1 GPS 0 1130805120 0 0 -17000 0 0 0 49250 12 5
61.937 1 IMU_GYRO -0.016846 0.003174 0.018066
61.941 1 BAT 0 0 0 0 1 49 49 0
61.957 1 NAVIGATION 0 2 10801716. -3566302. 1.29394907546e+14 1.29395570246e+14 0 0
62.022 1 ATTITUDE 0.293213 -0.500244 -0.450195
62.025 1 ESTIMATOR -16.999998 -2e-06
62.122 1 ATTITUDE 0.293213 -0.500732 -0.450195
62.128 1 DESIRED 0.3 0.5 5. 16. -45. 805. 2.
62.132 1 WP_MOVED 0 506377. 3566344. 900. 12
62.137 1 NAVIGATION 0 2 10801716. -3566302. 1.29394907546e+14 1.29395570246e+14 0 0
62.139 1 IMU_MAG -0.362305 0.254395 -0.060059
62.175 1 GPS 0 1130805120 0 0 -17000 0 0 0 49500 12 6
62.205 1 FBW_STATUS 2 0 1 0 0
62.210 1 NAVIGATION 0 2 10801716. -3566302. 1.29394907546e+14 1.29395570246e+14 0 0
62.222 1 ATTITUDE 0.293457 -0.501709 -0.450195
62.305 1 COMMANDS 0,-39,-5224,0
62.322 1 ATTITUDE 0.294189 -0.502686 -0.449707
62.325 1 DOWNLINK_STATUS 36 29612 1329 0 827. 38. 2.54
62.328 1 DESIRED 0.3 0.5 5. 16. -45. 805. 2.
62.330 1 DL_VALUE 9 1.
62.405 1 ACTUATORS 1000,1716,1282,1500
62.422 1 ATTITUDE 0.293701 -0.503174 -0.449951
62.428 1 GPS 0 1130805120 0 0 -17000 0 0 0 50000 12 7
62.431 1 IMU_ACCEL -0.446289 -2.332031 9.24707
62.457 1 NAVIGATION 0 2 10801716. -3566302. 1.29394907546e+14 1.29395570246e+14 0 0
62.522 1 ATTITUDE 0.293213 -0.503418 -0.450195
62.528 1 DESIRED 0.3 0.5 5. 16. -45. 805. 2.
62.534 1 ESTIMATOR -16.999998 -2e-06
62.534 1 IMU_GYRO -0.016846 0.003174 0.012695
62.622 1 ATTITUDE 0.293213 -0.503906 -0.450439
62.629 1 WP_MOVED 1 506335. 3566302. 765. 12
62.675 1 GPS 0 1130805120 0 0 -17000 0 0 0 50250 12 8
62.707 1 NAVIGATION 0 2 10801716. -3566302. 1.29394907546e+14 1.29395570246e+14 0 0
62.722 1 ATTITUDE 0.293701 -0.505127 -0.450439
62.729 1 DESIRED 0.3 0.5 5. 16. -45. 805. 2.
62.822 1 ATTITUDE 0.293945 -0.505615 -0.450439
62.924 1 ATTITUDE 0.294434 -0.506592 -0.449951
62.928 1 DESIRED 0.3 0.5 5. 16. -45. 805. 2.
62.934 1 GPS 0 1130805120 0 0 -17000 0 0 0 50250 12 9
62.937 1 GPS_SOL 795632128 100127 9999 0
62.957 1 NAVIGATION 0 2 10801716. -3566302. 1.29394907546e+14 1.29395570246e+14 0 0
63.022 1 ATTITUDE 0.294922 -0.507812 -0.449951
63.025 1 ESTIMATOR -16.999998 -3e-06
63.028 1 BAT 0 0 0 0 1 50 50 0
63.122 1 ATTITUDE 0.29541 -0.508301 -0.449707
63.129 1 DESIRED 0.3 0.5 5. 16. -45. 805. 2.
63.132 1 WP_MOVED 2 506254.8125 3566257.5 815. 12
63.135 1 IMU_GYRO -0.019043 0.001953 0.019043
63.139 1 NAVIGATION 0 2 10801716. -3566302. 1.29394907546e+14 1.29395570246e+14 0 0
63.175 1 GPS 0 1130805120 0 0 -17000 0 0 0 50500 12 10
63.208 1 NAVIGATION 0 2 10801716. -3566302. 1.29394907546e+14 1.29395570246e+14 0 0
63.222 1 ATTITUDE 0.297363 -0.510254 -0.448975
63.231 1 IMU_ACCEL -0.446289 -2.379883 9.260742
63.322 1 ATTITUDE 0.298828 -0.511719 -0.448242
63.325 1 DOWNLINK_STATUS 37 30427 1365 0 815. 36. 2.54
63.328 1 DESIRED 0.3 0.5 5. 16. -45. 805. 2.
63.336 1 ENERGY 0. 0. 0 0.
63.422 1 ATTITUDE 0.299561 -0.512939 -0.447998
63.428 1 GPS 0 1130805120 0 0 -17000 0 0 0 50750 12 11
63.431 1 IMU_MAG -0.364746 0.245605 -0.054199
63.433 1 CALIBRATION -150. 0
63.437 1 ALIVE 74,126,127,122,159,84,163,99,82,202,247,254,106,121,173,37
63.458 1 NAVIGATION 0 2 10801716. -3566302. 1.29394907546e+14 1.29395570246e+14 0 0
63.522 1 ATTITUDE 0.299316 -0.512695 -0.447998
63.530 1 DESIRED 0.3 0.5 5. 16. -45. 805. 2.
63.531 1 ESTIMATOR -16.999998 -4e-06
63.533 1 PPRZ_MODE 4 1 2 0 0 6
63.622 1 ATTITUDE 0.299316 -0.512695 -0.447754
63.626 1 WP_MOVED 3 506350.5 3566257. 805. 12
63.675 1 GPS 0 1130805120 0 0 -17000 0 0 0 51250 12 12
63.707 1 NAVIGATION 0 2 10801716. -3566302. 1.29394907546e+14 1.29395570246e+14 0 0
63.722 1 ATTITUDE 0.298096 -0.511475 -0.447998
63.732 1 DESIRED 0.3 0.5 5. 16. -45. 805. 2.
63.732 1 IMU_GYRO -0.008301 0.001953 0.010498
63.822 1 ATTITUDE 0.297119 -0.510498 -0.448486
63.824 1 DL_VALUE 10 0.
63.826 1 STATE_FILTER_STATUS 3 0
63.922 1 ATTITUDE 0.297363 -0.510986 -0.44873
63.928 1 DESIRED 0.3 0.5 5. 16. -45. 805. 2.
63.934 1 GPS 0 1130805120 0 0 -17000 0 0 0 51250 12 13
63.957 1 NAVIGATION 0 2 10801716. -3566302. 1.29394907546e+14 1.29395570246e+14 0 0
64.022 1 ATTITUDE 0.30249 -0.515137 -0.447266
64.025 1 ESTIMATOR -17. -4e-06
64.028 1 IMU_ACCEL -0.581055 -2.495117 9.21875
64.122 1 ATTITUDE 0.306152 -0.519287 -0.445557
64.128 1 DESIRED 0.3 0.5 5. 16. -45. 805. 2.
64.132 1 WP_MOVED 4 506374.40625 3566337.75 805. 12
64.136 1 NAVIGATION 0 2 10801716. -3566302. 1.29394907546e+14 1.29395570246e+14 0 0
64.140 1 BAT 0 0 0 0 1 51 51 0
64.175 1 GPS 0 1130805120 0 0 -17000 0 0 0 51500 12 14
64.205 1 FBW_STATUS 2 0 1 0 0
64.209 1 NAVIGATION 0 2 10801716. -3566302. 1.29394907546e+14 1.29395570246e+14 0 0
64.222 1 ATTITUDE 0.307617 -0.521484 -0.445068
64.322 1 ATTITUDE 0.312012 -0.526123 -0.443115
64.326 1 DOWNLINK_STATUS 38 31281 1404 0 854. 39. 2.54
64.328 1 DESIRED 0.3 0.5 5. 16. -45. 805. 2.
64.331 1 IMU_GYRO -0.05957 0.012695 0.032959
64.422 1 ATTITUDE 0.313965 -0.529541 -0.44165
64.428 1 GPS 0 1130805120 0 0 -17000 0 0 0 52000 12 15
64.457 1 NAVIGATION 0 2 10801716. -3566302. 1.29394907546e+14 1.29395570246e+14 0 0
64.522 1 ATTITUDE 0.312988 -0.530273 -0.441895
64.528 1 DESIRED 0.3 0.5 5. 16. -45. 805. 2.
64.531 1 ESTIMATOR -17.000002 -3e-06
64.622 1 ATTITUDE 0.310791 -0.530029 -0.442627
64.626 1 WP_MOVED 5 506402.3125 3566363.25 820. 12
64.675 1 GPS 0 1130805120 0 0 -17000 0 0 0 52250 12 16
64.707 1 NAVIGATION 0 2 10801716. -3566302. 1.29394907546e+14 1.29395570246e+14 0 0
64.722 1 ATTITUDE 0.308594 -0.530762 -0.443359
64.732 1 DESIRED 0.3 0.5 5. 16. -45. 805. 2.
64.732 1 IMU_MAG -0.357422 0.263184 -0.037109
64.734 1 DOWNLINK 4 824 1939
64.822 1 ATTITUDE 0.292725 -0.525146 -0.451172
64.825 1 IMU_ACCEL -0.393555 -2.389648 9.792969
64.922 1 ATTITUDE 0.250977 -0.505615 -0.471191
64.928 1 DESIRED 0.3 0.5 5. 16. -45. 805. 2.
64.934 1 GPS 0 1130805120 0 0 -17000 0 0 0 52250 12 1
64.937 1 IMU_GYRO 0.297852 -0.101074 0.022217
64.940 1 GPS_SOL 795633856 100132 9999 0
64.957 1 NAVIGATION 0 2 10801716. -3566302. 1.29394907546e+14 1.29395570246e+14 0 0
65.022 1 ATTITUDE 0.22168 -0.487549 -0.485352
65.025 1 ESTIMATOR -17.000002 -3e-06
65.122 1 ATTITUDE 0.186768 -0.462646 -0.500488
65.128 1 DESIRED 0.3 0.5 5. 16. -45. 805. 2.
65.132 1 WP_MOVED 6 506374.40625 3566337.75 820. 12
65.136 1 NAVIGATION 0 2 10801716. -3566302. 1.29394907546e+14 1.29395570246e+14 0 0
65.175 1 GPS 0 1130805120 0 0 -17000 0 0 0 52500 12 2
65.207 1 NAVIGATION 0 2 10801716. -3566302. 1.29394907546e+14 1.29395570246e+14 0 0
65.222 1 ATTITUDE 0.179688 -0.450928 -0.504639
65.226 1 BAT 0 0 0 0 1 53 53 0
65.322 1 ATTITUDE 0.172363 -0.4375 -0.508789
65.326 1 DOWNLINK_STATUS 39 32081 1439 0 800. 35. 2.54
65.328 1 DESIRED 0.3 0.5 5. 16. -45. 805. 2.
65.330 1 DL_VALUE 11 1.
65.422 1 ATTITUDE 0.164062 -0.422607 -0.512207
65.428 1 GPS 0 1130805120 0 0 -17000 0 0 0 53000 12 3
65.457 1 NAVIGATION 0 2 10801716. -3566302. 1.29394907546e+14 1.29395570246e+14 0 0
65.522 1 ATTITUDE 0.16748 -0.414551 -0.511719
65.528 1 DESIRED 0.3 0.5 5. 16. -45. 805. 2.
65.531 1 ESTIMATOR -17.000002 -2e-06
65.534 1 IMU_GYRO -0.044678 0.009521 0.015869
65.536 1 CALIBRATION -150. 0
65.622 1 ATTITUDE 0.168457 -0.405762 -0.511475
65.626 1 WP_MOVED 7 506350.5 3566270.75 805. 12
65.629 1 IMU_ACCEL 0.023438 -1.199219 8.686523
65.645 1 SETTING 1 7 2.
65.650 1 DL_VALUE 7 2.
65.657 1 PPRZ_MODE 3 1 2 0 0 6
65.675 1 GPS 0 1130805120 0 0 -17000 0 0 0 53250 12 4
65.704 1 PPRZ_MODE 4 1 2 0 0 6
65.709 1 NAVIGATION 0 2 10801716. -3566302. 1.29394907546e+14 1.29395570246e+14 0 0
65.722 1 ATTITUDE 0.194092 -0.409668 -0.500977
65.733 1 DESIRED 0.3 0.5 5. 16. -45. 805. 2.
65.822 1 ATTITUDE 0.206055 -0.410889 -0.494141
65.826 1 ENERGY 0. 0. 0 0.
65.922 1 ATTITUDE 0.197998 -0.4021 -0.497314
65.928 1 DESIRED 0.3 0.5 5. 16. -45. 805. 2.
65.934 1 GPS 0 1130805120 0 0 -17000 0 0 0 53250 12 5
65.957 1 NAVIGATION 0 2 10801716. -3566302. 1.29394907546e+14 1.29395570246e+14 0 0
66.022 1 ATTITUDE 0.190918 -0.392334 -0.500732
66.025 1 ESTIMATOR -17.000002 -2e-06
66.028 1 IMU_MAG -0.398926 0.15625 -0.117676
66.029 1 STATE_FILTER_STATUS 3 0
66.122 1 ATTITUDE 0.189697 -0.385498 -0.500977
66.128 1 DESIRED 0.3 0.5 5. 16. -45. 805. 2.
66.132 1 WP_MOVED 8 506254.8125 3566257.5 815. 12
66.135 1 IMU_GYRO 0.051025 -0.02124 0.010498
66.139 1 NAVIGATION 0 2 10801716. -3566302. 1.29394907546e+14 1.29395570246e+14 0 0
66.175 1 GPS 0 1130805120 0 0 -17000 0 0 0 53500 12 6
66.207 1 NAVIGATION 0 2 10801716. -3566302. 1.29394907546e+14 1.29395570246e+14 0 0
66.209 1 FBW_STATUS 2 0 1 0 0
66.222 1 ATTITUDE 0.184082 -0.376221 -0.503662
66.322 1 ATTITUDE 0.193359 -0.373779 -0.500244
66.326 1 DOWNLINK_STATUS 40 32933 1479 0 852. 40. 2.54
66.328 1 DESIRED 0.3 0.5 5. 16. -45. 805. 2.
66.332 1 BAT 0 0 0 0 1 54 54 0
66.422 1 ATTITUDE 0.203857 -0.368652 -0.497314
66.428 1 GPS 0 1130805120 0 0 -17000 0 0 0 54000 12 7
66.431 1 IMU_ACCEL -0.21582 -1.535156 9.826172
66.457 1 NAVIGATION 0 2 10801716. -3566302. 1.29394907546e+14 1.29395570246e+14 0 0
66.522 1 ATTITUDE 0.202148 -0.35791 -0.49707
66.528 1 DESIRED 0.3 0.5 5. 16. -45. 805. 2.
66.531 1 ESTIMATOR -17.000002 -1e-06
66.622 1 ATTITUDE 0.200684 -0.35376 -0.49707
66.626 1 WP_MOVED 9 506213.8125 3566287.5 815. 12
66.675 1 GPS 0 1130805120 0 0 -17000 0 0 0 54250 12 8
66.707 1 NAVIGATION 0 2 10801716. -3566302. 1.29394907546e+14 1.29395570246e+14 0 0
66.722 1 ATTITUDE 0.197266 -0.350098 -0.498291
66.735 1 DESIRED 0.3 0.5 5. 16. -45. 805. 2.
66.735 1 IMU_GYRO 0.012695 -0.006348 0.026367
66.813 1 PONG 
66.822 1 ATTITUDE 0.191162 -0.345459 -0.500977
66.824 1 DL_VALUE 0 0.
66.922 1 ATTITUDE 0.181641 -0.337402 -0.505371
66.928 1 DESIRED 0.3 0.5 5. 16. -45. 805. 2.
66.934 1 GPS 0 1130805120 0 0 -17000 0 0 0 54250 12 9
66.937 1 GPS_SOL 795635648 100138 9999 0
66.957 1 NAVIGATION 0 2 10801716. -3566302. 1.29394907546e+14 1.29395570246e+14 0 0
67.022 1 ATTITUDE 0.172363 -0.328125 -0.509033
67.025 1 ESTIMATOR -17.000002 -0.
67.122 1 ATTITUDE 0.173096 -0.322754 -0.509033
67.128 1 DESIRED 0.3 0.5 5. 16. -45. 805. 2.
67.132 1 WP_MOVED 0 506377. 3566344. 900. 12
67.136 1 NAVIGATION 0 2 10801716. -3566302. 1.29394907546e+14 1.29395570246e+14 0 0
67.175 1 GPS 0 1130805120 0 0 -17000 0 0 0 54500 12 10
67.207 1 NAVIGATION 0 2 10801716. -3566302. 1.29394907546e+14 1.29395570246e+14 0 0
67.222 1 ATTITUDE 0.175537 -0.318848 -0.508301
67.225 1 IMU_ACCEL -0.018555 -1.319336 9.569336
67.305 1 COMMANDS 0,-816,-5544,0
67.322 1 ATTITUDE 0.17627 -0.314453 -0.508057
67.327 1 DOWNLINK_STATUS 41 33736 1515 0 803. 36. 3.3
67.328 1 DESIRED 0.3 0.5 5. 16. -45. 805. 2.
67.331 1 IMU_GYRO -0.025391 0.007324 0.011475
67.334 1 IMU_MAG -0.408691 0.15625 -0.120605
67.405 1 ACTUATORS 1000,1711,1251,1500
67.422 1 ATTITUDE 0.177246 -0.310791 -0.507812
67.428 1 GPS 0 1130805120 0 0 -17000 0 0 0 54750 12 11
67.431 1 BAT 0 0 0 0 1 55 55 0
67.457 1 NAVIGATION 0 2 10801716. -3566302. 1.29394907546e+14 1.29395570246e+14 0 0
67.522 1 ATTITUDE 0.178223 -0.307861 -0.507568
67.528 1 DESIRED 0.3 0.5 5. 16. -45. 805. 2.
67.530 1 ESTIMATOR -17.000002 0.
67.622 1 ATTITUDE 0.177002 -0.303955 -0.508301
67.626 1 WP_MOVED 1 506335. 3566302. 765. 12
67.627 1 CALIBRATION -150. 0
67.675 1 GPS 0 1130805120 0 0 -17000 0 0 0 55250 12 12
67.707 1 NAVIGATION 0 2 10801716. -3566302. 1.29394907546e+14 1.29395570246e+14 0 0
67.722 1 ATTITUDE 0.176514 -0.300049 -0.508545
67.728 1 DESIRED 0.3 0.5 5. 16. -45. 805. 2.
67.822 1 ATTITUDE 0.17627 -0.296143 -0.508545
67.825 1 NAVIGATION_REF 506335 3566302 12
67.922 1 ATTITUDE 0.176514 -0.292969 -0.508545
67.928 1 DESIRED 0.3 0.5 5. 16. -45. 805. 2.
67.934 1 GPS 0 1130805120 0 0 -17000 0 0 0 55250 12 13
67.937 1 IMU_GYRO -0.014893 0.001953 0.011475
67.957 1 NAVIGATION 0 2 10801716. -3566302. 1.29394907546e+14 1.29395570246e+14 0 0
68.022 1 ATTITUDE 0.177002 -0.289795 -0.508301
68.025 1 ESTIMATOR -17.000002 1e-06
68.028 1 IMU_ACCEL 0.013672 -1.34375 9.536133
68.124 1 ATTITUDE 0.17627 -0.286377 -0.508789
68.128 1 DESIRED 0.3 0.5 5. 16. -45. 805. 2.
68.131 1 WP_MOVED 2 506254.8125 3566257.5 815. 12
68.136 1 NAVIGATION 0 2 10801716. -3566302. 1.29394907546e+14 1.29395570246e+14 0 0
68.176 1 GPS 0 1130805120 0 0 -17000 0 0 0 55500 12 14
68.205 1 FBW_STATUS 2 0 1 0 0
68.209 1 NAVIGATION 0 2 10801716. -3566302. 1.29394907546e+14 1.29395570246e+14 0 0
68.222 1 ATTITUDE 0.175781 -0.28418 -0.509033
68.224 1 STATE_FILTER_STATUS 3 0
68.322 1 ATTITUDE 0.174805 -0.281982 -0.509277
68.327 1 DOWNLINK_STATUS 42 34572 1553 0 836. 38. 3.3
68.328 1 DESIRED 0.3 0.5 5. 16. -45. 805. 2.
68.330 1 DL_VALUE 1 0.
68.333 1 ENERGY 0. 0. 0 0.
68.422 1 ATTITUDE 0.172852 -0.279541 -0.510254
68.428 1 GPS 0 1130805120 0 0 -17000 0 0 0 56000 12 15
68.432 1 ALIVE 74,126,127,122,159,84,163,99,82,202,247,254,106,121,173,37
68.457 1 NAVIGATION 0 2 10801716. -3566302. 1.29394907546e+14 1.29395570246e+14 0 0
68.522 1 ATTITUDE 0.173096 -0.277588 -0.510254
68.528 1 DESIRED 0.3 0.5 5. 16. -45. 805. 2.
68.530 1 ESTIMATOR -17.000002 1e-06
68.534 1 IMU_GYRO -0.008301 -0.001953 0.018066
68.537 1 BAT 0 0 0 0 1 56 56 0
68.539 1 PPRZ_MODE 4 1 2 0 0 6
68.622 1 ATTITUDE 0.172852 -0.274902 -0.510498
68.626 1 WP_MOVED 3 506350.5 3566257. 805. 12
68.631 1 IMU_MAG -0.40625 0.15332 -0.123535
68.675 1 GPS 0 1130805120 0 0 -17000 0 0 0 56250 12 16
68.707 1 NAVIGATION 0 2 10801716. -3566302. 1.29394907546e+14 1.29395570246e+14 0 0
68.722 1 ATTITUDE 0.173096 -0.272705 -0.510254
68.728 1 DESIRED 0.3 0.5 5. 16. -45. 805. 2.
68.822 1 ATTITUDE 0.173096 -0.270996 -0.51001
68.825 1 IMU_ACCEL -0.042969 -1.28125 9.398438
68.922 1 ATTITUDE 0.173096 -0.268555 -0.51001
68.928 1 DESIRED 0.3 0.5 5. 16. -45. 805. 2.
68.934 1 GPS 0 1130805120 0 0 -17000 0 0 0 56250 12 1
68.937 1 GPS_SOL 795637568 100144 9999 0
68.958 1 NAVIGATION 0 2 10801716. -3566302. 1.29394907546e+14 1.29395570246e+14 0 0
69.022 1 ATTITUDE 0.173584 -0.266602 -0.51001
69.024 1 ESTIMATOR -17.000002 2e-06
69.036 1 WIND_INFO 1 42 0. 0. 0.
69.122 1 ATTITUDE 0.17334 -0.264893 -0.51001
69.128 1 DESIRED 0.3 0.5 5. 16. -45. 805. 2.
69.131 1 WP_MOVED 4 506374.40625 3566337.75 805. 12
69.135 1 IMU_GYRO -0.023193 0.00415 0.016846
69.139 1 NAVIGATION 0 2 10801716. -3566302. 1.29394907546e+14 1.29395570246e+14 0 0
69.175 1 GPS 0 1130805120 0 0 -17000 0 0 0 56500 12 2
69.207 1 NAVIGATION 0 2 10801716. -3566302. 1.29394907546e+14 1.29395570246e+14 0 0
69.222 1 ATTITUDE 0.172607 -0.262451 -0.510254
69.322 1 ATTITUDE 0.172363 -0.260498 -0.510254
69.327 1 DOWNLINK_STATUS 43 35427 1591 0 855. 38. 3.3
69.328 1 DESIRED 0.3 0.5 5. 16. -45. 805. 2.
69.422 1 ATTITUDE 0.172363 -0.258545 -0.510498
69.428 1 GPS 0 1130805120 0 0 -17000 0 0 0 56750 12 3
69.457 1 NAVIGATION 0 2 10801716. -3566302. 1.29394907546e+14 1.29395570246e+14 0 0
69.522 1 ATTITUDE 0.172852 -0.256592 -0.510254
69.528 1 DESIRED 0.3 0.5 5. 16. -45. 805. 2.
69.530 1 ESTIMATOR -17.000002 3e-06
69.622 1 ATTITUDE 0.172119 -0.254395 -0.510254
69.625 1 WP_MOVED 5 506402.3125 3566363.25 820. 12
69.629 1 IMU_ACCEL 0.008789 -1.304688 9.474609
69.632 1 BAT 0 0 0 0 1 57 57 0
69.675 1 GPS 0 1130805120 0 0 -17000 0 0 0 57250 12 4
69.707 1 NAVIGATION 0 2 10801716. -3566302. 1.29394907546e+14 1.29395570246e+14 0 0
69.722 1 ATTITUDE 0.172363 -0.252197 -0.510498
69.728 1 DESIRED 0.3 0.5 5. 16. -45. 805. 2.
69.736 1 IMU_GYRO -0.02124 0.003174 0.015869
69.736 1 CALIBRATION -150. 0
69.748 1 SETTING 1 7 2.
69.753 1 DL_VALUE 7 2.
69.755 1 PPRZ_MODE 3 1 2 0 0 6
69.822 1 ATTITUDE 0.172607 -0.250488 -0.510498
69.824 1 DL_VALUE 2 805.
69.826 1 DOWNLINK 4 829 2132
69.922 1 ATTITUDE 0.172852 -0.248779 -0.510254
69.928 1 DESIRED 0.3 0.5 5. 16. -45. 805. 2.
69.934 1 GPS 0 1130805120 0 0 -17000 0 0 0 57250 12 5
69.937 1 IMU_MAG -0.40625 0.147461 -0.126465
69.954 1 PPRZ_MODE 4 1 2 0 0 6
69.960 1 NAVIGATION 0 2 10801716. -3566302. 1.29394907546e+14 1.29395570246e+14 0 0
70.022 1 ATTITUDE 0.173096 -0.247559 -0.510254
70.024 1 ESTIMATOR -17.000002 3e-06
70.122 1 ATTITUDE 0.171875 -0.246338 -0.510742
70.128 1 DESIRED 0.3 0.5 5. 16. -45. 805. 2.
70.131 1 WP_MOVED 6 506374.40625 3566337.75 820. 12
70.136 1 NAVIGATION 0 2 10801716. -3566302. 1.29394907546e+14 1.29395570246e+14 0 0
70.175 1 GPS 0 1130805120 0 0 -17000 0 0 0 57500 12 6
70.205 1 FBW_STATUS 2 0 1 0 0
70.209 1 NAVIGATION 0 2 10801716. -3566302. 1.29394907546e+14 1.29395570246e+14 0 0
70.222 1 ATTITUDE 0.17041 -0.244141 -0.51123
70.323 1 ATTITUDE 0.170654 -0.242432 -0.51123
70.328 1 DESIRED 0.3 0.5 5. 16. -45. 805. 2.
70.329 1 DOWNLINK_STATUS 44 36297 1631 0 870. 40. 3.3
70.331 1 IMU_GYRO -0.008301 0.000977 0.016846
70.422 1 ATTITUDE 0.171631 -0.241943 -0.510986
70.428 1 GPS 0 1130805120 0 0 -17000 0 0 0 58000 12 7
70.431 1 IMU_ACCEL -0.033203 -1.28125 9.545898
70.432 1 STATE_FILTER_STATUS 3 0
70.457 1 NAVIGATION 0 2 10801716. -3566302. 1.29394907546e+14 1.29395570246e+14 0 0
70.527 1 ATTITUDE 0.171387 -0.241699 -0.510986
70.528 1 DESIRED 0.3 0.5 5. 16. -45. 805. 2.
70.530 1 ESTIMATOR -17.000002 4e-06
70.622 1 ATTITUDE 0.169922 -0.23999 -0.51123
70.625 1 WP_MOVED 7 506350.5 3566270.75 805. 12
70.675 1 GPS 0 1130805120 0 0 -17000 0 0 0 58250 12 8
70.707 1 NAVIGATION 0 2 10801716. -3566302. 1.29394907546e+14 1.29395570246e+14 0 0
70.722 1 ATTITUDE 0.169189 -0.238525 -0.511475
70.728 1 DESIRED 0.3 0.5 5. 16. -45. 805. 2.
70.731 1 BAT 0 0 0 0 1 58 58 0
70.822 1 ATTITUDE 0.166748 -0.236084 -0.512695
70.825 1 ENERGY 0. 0. 0 0.
70.922 1 ATTITUDE 0.166016 -0.234863 -0.513184
70.928 1 DESIRED 0.3 0.5 5. 16. -45. 805. 2.
70.934 1 GPS 0 1130805120 0 0 -17000 0 0 0 58250 12 9
70.937 1 IMU_GYRO -0.029785 0.00415 0.022217
70.940 1 GPS_SOL 795639488 100149 9999 0
70.957 1 NAVIGATION 0 2 10801716. -3566302. 1.29394907546e+14 1.29395570246e+14 0 0
71.025 1 ATTITUDE 0.166748 -0.234375 -0.512939
71.025 1 ESTIMATOR -17. 4e-06
71.122 1 ATTITUDE 0.166504 -0.233398 -0.513184
71.128 1 DESIRED 0.3 0.5 5. 16. -45. 805. 2.
71.131 1 WP_MOVED 8 506254.8125 3566257.5 815. 12
71.136 1 NAVIGATION 0 2 10801716. -3566302. 1.29394907546e+14 1.29395570246e+14 0 0
71.174 1 GPS 0 1130805120 0 0 -17000 0 0 0 58500 12 10
71.207 1 NAVIGATION 0 2 10801716. -3566302. 1.29394907546e+14 1.29395570246e+14 0 0
71.222 1 ATTITUDE 0.16626 -0.232178 -0.513184
71.225 1 IMU_ACCEL 0.033203 -1.251953 9.479492
71.228 1 IMU_MAG -0.413574 0.15332 -0.126465
71.322 1 ATTITUDE 0.166016 -0.230957 -0.513184
71.328 1 DESIRED 0.3 0.5 5. 16. -45. 805. 2.
71.329 1 DOWNLINK_STATUS 45 37133 1668 0 836. 37. 3.3
71.330 1 DL_VALUE 3 0.
71.422 1 ATTITUDE 0.165527 -0.229004 -0.513428
71.428 1 GPS 0 1130805120 0 0 -17000 0 0 0 58750 12 11
71.457 1 NAVIGATION 0 2 10801716. -3566302. 1.29394907546e+14 1.29395570246e+14 0 0
71.522 1 ATTITUDE 0.165527 -0.227539 -0.513184
71.528 1 DESIRED 0.3 0.5 5. 16. -45. 805. 2.
71.530 1 ESTIMATOR -16.999998 3e-06
71.533 1 IMU_GYRO -0.023193 0.005127 0.019043
71.622 1 ATTITUDE 0.166016 -0.227051 -0.513184
71.625 1 WP_MOVED 9 506213.8125 3566287.5 815. 12
71.674 1 GPS 0 1130805120 0 0 -17000 0 0 0 59250 12 12
71.707 1 NAVIGATION 0 2 10801716. -3566302. 1.29394907546e+14 1.29395570246e+14 0 0
71.722 1 ATTITUDE 0.165771 -0.22583 -0.513184
71.728 1 DESIRED 0.3 0.5 5. 16. -45. 805. 2.
71.814 1 PONG 
71.822 1 ATTITUDE 0.165527 -0.224609 -0.513184
71.825 1 BAT 0 0 0 0 1 59 59 0
71.827 1 CALIBRATION -150. 0
71.922 1 ATTITUDE 0.165283 -0.224121 -0.513184
71.928 1 DESIRED 0.3 0.5 5. 16. -45. 805. 2.
71.933 1 GPS 0 1130805120 0 0 -17000 0 0 0 59250 12 13
71.957 1 NAVIGATION 0 2 10801716. -3566302. 1.29394907546e+14 1.29395570246e+14 0 0
72.022 1 ATTITUDE 0.165283 -0.222412 -0.513428
72.024 1 ESTIMATOR -16.999998 3e-06
72.027 1 IMU_ACCEL 0.003906 -1.238281 9.332031
72.031 1 SETTING 1 8 1.
72.039 1 DL_VALUE 8 1.
72.122 1 ATTITUDE 0.166504 -0.22168 -0.512695
72.128 1 DESIRED 0.3 0.5 5. 16. -45. 805. 2.
72.131 1 WP_MOVED 0 506377. 3566344. 900. 12
72.134 1 IMU_GYRO -0.010498 -0.001953 0.012695
72.139 1 NAVIGATION 0 2 10801716. -3566302. 1.29394907546e+14 1.29395570246e+14 0 0
72.174 1 GPS 0 1130805120 0 0 -17000 0 0 0 59500 12 14
72.204 1 FBW_STATUS 2 0 1 0 0
72.209 1 NAVIGATION 0 2 10801716. -3566302. 1.29394907546e+14 1.29395570246e+14 0 0
72.222 1 ATTITUDE 0.165771 -0.220703 -0.512939
72.305 1 COMMANDS 0,-890,-5574,0
72.322 1 ATTITUDE 0.164795 -0.219482 -0.513428
72.328 1 DESIRED 0.3 0.5 5. 16. -45. 805. 2.
72.330 1 DOWNLINK_STATUS 46 37955 1706 0 822. 38. 3.5
72.405 1 ACTUATORS 1000,1711,1247,1500
72.422 1 ATTITUDE 0.164307 -0.218994 -0.513428
72.428 1 GPS 0 1130805120 0 0 -17000 0 0 0 60000 12 15
72.456 1 NAVIGATION 0 2 10801716. -3566302. 1.29394907546e+14 1.29395570246e+14 0 0
72.522 1 ATTITUDE 0.164551 -0.218506 -0.513428
72.528 1 DESIRED 0.3 0.5 5. 16. -45. 805. 2.
72.532 1 ESTIMATOR -16.999998 2e-06
72.533 1 IMU_MAG -0.408691 0.150391 -0.129395
72.622 1 ATTITUDE 0.165039 -0.218262 -0.513184
72.625 1 WP_MOVED 1 506335. 3566302. 765. 12
72.627 1 STATE_FILTER_STATUS 3 0
72.674 1 GPS 0 1130805120 0 0 -17000 0 0 0 60250 12 16
72.706 1 NAVIGATION 0 2 10801716. -3566302. 1.29394907546e+14 1.29395570246e+14 0 0
72.722 1 ATTITUDE 0.164795 -0.217285 -0.513428
72.728 1 DESIRED 0.3 0.5 5. 16. -45. 805. 2.
72.731 1 IMU_GYRO -0.027588 0.005127 0.014893
72.822 1 ATTITUDE 0.166504 -0.217773 -0.512695
72.825 1 IMU_ACCEL 0.023438 -1.271484 9.436523
72.827 1 DL_VALUE 4 0.
72.922 1 ATTITUDE 0.166992 -0.218506 -0.512695
72.928 1 DESIRED 0.3 0.5 5. 16. -45. 805. 2.
72.933 1 GPS 0 1130805120 0 0 -17000 0 0 0 60250 12 1
72.937 1 BAT 0 0 0 0 1 60 60 0
72.940 1 GPS_SOL 795641472 100155 9999 0
72.957 1 NAVIGATION 0 2 10801716. -3566302. 1.29394907546e+14 1.29395570246e+14 0 0
73.022 1 ATTITUDE 0.166992 -0.219238 -0.512451
73.024 1 ESTIMATOR -16.999998 2e-06
73.122 1 ATTITUDE 0.168945 -0.220459 -0.511475
73.128 1 DESIRED 0.3 0.5 5. 16. -45. 805. 2.
73.131 1 WP_MOVED 2 506254.8125 3566257.5 815. 12
73.136 1 NAVIGATION 0 2 10801716. -3566302. 1.29394907546e+14 1.29395570246e+14 0 0
73.174 1 GPS 0 1130805120 0 0 -17000 0 0 0 60500 12 2
73.206 1 NAVIGATION 0 2 10801716. -3566302. 1.29394907546e+14 1.29395570246e+14 0 0
73.222 1 ATTITUDE 0.168945 -0.220215 -0.511719
73.322 1 ATTITUDE 0.168701 -0.220459 -0.511719
73.328 1 DESIRED 0.3 0.5 5. 16. -45. 805. 2.
73.330 1 DOWNLINK_STATUS 47 38761 1742 0 806. 36. 3.5
73.331 1 IMU_GYRO -0.008301 0. 0.023193
73.334 1 ENERGY 0. 0. 0 0.
73.422 1 ATTITUDE 0.167725 -0.219971 -0.511963
73.427 1 GPS 0 1130805120 0 0 -17000 0 0 0 60750 12 3
73.431 1 ALIVE 74,126,127,122,159,84,163,99,82,202,247,254,106,121,173,37
73.456 1 NAVIGATION 0 2 10801716. -3566302. 1.29394907546e+14 1.29395570246e+14 0 0
73.522 1 ATTITUDE 0.16748 -0.219482 -0.512207
73.528 1 DESIRED 0.3 0.5 5. 16. -45. 805. 2.
73.530 1 ESTIMATOR -16.999998 1e-06
73.532 1 PPRZ_MODE 4 1 2 0 0 6
73.622 1 ATTITUDE 0.166992 -0.218994 -0.512207
73.625 1 WP_MOVED 3 506350.5 3566257. 805. 12
73.628 1 IMU_ACCEL 0.013672 -1.238281 9.40332
73.674 1 GPS 0 1130805120 0 0 -17000 0 0 0 61250 12 4
73.706 1 NAVIGATION 0 2 10801716. -3566302. 1.29394907546e+14 1.29395570246e+14 0 0
73.722 1 ATTITUDE 0.166504 -0.218262 -0.512695
73.728 1 DESIRED 0.3 0.5 5. 16. -45. 805. 2.
73.822 1 ATTITUDE 0.166016 -0.217041 -0.512695
73.825 1 IMU_MAG -0.40625 0.147461 -0.114746
73.922 1 ATTITUDE 0.166016 -0.216797 -0.512695
73.928 1 DESIRED 0.3 0.5 5. 16. -45. 805. 2.
73.933 1 GPS 0 1130805120 0 0 -17000 0 0 0 61250 12 5
73.936 1 IMU_GYRO -0.010498 0.001953 0.015869
73.938 1 CALIBRATION -150. 0
73.956 1 NAVIGATION 0 2 10801716. -3566302. 1.29394907546e+14 1.29395570246e+14 0 0
74.022 1 ATTITUDE 0.166504 -0.217041 -0.512695
74.024 1 ESTIMATOR -16.999998 0.
74.028 1 BAT 0 0 0 0 1 61 61 0
74.122 1 ATTITUDE 0.166992 -0.216553 -0.512451
74.128 1 DESIRED 0.3 0.5 5. 16. -45. 805. 2.
74.131 1 WP_MOVED 4 506374.40625 3566337.75 805. 12
74.136 1 NAVIGATION 0 2 10801716. -3566302. 1.29394907546e+14 1.29395570246e+14 0 0
74.174 1 GPS 0 1130805120 0 0 -17000 0 0 0 61500 12 6
74.206 1 NAVIGATION 0 2 10801716. -3566302. 1.29394907546e+14 1.29395570246e+14 0 0
74.209 1 FBW_STATUS 2 0 1 0 0
74.222 1 ATTITUDE 0.166504 -0.216309 -0.512451
74.322 1 ATTITUDE 0.166748 -0.216797 -0.512451
74.328 1 DESIRED 0.3 0.5 5. 16. -45. 805. 2.
74.330 1 DL_VALUE 5 0.
74.330 1 DOWNLINK_STATUS 48 39624 1781 0 863. 39. 3.5
74.422 1 ATTITUDE 0.166748 -0.217041 -0.512207
74.428 1 GPS 0 1130805120 0 0 -17000 0 0 0 62000 12 7
74.431 1 IMU_ACCEL -0.02832 -1.256836 9.394531
74.456 1 NAVIGATION 0 2 10801716. -3566302. 1.29394907546e+14 1.29395570246e+14 0 0
74.522 1 ATTITUDE 0.16626 -0.216797 -0.512695
74.528 1 DESIRED 0.3 0.5 5. 16. -45. 805. 2.
74.530 1 ESTIMATOR -16.999998 -0.
74.533 1 IMU_GYRO -0.019043 0.000977 0.018066
74.622 1 ATTITUDE 0.165283 -0.216553 -0.512939
74.625 1 WP_MOVED 5 506402.3125 3566363.25 820. 12
74.674 1 GPS 0 1130805120 0 0 -17000 0 0 0 62250 12 8
74.706 1 NAVIGATION 0 2 10801716. -3566302. 1.29394907546e+14 1.29395570246e+14 0 0
74.722 1 ATTITUDE 0.165527 -0.217285 -0.512939
74.730 1 DESIRED 0.3 0.5 5. 16. -45. 805. 2.
74.822 1 ATTITUDE 0.165771 -0.217041 -0.512695
74.823 1 STATE_FILTER_STATUS 3 0
74.922 1 ATTITUDE 0.165283 -0.216064 -0.512939
74.928 1 DESIRED 0.3 0.5 5. 16. -45. 805. 2.
74.933 1 GPS 0 1130805120 0 0 -17000 0 0 0 62250 12 9
74.936 1 GPS_SOL 795643648 100160 9999 0
74.938 1 DOWNLINK 4 825 2321
74.956 1 NAVIGATION 0 2 10801716. -3566302. 1.29394907546e+14 1.29395570246e+14 0 0
75.022 1 ATTITUDE 0.164307 -0.215576 -0.513428
75.024 1 ESTIMATOR -16.999998 -1e-06
75.122 1 ATTITUDE 0.163086 -0.21582 -0.513916
75.129 1 DESIRED 0.3 0.5 5. 16. -45. 805. 2.
75.131 1 WP_MOVED 6 506374.40625 3566337.75 820. 12
75.135 1 IMU_GYRO 0.006348 -0.008301 0.02002
75.139 1 NAVIGATION 0 2 10801716. -3566302. 1.29394907546e+14 1.29395570246e+14 0 0
75.174 1 GPS 0 1130805120 0 0 -17000 0 0 0 62500 12 10
75.206 1 NAVIGATION 0 2 10801716. -3566302. 1.29394907546e+14 1.29395570246e+14 0 0
75.222 1 ATTITUDE 0.162354 -0.215332 -0.51416
75.225 1 IMU_ACCEL -0.003906 -1.233398 9.479492
75.322 1 ATTITUDE 0.159668 -0.212646 -0.515137
75.328 1 DESIRED 0.3 0.5 5. 16. -45. 805. 2.
75.331 1 DOWNLINK_STATUS 49 40413 1816 0 789. 35. 3.5
75.422 1 ATTITUDE 0.15918 -0.212158 -0.515381
75.427 1 GPS 0 1130805120 0 0 -17000 0 0 0 62750 12 11
75.456 1 NAVIGATION 0 2 10801716. -3566302. 1.29394907546e+14 1.29395570246e+14 0 0
75.522 1 ATTITUDE 0.15918 -0.21167 -0.515625
75.528 1 DESIRED 0.3 0.5 5. 16. -45. 805. 2.
75.530 1 ESTIMATOR -16.999998 -1e-06
75.622 1 ATTITUDE 0.15918 -0.210693 -0.515381
75.625 1 WP_MOVED 7 506350.5 3566270.75 805. 12
75.674 1 GPS 0 1130805120 0 0 -17000 0 0 0 63250 12 12
75.706 1 NAVIGATION 0 2 10801716. -3566302. 1.29394907546e+14 1.29395570246e+14 0 0
75.722 1 ATTITUDE 0.158691 -0.209229 -0.515625
75.728 1 DESIRED 0.3 0.5 5. 16. -45. 805. 2.
75.731 1 IMU_GYRO -0.025391 0.007324 0.018066
75.822 1 ATTITUDE 0.159668 -0.209473 -0.515137
75.824 1 DL_VALUE 6 100.
75.827 1 ENERGY 0. 0. 0 0.
75.922 1 ATTITUDE 0.160645 -0.209961 -0.514893
75.927 1 DESIRED 0.3 0.5 5. 16. -45. 805. 2.
