12.388 1 GPS 0 1130805120 0 0 -17000 0 0 0 82247750 12 8
12.405 1 NAVIGATION 0 1 10804865. -3567889. 1.2947394501e+14 1.29474934866e+14 0 0
12.436 1 ATTITUDE 0.270996 2.246094 0.477051
12.442 1 DESIRED -0.74 0.22 5. 11. -106. 755. 2.
12.445 1 IMU_MAG 0.487305 -0.963379 0.172363
12.536 1 ATTITUDE 0.265381 2.242676 0.474609
12.540 1 BAT 0 0 0 0 0 26 26 0
12.567 1 DOWNLINK_STATUS 4 3330 150 0 863. 39. 0.
12.636 1 ATTITUDE 0.26123 2.24292 0.471436
12.642 1 DESIRED -0.74 0.21 5. 11. -106. 755. 2.
12.648 1 GPS 0 1130805120 0 0 -17000 0 0 0 82248000 12 9
12.649 1 SVINFO 9 11 16 4 29 -91 0
12.653 1 GPS_SOL 795617152 100059 9999 0
12.658 1 NAVIGATION 0 1 10804865. -3567889. 1.2947394501e+14 1.29474934866e+14 0 0
12.736 1 ATTITUDE 0.258301 2.24585 0.467041
12.738 1 ESTIMATOR -17. 0.
12.836 1 ATTITUDE 0.254883 2.248291 0.462158
12.842 1 DESIRED -0.74 0.21 5. 11. -106. 755. 2.
12.846 1 WP_MOVED 0 503228. 3567931. 755. 12
12.849 1 IMU_GYRO 0.040283 -0.030762 -0.008301
12.853 1 NAVIGATION 0 1 10804865. -3567889. 1.2947394501e+14 1.29474934866e+14 0 0
12.893 1 GPS 0 1130805120 0 0 -17000 0 0 0 82248250 12 10
12.905 1 NAVIGATION 0 1 10804865. -3567889. 1.2947394501e+14 1.29474934866e+14 0 0
12.936 1 ATTITUDE 0.251221 2.247803 0.459229
12.939 1 IMU_ACCEL -7.479492 -1.549805 6.064453
12.941 1 DOWNLINK 2 833 1006
13.039 1 ATTITUDE 0.249756 2.247559 0.458496
13.042 1 DESIRED -0.74 0.21 5. 11. -106. 755. 2.
13.136 1 ATTITUDE 0.25 2.244385 0.458252
13.142 1 GPS 0 1130805120 0 0 -17000 0 0 0 82248500 12 11
13.154 1 NAVIGATION 0 1 10804865. -3567889. 1.2947394501e+14 1.29474934866e+14 0 0
13.236 1 ATTITUDE 0.249268 2.236084 0.458496
13.242 1 DESIRED -0.74 0.21 5. 11. -106. 755. 2.
13.245 1 ESTIMATOR -17. 0.
13.336 1 ATTITUDE 0.249756 2.22998 0.459717
13.340 1 WP_MOVED 1 503186. 3567889. 755. 12
13.341 1 STATE_FILTER_STATUS 3 0
13.389 1 GPS 0 1130805120 0 0 -17000 0 0 0 82248750 12 12
13.404 1 NAVIGATION 0 1 10804865. -3567889. 1.2947394501e+14 1.29474934866e+14 0 0
13.436 1 ATTITUDE 0.252197 2.227539 0.458496
13.442 1 DESIRED -0.74 0.21 5. 11. -106. 755. 2.
13.445 1 IMU_GYRO -0.038086 -0.083984 0.014893
13.536 1 ATTITUDE 0.252197 2.220947 0.442383
13.538 1 DL_VALUE 6 100.
13.568 1 DOWNLINK_STATUS 5 4126 186 0 796. 36. 0.
13.636 1 ATTITUDE 0.253174 2.217041 0.433105
13.642 1 DESIRED -0.74 0.21 5. 11. -106. 755. 2.
13.648 1 GPS 0 1130805120 0 0 -17000 0 0 0 82249000 12 13
13.651 1 BAT 0 0 0 0 0 27 27 0
13.656 1 NAVIGATION 0 1 10804865. -3567889. 1.2947394501e+14 1.29474934866e+14 0 0
13.736 1 ATTITUDE 0.24707 2.206299 0.429443
13.739 1 ESTIMATOR -17. 0.
13.742 1 IMU_ACCEL -7.503906 -1.286133 6.487305
13.745 1 IMU_MAG 0.450195 -0.983887 0.120605
13.836 1 ATTITUDE 0.240967 2.197998 0.43457
13.842 1 DESIRED -0.74 0.21 5. 11. -106. 755. 2.
13.846 1 WP_MOVED 2 503197.09375 3567783. 755. 12
13.850 1 NAVIGATION 0 1 10804865. -3567889. 1.2947394501e+14 1.29474934866e+14 0 0
13.889 1 GPS 0 1130805120 0 0 -17000 0 0 0 82249250 12 14
13.902 1 FBW_STATUS 2 0 1 0 0
13.907 1 NAVIGATION 0 1 10804865. -3567889. 1.2947394501e+14 1.29474934866e+14 0 0
13.936 1 ATTITUDE 0.238037 2.200439 0.434326
14.036 1 ATTITUDE 0.234375 2.20166 0.426025
14.042 1 DESIRED -0.74 0.2 5. 11. -106. 755. 2.
14.045 1 IMU_GYRO 0.057373 -0.089355 -0.012695
14.047 1 CALIBRATION -150. 0
14.067 1 PONG 
14.136 1 ATTITUDE 0.229248 2.200684 0.418457
14.145 1 GPS 0 1130805120 0 0 -17000 0 0 0 82249500 12 15
14.146 1 SVINFO 15 19 16 3 34 -91 0
14.154 1 NAVIGATION 0 1 10804865. -3567889. 1.2947394501e+14 1.29474934866e+14 0 0
14.236 1 ATTITUDE 0.225586 2.200928 0.415283
14.242 1 DESIRED -0.74 0.2 5. 11. -106. 755. 2.
14.245 1 ESTIMATOR -17. 0.
14.336 1 ATTITUDE 0.223633 2.202393 0.416748
14.340 1 WP_MOVED 0 503228. 3567931. 755. 12
14.389 1 GPS 0 1130805120 0 0 -17000 0 0 0 82249750 12 16
14.407 1 NAVIGATION 0 1 10804865. -3567889. 1.2947394501e+14 1.29474934866e+14 0 0
14.436 1 ATTITUDE 0.224854 2.201904 0.416748
14.442 1 DESIRED -0.74 0.2 5. 11. -106. 755. 2.
14.536 1 ATTITUDE 0.224365 2.194092 0.413818
14.539 1 IMU_ACCEL -7.210938 -1.381836 6.463867
14.543 1 ENERGY 0. 0. 0 0.
14.545 1 NAVIGATION_REF 503186 3567889 12
14.569 1 DOWNLINK_STATUS 6 4978 225 0 852. 39. 2.67
14.636 1 ATTITUDE 0.225586 2.188477 0.417725
14.645 1 DESIRED -0.74 0.2 5. 11. -106. 755. 2.
14.648 1 GPS 0 1130805120 0 0 -17000 0 0 0 82250000 12 1
14.650 1 SVINFO 1 3 16 3 36 -91 0
14.653 1 IMU_GYRO -0.055176 -0.018066 0.029785
14.660 1 NAVIGATION 0 1 10804865. -3567889. 1.2947394501e+14 1.29474934866e+14 0 0
14.738 1 ATTITUDE 0.228027 2.182861 0.414795
14.739 1 ESTIMATOR -17. 0.
14.742 1 BAT 0 0 0 0 0 28 28 0
14.836 1 ATTITUDE 0.227783 2.176514 0.41333
14.844 1 DESIRED -0.74 0.2 5. 11. -106. 755. 2.
14.846 1 WP_MOVED 1 503186. 3567889. 755. 12
14.850 1 NAVIGATION 0 1 10804865. -3567889. 1.2947394501e+14 1.29474934866e+14 0 0
14.889 1 GPS 0 1130805120 0 0 -17000 0 0 0 82250250 12 2
14.904 1 NAVIGATION 0 1 10804865. -3567889. 1.2947394501e+14 1.29474934866e+14 0 0
14.936 1 ATTITUDE 0.226562 2.170654 0.419922
15.036 1 ATTITUDE 0.227051 2.158691 0.415771
15.042 1 DESIRED -0.74 0.2 5. 11. -106. 755. 2.
15.048 1 IMU_MAG 0.442871 -1.006836 0.137695
15.049 1 DL_VALUE 7 2.
15.136 1 ATTITUDE 0.228027 2.149902 0.418945
15.143 1 GPS 0 1130805120 0 0 -17000 0 0 0 82250500 12 3
15.154 1 NAVIGATION 0 1 10804865. -3567889. 1.2947394501e+14 1.29474934866e+14 0 0
15.236 1 ATTITUDE 0.228271 2.144043 0.420654
15.242 1 DESIRED -0.74 0.2 5. 11. -106. 755. 2.
15.245 1 ESTIMATOR -17. 0.
15.248 1 IMU_GYRO -0.05957 0.010498 0.033936
15.336 1 ATTITUDE 0.230713 2.142822 0.424561
15.340 1 WP_MOVED 2 503197.09375 3567783. 755. 12
15.343 1 IMU_ACCEL -7.158203 -1.141602 6.505859
15.389 1 GPS 0 1130805120 0 0 -17000 0 0 0 82250750 12 4
15.391 1 SVINFO 4 6 16 6 35 -91 0
15.404 1 NAVIGATION 0 1 10804865. -3567889. 1.2947394501e+14 1.29474934866e+14 0 0
15.436 1 ATTITUDE 0.230469 2.143799 0.426758
15.442 1 DESIRED -0.74 0.2 5. 11. -106. 755. 2.
15.536 1 ATTITUDE 0.229248 2.146484 0.423828
15.538 1 STATE_FILTER_STATUS 3 0
15.570 1 DOWNLINK_STATUS 7 5798 262 0 820. 37. 2.67
15.636 1 ATTITUDE 0.232666 2.156738 0.422852
15.642 1 DESIRED -0.74 0.2 5. 11. -106. 755. 2.
15.648 1 GPS 0 1130805120 0 0 -17000 0 0 0 82251000 12 5
15.650 1 SVINFO 5 7 16 3 31 -91 0
15.655 1 NAVIGATION 0 1 10804865. -3567889. 1.2947394501e+14 1.29474934866e+14 0 0
15.736 1 ATTITUDE 0.234619 2.163086 0.421875
15.739 1 ESTIMATOR -17. 0.
15.836 1 ATTITUDE 0.234619 2.164307 0.420654
15.842 1 DESIRED -0.74 0.2 5. 11. -106. 755. 2.
15.846 1 WP_MOVED 0 503228. 3567931. 755. 12
15.849 1 IMU_GYRO -0.010498 0.007324 0.009521
15.853 1 NAVIGATION 0 1 10804865. -3567889. 1.2947394501e+14 1.29474934866e+14 0 0
15.889 1 GPS 0 1130805120 0 0 -17000 0 0 0 82251250 12 6
15.904 1 FBW_STATUS 2 0 1 0 0
15.907 1 NAVIGATION 0 1 10804865. -3567889. 1.2947394501e+14 1.29474934866e+14 0 0
15.936 1 ATTITUDE 0.234375 2.164551 0.419434
16.002 1 COMMANDS 0,-6449,-1211
16.036 1 ATTITUDE 0.234131 2.166504 0.423584
16.042 1 DESIRED -0.74 0.2 5. 11. -106. 755. 2.
16.102 1 ACTUATORS 1000,1400,1299
16.136 1 ATTITUDE 0.235107 2.168213 0.424316
16.142 1 GPS 0 1130805120 0 0 -17000 0 0 0 82251500 12 7
16.145 1 IMU_ACCEL -7.306641 -1.376953 6.586914
16.147 1 CALIBRATION -150. 0
16.154 1 NAVIGATION 0 1 10804865. -3567889. 1.2947394501e+14 1.29474934866e+14 0 0
16.236 1 ATTITUDE 0.235596 2.170898 0.432861
16.242 1 DESIRED -0.74 0.2 5. 11. -106. 755. 2.
16.244 1 ESTIMATOR -17. 0.
16.336 1 ATTITUDE 0.235596 2.170654 0.43457
16.340 1 WP_MOVED 1 503186. 3567889. 755. 12
16.343 1 IMU_MAG 0.442871 -0.995605 0.137695
16.389 1 GPS 0 1130805120 0 0 -17000 0 0 0 82251750 12 8
16.405 1 NAVIGATION 0 1 10804865. -3567889. 1.2947394501e+14 1.29474934866e+14 0 0
16.436 1 ATTITUDE 0.235352 2.168701 0.434814
16.442 1 DESIRED -0.74 0.2 5. 11. -106. 755. 2.
16.445 1 IMU_GYRO -0.031738 0.000977 0.048828
16.536 1 ATTITUDE 0.235107 2.165527 0.436523
16.538 1 DL_VALUE 8 0.
16.571 1 DOWNLINK_STATUS 8 6626 300 0 828. 38. 2.67
16.636 1 ATTITUDE 0.23584 2.163818 0.43457
16.642 1 DESIRED -0.74 0.2 5. 11. -106. 755. 2.
16.648 1 GPS 0 1130805120 0 0 -17000 0 0 0 82252000 12 9
16.650 1 SVINFO 9 11 16 6 32 -91 0
16.653 1 GPS_SOL 795618880 100071 9999 0
16.658 1 NAVIGATION 0 1 10804865. -3567889. 1.2947394501e+14 1.29474934866e+14 0 0
16.736 1 ATTITUDE 0.236816 2.163086 0.430664
16.739 1 ESTIMATOR -17. 0.
16.836 1 ATTITUDE 0.237549 2.165771 0.425293
16.842 1 DESIRED -0.74 0.2 5. 11. -106. 755. 2.
16.845 1 WP_MOVED 2 503197.09375 3567783. 755. 12
16.850 1 NAVIGATION 0 1 10804865. -3567889. 1.2947394501e+14 1.29474934866e+14 0 0
16.889 1 GPS 0 1130805120 0 0 -17000 0 0 0 82252250 12 10
16.904 1 NAVIGATION 0 1 10804865. -3567889. 1.2947394501e+14 1.29474934866e+14 0 0
16.936 1 ATTITUDE 0.240234 2.171631 0.419678
16.939 1 IMU_ACCEL -6.753906 -1.708008 6.838867
16.943 1 BAT 0 0 0 0 0 31 31 0
17.036 1 ATTITUDE 0.251465 2.176025 0.404053
17.042 1 DESIRED -0.74 0.21 5. 11. -106. 755. 2.
17.045 1 IMU_GYRO -0.078613 -0.003174 0.013672
17.049 1 ENERGY 0. 0. 0 0.
17.136 1 ATTITUDE 0.250488 2.166504 0.400879
17.142 1 GPS 0 1130805120 0 0 -17000 0 0 0 82252500 12 11
17.144 1 SVINFO 11 13 16 3 31 -91 0
17.148 1 ALIVE 202,233,219,16,31,75,154,108,154,116,222,5,16,81,225,166
17.154 1 NAVIGATION 0 1 10804865. -3567889. 1.2947394501e+14 1.29474934866e+14 0 0
17.236 1 ATTITUDE 0.241699 2.151123 0.401855
17.242 1 DESIRED -0.74 0.21 5. 11. -106. 755. 2.
17.244 1 ESTIMATOR -17. 0.
17.247 1 PPRZ_MODE 2 3 3 0 0 6
17.336 1 ATTITUDE 0.22583 2.154053 0.467773
17.340 1 WP_MOVED 0 503228. 3567931. 755. 12
17.389 1 GPS 0 1130805120 0 0 -17000 0 0 0 82252750 12 12
17.404 1 NAVIGATION 0 1 10804865. -3567889. 1.2947394501e+14 1.29474934866e+14 0 0
17.436 1 ATTITUDE 0.189697 2.139893 0.49292
17.442 1 DESIRED -0.74 0.18 5. 11. -106. 755. 2.
17.536 1 ATTITUDE 0.176758 2.128662 0.510742
17.571 1 DOWNLINK_STATUS 9 7462 337 0 836. 37. 2.67
17.636 1 ATTITUDE 0.166748 2.113525 0.507324
17.642 1 DESIRED -0.74 0.17 5. 11. -106. 755. 2.
17.648 1 GPS 0 1130805120 0 0 -17000 0 0 0 82253000 12 13
17.651 1 IMU_GYRO -0.040283 -0.571289 -0.147705
17.654 1 IMU_MAG 0.435547 -1.108398 0.195312
17.658 1 NAVIGATION 0 1 10804865. -3567889. 1.2947394501e+14 1.29474934866e+14 0 0
17.736 1 ATTITUDE 0.168213 2.11377 0.449707
17.739 1 ESTIMATOR -17. 0.
17.742 1 IMU_ACCEL -7.349609 -0.339844 6.563477
17.743 1 STATE_FILTER_STATUS 3 0
17.836 1 ATTITUDE 0.154785 2.095459 0.440186
17.842 1 DESIRED -0.74 0.17 5. 11. -106. 755. 2.
17.845 1 WP_MOVED 1 503186. 3567889. 755. 12
17.850 1 NAVIGATION 0 1 10804865. -3567889. 1.2947394501e+14 1.29474934866e+14 0 0
17.889 1 GPS 0 1130805120 0 0 -17000 0 0 0 82253250 12 14
17.904 1 FBW_STATUS 2 0 1 0 0
17.907 1 NAVIGATION 0 1 10804865. -3567889. 1.2947394501e+14 1.29474934866e+14 0 0
17.935 1 ATTITUDE 0.132568 2.069336 0.44458
18.036 1 ATTITUDE 0.141602 2.069336 0.414307
18.042 1 DESIRED -0.74 0.16 5. 11. -106. 755. 2.
18.045 1 BAT 0 0 0 0 0 32 32 0
18.047 1 DL_VALUE 9 0.
18.049 1 DOWNLINK 4 828 1198
18.136 1 ATTITUDE 0.168457 2.064209 0.364014
18.142 1 GPS 0 1130805120 0 0 -17000 0 0 0 82253500 12 15
18.144 1 SVINFO 15 19 16 3 35 -91 0
18.154 1 NAVIGATION 0 1 10804865. -3567889. 1.2947394501e+14 1.29474934866e+14 0 0
18.236 1 ATTITUDE 0.212646 2.051514 0.241211
18.242 1 DESIRED -0.74 0.19 5. 11. -106. 755. 2.
18.244 1 ESTIMATOR -17. 0.
18.248 1 IMU_GYRO -0.344727 -1.529053 -0.3479
18.249 1 CALIBRATION -150. 0
18.336 1 ATTITUDE 0.240479 2.023438 0.11084
18.340 1 WP_MOVED 2 503197.09375 3567783. 755. 12
18.389 1 GPS 0 1130805120 0 0 -17000 0 0 0 82253750 12 16
18.407 1 NAVIGATION 0 1 10804865. -3567889. 1.2947394501e+14 1.29474934866e+14 0 0
18.436 1 ATTITUDE 0.276123 1.98291 0.01123
18.442 1 DESIRED -0.74 0.22 5. 11. -106. 755. 2.
18.536 1 ATTITUDE 0.300049 1.946777 -0.043701
18.539 1 IMU_ACCEL -3.876953 -2.063477 9.194336
18.572 1 DOWNLINK_STATUS 10 8322 377 0 860. 40. 2.67
18.636 1 ATTITUDE 0.31958 1.92041 -0.058594
18.642 1 DESIRED -0.74 0.24 5. 11. -106. 755. 2.
18.648 1 GPS 0 1130805120 0 0 -17000 0 0 0 82254000 12 1
18.650 1 SVINFO 1 3 16 3 36 -91 0
18.653 1 GPS_SOL 795619840 100076 9999 0
18.658 1 NAVIGATION 0 1 10804865. -3567889. 1.2947394501e+14 1.29474934866e+14 0 0
18.736 1 ATTITUDE 0.325439 1.896484 -0.065674
18.738 1 ESTIMATOR -17. 0.
18.836 1 ATTITUDE 0.338623 1.880615 -0.091064
18.842 1 DESIRED -0.74 0.25 5. 11. -106. 755. 2.
18.845 1 WP_MOVED 0 503228. 3567931. 755. 12
18.849 1 IMU_GYRO -0.135986 -0.449951 -0.27124
18.853 1 NAVIGATION 0 1 10804865. -3567889. 1.2947394501e+14 1.29474934866e+14 0 0
18.889 1 GPS 0 1130805120 0 0 -17000 0 0 0 82254250 12 2
18.906 1 NAVIGATION 0 1 10804865. -3567889. 1.2947394501e+14 1.29474934866e+14 0 0
18.936 1 ATTITUDE 0.355225 1.85791 -0.135254
18.939 1 IMU_MAG -0.058594 -0.827637 -0.359375
19.036 1 ATTITUDE 0.366943 1.834229 -0.161133
19.042 1 DESIRED -0.74 0.26 5. 11. -106. 755. 2.
19.068 1 PONG 
19.136 1 ATTITUDE 0.371826 1.8125 -0.162354
19.142 1 GPS 0 1130805120 0 0 -17000 0 0 0 82254500 12 3
19.145 1 BAT 0 0 0 0 0 33 33 0
19.154 1 NAVIGATION 0 1 10804865. -3567889. 1.2947394501e+14 1.29474934866e+14 0 0
19.236 1 ATTITUDE 0.377686 1.787598 -0.171143
19.242 1 DESIRED -0.74 0.26 5. 11. -106. 755. 2.
19.244 1 ESTIMATOR -17. 0.
19.336 1 ATTITUDE 0.389404 1.756592 -0.199707
19.339 1 WP_MOVED 1 503186. 3567889. 755. 12
19.343 1 IMU_ACCEL -1.171875 -2.975586 9.089844
19.389 1 GPS 0 1130805120 0 0 -17000 0 0 0 82254750 12 4
19.391 1 SVINFO 4 6 16 7 30 -91 0
19.404 1 NAVIGATION 0 1 10804865. -3567889. 1.2947394501e+14 1.29474934866e+14 0 0
19.438 1 ATTITUDE 0.39917 1.717285 -0.236572
19.442 1 DESIRED -0.74 0.27 5. 11. -106. 755. 2.
19.445 1 IMU_GYRO -0.029785 -0.330811 -0.037109
19.536 1 ATTITUDE 0.403809 1.686768 -0.241455
19.538 1 DL_VALUE 10 0.
19.541 1 ENERGY 0. 0. 0 0.
19.573 1 DOWNLINK_STATUS 11 9176 416 0 854. 39. 2.56
19.636 1 ATTITUDE 0.407715 1.660645 -0.237793
19.642 1 DESIRED -0.74 0.28 5. 11. -106. 755. 2.
19.648 1 GPS 0 1130805120 0 0 -17000 0 0 0 82255000 12 5
19.650 1 SVINFO 5 7 16 3 22 -91 0
19.655 1 NAVIGATION 0 1 10804865. -3567889. 1.2947394501e+14 1.29474934866e+14 0 0
19.736 1 ATTITUDE 0.41333 1.635742 -0.230225
19.738 1 ESTIMATOR -17. 0.
19.836 1 ATTITUDE 0.415283 1.62207 -0.195068
19.842 1 DESIRED -0.74 0.28 5. 11. -106. 755. 2.
19.845 1 WP_MOVED 2 503197.09375 3567783. 755. 12
19.850 1 NAVIGATION 0 1 10804865. -3567889. 1.2947394501e+14 1.29474934866e+14 0 0
19.889 1 GPS 0 1130805120 0 0 -17000 0 0 0 82255250 12 6
19.902 1 FBW_STATUS 2 0 1 0 0
19.906 1 NAVIGATION 0 1 10804865. -3567889. 1.2947394501e+14 1.29474934866e+14 0 0
19.936 1 ATTITUDE 0.406738 1.625488 -0.114014
19.938 1 STATE_FILTER_STATUS 3 0
20.036 1 ATTITUDE 0.397705 1.632568 -0.031494
20.042 1 DESIRED -0.74 0.27 5. 11. -106. 755. 2.
20.045 1 IMU_GYRO -0.012695 0.61499 0.202148
20.136 1 ATTITUDE 0.395752 1.645752 0.028809
20.142 1 GPS 0 1130805120 0 0 -17000 0 0 0 82255500 12 7
20.145 1 IMU_ACCEL -3.732422 -2.28418 8.396484
20.154 1 NAVIGATION 0 1 10804865. -3567889. 1.2947394501e+14 1.29474934866e+14 0 0
20.236 1 ATTITUDE 0.391602 1.659668 0.089844
20.242 1 DESIRED -0.74 0.27 5. 11. -106. 755. 2.
20.244 1 ESTIMATOR -17. 0.
20.248 1 BAT 0 0 0 0 0 34 34 0
20.251 1 IMU_MAG 0.156738 -0.850586 -0.224121
20.336 1 ATTITUDE 0.388428 1.678711 0.130615
20.339 1 WP_MOVED 0 503228. 3567931. 755. 12
20.341 1 CALIBRATION -150. 0
20.389 1 GPS 0 1130805120 0 0 -17000 0 0 0 82255750 12 8
20.404 1 NAVIGATION 0 1 10804865. -3567889. 1.2947394501e+14 1.29474934866e+14 0 0
20.436 1 ATTITUDE 0.394531 1.681152 0.093506
20.442 1 DESIRED -0.74 0.27 5. 11. -106. 755. 2.
20.536 1 ATTITUDE 0.39917 1.676025 0.048828
20.574 1 DOWNLINK_STATUS 12 9978 452 0 802. 36. 2.56
20.636 1 ATTITUDE 0.39917 1.662109 0.003662
20.642 1 DESIRED -0.74 0.27 5. 11. -106. 755. 2.
20.648 1 GPS 0 1130805120 0 0 -17000 0 0 0 82256000 12 9
20.650 1 SVINFO 9 11 16 3 29 -91 0
20.653 1 IMU_GYRO -0.00415 -0.601074 -0.048828
20.658 1 NAVIGATION 0 1 10804865. -3567889. 1.2947394501e+14 1.29474934866e+14 0 0
20.736 1 ATTITUDE 0.399658 1.63916 -0.066895
20.738 1 ESTIMATOR -17. 0.
20.836 1 ATTITUDE 0.39624 1.612793 -0.125732
20.842 1 DESIRED -0.74 0.27 5. 11. -106. 755. 2.
20.845 1 WP_MOVED 1 503186. 3567889. 755. 12
20.850 1 NAVIGATION 0 1 10804865. -3567889. 1.2947394501e+14 1.29474934866e+14 0 0
20.888 1 GPS 0 1130805120 0 0 -17000 0 0 0 82256250 12 10
20.904 1 NAVIGATION 0 1 10804865. -3567889. 1.2947394501e+14 1.29474934866e+14 0 0
20.937 1 ATTITUDE 0.391113 1.594482 -0.146484
20.938 1 IMU_ACCEL -1.729492 -2.663086 9.051758
21.002 1 COMMANDS 0,-7487,2338
21.036 1 ATTITUDE 0.391357 1.578125 -0.162842
21.042 1 DESIRED -0.74 0.27 5. 11. -106. 755. 2.
21.044 1 DL_VALUE 11 1.
21.102 1 ACTUATORS 1000,1223,1427
21.136 1 ATTITUDE 0.391357 1.563232 -0.181396
21.142 1 GPS 0 1130805120 0 0 -17000 0 0 0 82256500 12 11
21.154 1 NAVIGATION 0 1 10804865. -3567889. 1.2947394501e+14 1.29474934866e+14 0 0
21.236 1 ATTITUDE 0.39624 1.54248 -0.205322
21.242 1 DESIRED -0.74 0.27 5. 11. -106. 755. 2.
21.244 1 ESTIMATOR -17. 0.
21.247 1 IMU_GYRO -0.036133 -0.067871 0.029785
21.336 1 ATTITUDE 0.398193 1.530273 -0.19873
21.339 1 WP_MOVED 2 503197.09375 3567783. 755. 12
21.343 1 BAT 0 0 0 0 0 35 35 0
21.388 1 GPS 0 1130805120 0 0 -17000 0 0 0 82256750 12 12
21.404 1 NAVIGATION 0 1 10804865. -3567889. 1.2947394501e+14 1.29474934866e+14 0 0
21.436 1 ATTITUDE 0.403564 1.517822 -0.200195
21.442 1 DESIRED -0.74 0.28 5. 11. -106. 755. 2.
21.536 1 ATTITUDE 0.412354 1.498535 -0.218262
21.539 1 IMU_MAG -0.200684 -0.844727 -0.396973
21.575 1 DOWNLINK_STATUS 13 10801 489 0 823. 37. 2.56
21.636 1 ATTITUDE 0.422607 1.477783 -0.240967
21.642 1 DESIRED -0.74 0.28 5. 11. -106. 755. 2.
21.647 1 GPS 0 1130805120 0 0 -17000 0 0 0 82257000 12 13
21.654 1 NAVIGATION 0 1 10804865. -3567889. 1.2947394501e+14 1.29474934866e+14 0 0
21.736 1 ATTITUDE 0.428467 1.459473 -0.25293
21.738 1 ESTIMATOR -17. 0.
21.741 1 IMU_ACCEL -0.614258 -2.567383 9.023438
21.836 1 ATTITUDE 0.430664 1.442627 -0.258057
21.842 1 DESIRED -0.74 0.29 5. 11. -106. 755. 2.
21.845 1 WP_MOVED 0 503228. 3567931. 755. 12
21.848 1 IMU_GYRO 0.001953 -0.000977 0.025391
21.853 1 NAVIGATION 0 1 10804865. -3567889. 1.2947394501e+14 1.29474934866e+14 0 0
21.888 1 GPS 0 1130805120 0 0 -17000 0 0 0 82257250 12 14
21.891 1 SVINFO 14 19 16 3 32 -91 0
21.903 1 FBW_STATUS 2 0 1 0 0
21.907 1 NAVIGATION 0 1 10804865. -3567889. 1.2947394501e+14 1.29474934866e+14 0 0
21.936 1 ATTITUDE 0.431641 1.430176 -0.256348
22.036 1 ATTITUDE 0.432373 1.425049 -0.235596
22.042 1 DESIRED -0.74 0.29 5. 11. -106. 755. 2.
22.045 1 ENERGY 0. 0. 0 0.
22.136 1 ATTITUDE 0.421143 1.438232 -0.166016
22.141 1 GPS 0 1130805120 0 0 -17000 0 0 0 82257500 12 15
22.144 1 SVINFO 15 23 16 3 32 -91 0
22.144 1 STATE_FILTER_STATUS 3 0
22.149 1 ALIVE 202,233,219,16,31,75,154,108,154,116,222,5,16,81,225,166
22.154 1 NAVIGATION 0 1 10804865. -3567889. 1.2947394501e+14 1.29474934866e+14 0 0
22.236 1 ATTITUDE 0.411865 1.450928 -0.120605
22.242 1 DESIRED -0.74 0.28 5. 11. -106. 755. 2.
22.244 1 ESTIMATOR -17. 0.
22.246 1 PPRZ_MODE 2 3 3 0 0 6
22.336 1 ATTITUDE 0.409668 1.449951 -0.116455
22.339 1 WP_MOVED 1 503186. 3567889. 755. 12
22.388 1 GPS 0 1130805120 0 0 -17000 0 0 0 82257750 12 16
22.391 1 SVINFO 0 3 16 6 36 -91 0
22.405 1 NAVIGATION 0 1 10804865. -3567889. 1.2947394501e+14 1.29474934866e+14 0 0
22.436 1 ATTITUDE 0.403076 1.455566 -0.099854
22.442 1 DESIRED -0.74 0.28 5. 11. -106. 755. 2.
22.444 1 IMU_GYRO 0.05957 0.392578 0.112793
22.448 1 BAT 0 0 0 0 0 36 36 0
22.450 1 CALIBRATION -150. 0
22.536 1 ATTITUDE 0.391846 1.468506 -0.061768
22.539 1 IMU_ACCEL -1.820312 -2.34668 8.847656
22.541 1 DL_VALUE 0 0.
22.576 1 DOWNLINK_STATUS 14 11715 532 0 914. 43. 2.56
22.636 1 ATTITUDE 0.388916 1.473877 -0.058838
22.642 1 DESIRED -0.74 0.27 5. 11. -106. 755. 2.
22.647 1 GPS 0 1130805120 0 0 -17000 0 0 0 82258000 12 1
22.650 1 GPS_SOL 795622080 100087 9999 0
22.655 1 NAVIGATION 0 1 10804865. -3567889. 1.2947394501e+14 1.29474934866e+14 0 0
22.736 1 ATTITUDE 0.390381 1.475342 -0.07373
22.738 1 ESTIMATOR -17. 0.
22.747 1 WIND_INFO 1 42 0. 0. 0.
22.836 1 ATTITUDE 0.399414 1.464111 -0.120605
22.842 1 DESIRED -0.74 0.27 5. 11. -106. 755. 2.
22.845 1 WP_MOVED 2 503197.09375 3567783. 755. 12
22.850 1 NAVIGATION 0 1 10804865. -3567889. 1.2947394501e+14 1.29474934866e+14 0 0
22.853 1 IMU_MAG -0.129395 -0.874023 -0.368164
22.888 1 GPS 0 1130805120 0 0 -17000 0 0 0 82258250 12 2
22.904 1 NAVIGATION 0 1 10804865. -3567889. 1.2947394501e+14 1.29474934866e+14 0 0
22.936 1 ATTITUDE 0.412354 1.446777 -0.166748
23.036 1 ATTITUDE 0.429688 1.433594 -0.202881
23.042 1 DESIRED -0.74 0.29 5. 11. -106. 755. 2.
23.045 1 IMU_GYRO -0.176514 -0.230713 -0.122314
23.136 1 ATTITUDE 0.44165 1.432373 -0.207764
23.142 1 GPS 0 1130805120 0 0 -17000 0 0 0 82258500 12 3
23.144 1 SVINFO 3 6 16 7 32 -91 0
23.146 1 DOWNLINK 5 835 1392
23.154 1 NAVIGATION 0 1 10804865. -3567889. 1.2947394501e+14 1.29474934866e+14 0 0
23.236 1 ATTITUDE 0.445801 1.427734 -0.216309
23.242 1 DESIRED -0.74 0.29 5. 11. -106. 755. 2.
23.244 1 ESTIMATOR -17. 0.
23.336 1 ATTITUDE 0.447021 1.416748 -0.230225
23.339 1 WP_MOVED 0 503228. 3567931. 755. 12
23.342 1 IMU_ACCEL -2.06543 -2.768555 9.104492
23.388 1 GPS 0 1130805120 0 0 -17000 0 0 0 82258750 12 4
23.391 1 SVINFO 4 7 16 3 25 -91 0
23.405 1 NAVIGATION 0 1 10804865. -3567889. 1.2947394501e+14 1.29474934866e+14 0 0
23.436 1 ATTITUDE 0.436523 1.425537 -0.191406
23.442 1 DESIRED -0.74 0.29 5. 11. -106. 755. 2.
23.536 1 ATTITUDE 0.416016 1.44873 -0.129395
23.539 1 BAT 0 0 0 0 0 37 37 0
23.542 1 NAVIGATION_REF 503186 3567889 12
23.577 1 DOWNLINK_STATUS 15 12540 569 0 825. 37. 2.56
23.636 1 ATTITUDE 0.401611 1.451416 -0.112061
23.642 1 DESIRED -0.74 0.28 5. 11. -106. 755. 2.
23.647 1 GPS 0 1130805120 0 0 -17000 0 0 0 82259000 12 5
23.650 1 IMU_GYRO 0.076416 -0.05957 0.132812
23.655 1 NAVIGATION 0 1 10804865. -3567889. 1.2947394501e+14 1.29474934866e+14 0 0
23.736 1 ATTITUDE 0.395508 1.444824 -0.118164
23.738 1 ESTIMATOR -17. 0.
23.836 1 ATTITUDE 0.398682 1.44458 -0.116211
23.842 1 DESIRED -0.74 0.27 5. 11. -106. 755. 2.
23.845 1 WP_MOVED 1 503186. 3567889. 755. 12
23.850 1 NAVIGATION 0 1 10804865. -3567889. 1.2947394501e+14 1.29474934866e+14 0 0
23.888 1 GPS 0 1130805120 0 0 -17000 0 0 0 82259250 12 6
23.905 1 FBW_STATUS 2 0 1 0 0
23.906 1 NAVIGATION 0 1 10804865. -3567889. 1.2947394501e+14 1.29474934866e+14 0 0
23.936 1 ATTITUDE 0.402832 1.452881 -0.097656
24.036 1 ATTITUDE 0.419678 1.459717 -0.10376
24.042 1 DESIRED -0.74 0.28 5. 11. -106. 755. 2.
24.044 1 DL_VALUE 1 0.
24.069 1 PONG 
24.136 1 ATTITUDE 0.455322 1.47168 -0.110596
24.141 1 GPS 0 1130805120 0 0 -17000 0 0 0 82259500 12 7
24.145 1 IMU_ACCEL -3.256836 -2.658203 8.842773
24.148 1 IMU_MAG -0.087891 -0.78418 -0.374023
24.154 1 NAVIGATION 0 1 10804865. -3567889. 1.2947394501e+14 1.29474934866e+14 0 0
24.236 1 ATTITUDE 0.471191 1.505371 -0.049805
24.242 1 DESIRED -0.74 0.31 5. 11. -106. 755. 2.
24.244 1 ESTIMATOR -17. 0.
24.247 1 IMU_GYRO -0.044678 0.846924 0.102051
24.336 1 ATTITUDE 0.4646 1.533447 0.019531
24.339 1 WP_MOVED 2 503197.09375 3567783. 755. 12
24.341 1 STATE_FILTER_STATUS 3 0
24.388 1 GPS 0 1130805120 0 0 -17000 0 0 0 82259750 12 8
24.391 1 SVINFO 8 11 16 6 30 -91 0
24.405 1 NAVIGATION 0 1 10804865. -3567889. 1.2947394501e+14 1.29474934866e+14 0 0
24.436 1 ATTITUDE 0.457031 1.549561 0.0625
24.442 1 DESIRED -0.74 0.3 5. 11. -106. 755. 2.
24.536 1 ATTITUDE 0.450684 1.564453 0.094482
24.538 1 CALIBRATION -150. 0
24.541 1 ENERGY 0. 0. 0 0.
24.578 1 DOWNLINK_STATUS 16 13377 608 0 837. 39. 2.75
24.636 1 ATTITUDE 0.442627 1.577148 0.124023
24.642 1 DESIRED -0.74 0.29 5. 11. -106. 755. 2.
24.647 1 GPS 0 1130805120 0 0 -17000 0 0 0 82260000 12 9
24.651 1 BAT 0 0 0 0 0 38 38 0
24.654 1 GPS_SOL 795623232 100093 9999 0
24.658 1 NAVIGATION 0 1 10804865. -3567889. 1.2947394501e+14 1.29474934866e+14 0 0
24.736 1 ATTITUDE 0.428467 1.596436 0.17749
24.738 1 ESTIMATOR -17. 0.
24.836 1 ATTITUDE 0.423584 1.618652 0.250488
24.842 1 DESIRED -0.74 0.28 5. 11. -106. 755. 2.
24.845 1 WP_MOVED 0 503228. 3567931. 755. 12
24.848 1 IMU_GYRO 0.108398 0.427734 0.112793
24.853 1 NAVIGATION 0 1 10804865. -3567889. 1.2947394501e+14 1.29474934866e+14 0 0
24.888 1 GPS 0 1130805120 0 0 -17000 0 0 0 82260250 12 10
24.891 1 SVINFO 10 13 16 3 33 -91 0
24.906 1 NAVIGATION 0 1 10804865. -3567889. 1.2947394501e+14 1.29474934866e+14 0 0
24.936 1 ATTITUDE 0.387939 1.652832 0.361572
24.939 1 IMU_ACCEL -5.5 -1.070312 6.548828
25.036 1 ATTITUDE 0.345947 1.693604 0.469971
25.042 1 DESIRED -0.74 0.25 5. 11. -106. 755. 2.
25.136 1 ATTITUDE 0.329834 1.771484 0.576416
25.141 1 GPS 0 1130805120 0 0 -17000 0 0 0 82260500 12 11
25.154 1 NAVIGATION 0 1 10804865. -3567889. 1.2947394501e+14 1.29474934866e+14 0 0
25.236 1 ATTITUDE 0.322021 1.837646 0.615967
25.242 1 DESIRED -0.74 0.24 5. 11. -106. 755. 2.
25.244 1 ESTIMATOR -17. 0.
25.336 1 ATTITUDE 0.322266 1.883301 0.601318
25.339 1 WP_MOVED 1 503186. 3567889. 755. 12
25.388 1 GPS 0 1130805120 0 0 -17000 0 0 0 82260750 12 12
25.407 1 NAVIGATION 0 1 10804865. -3567889. 1.2947394501e+14 1.29474934866e+14 0 0
25.436 1 ATTITUDE 0.339355 1.893066 0.474854
25.442 1 DESIRED -0.74 0.25 5. 11. -106. 755. 2.
25.445 1 IMU_GYRO -0.38501 -1.660156 -0.247803
25.448 1 IMU_MAG 0.376953 -0.963379 0.03125
25.536 1 ATTITUDE 0.363037 1.854736 0.291992
25.538 1 DL_VALUE 2 755.
25.579 1 DOWNLINK_STATUS 17 14191 644 0 814. 36. 2.75
25.636 1 ATTITUDE 0.382812 1.803711 0.164551
25.642 1 DESIRED -0.74 0.27 5. 11. -106. 755. 2.
25.647 1 GPS 0 1130805120 0 0 -17000 0 0 0 82261000 12 13
25.654 1 NAVIGATION 0 1 10804865. -3567889. 1.2947394501e+14 1.29474934866e+14 0 0
25.736 1 ATTITUDE 0.383545 1.762695 0.133057
25.738 1 ESTIMATOR -17. 0.
25.741 1 IMU_ACCEL -3.948242 -2.327148 8.429688
25.745 1 BAT 0 0 0 0 0 39 39 0
25.836 1 ATTITUDE 0.383789 1.739258 0.103271
25.842 1 DESIRED -0.74 0.27 5. 11. -106. 755. 2.
25.845 1 WP_MOVED 2 503197.09375 3567783. 755. 12
25.849 1 NAVIGATION 0 1 10804865. -3567889. 1.2947394501e+14 1.29474934866e+14 0 0
25.888 1 GPS 0 1130805120 0 0 -17000 0 0 0 82261250 12 14
25.891 1 SVINFO 14 19 16 3 34 -91 0
25.902 1 FBW_STATUS 2 0 1 0 0
25.906 1 NAVIGATION 0 1 10804865. -3567889. 1.2947394501e+14 1.29474934866e+14 0 0
25.936 1 ATTITUDE 0.382568 1.713135 0.051758
26.001 1 COMMANDS 0,-7411,1244
26.036 1 ATTITUDE 0.378174 1.691406 0.037598
26.042 1 DESIRED -0.74 0.27 5. 11. -106. 755. 2.
26.045 1 IMU_GYRO -0.016846 0.019043 0.045654
26.101 1 ACTUATORS 1000,1275,1379
26.136 1 ATTITUDE 0.381592 1.67749 0.045898
26.141 1 GPS 0 1130805120 0 0 -17000 0 0 0 82261500 12 15
26.144 1 SVINFO 15 23 16 3 33 -91 0
26.154 1 NAVIGATION 0 1 10804865. -3567889. 1.2947394501e+14 1.29474934866e+14 0 0
26.236 1 ATTITUDE 0.385498 1.660156 0.072754
26.241 1 DESIRED -0.74 0.27 5. 11. -106. 755. 2.
26.244 1 ESTIMATOR -17. 0.
26.336 1 ATTITUDE 0.387695 1.636719 0.101074
26.339 1 WP_MOVED 0 503228. 3567931. 755. 12
26.388 1 GPS 0 1130805120 0 0 -17000 0 0 0 82261750 12 16
26.391 1 SVINFO 0 3 16 7 33 -91 0
26.408 1 NAVIGATION 0 1 10804865. -3567889. 1.2947394501e+14 1.29474934866e+14 0 0
26.436 1 ATTITUDE 0.403809 1.616455 0.109863
26.441 1 DESIRED -0.74 0.28 5. 11. -106. 755. 2.
26.536 1 ATTITUDE 0.450195 1.573486 0.102295
26.539 1 IMU_ACCEL -4.265625 -3.436523 7.883789
26.540 1 STATE_FILTER_STATUS 3 0
26.580 1 DOWNLINK_STATUS 18 15036 683 0 845. 39. 2.75
26.636 1 ATTITUDE 0.500488 1.531494 0.126465
26.641 1 DESIRED -0.74 0.32 5. 11. -106. 755. 2.
26.647 1 GPS 0 1130805120 0 0 -17000 0 0 0 82262000 12 1
26.650 1 IMU_GYRO -0.553223 -0.128662 0.342529
26.653 1 GPS_SOL 795624576 100099 9999 0
26.658 1 NAVIGATION 0 1 10804865. -3567889. 1.2947394501e+14 1.29474934866e+14 0 0
26.736 1 ATTITUDE 0.5271 1.479248 0.094238
26.738 1 ESTIMATOR -17. 0.
26.741 1 IMU_MAG -0.087891 -0.680176 -0.376953
26.836 1 ATTITUDE 0.557617 1.412109 -0.000977
26.841 1 DESIRED -0.74 0.34 5. 11. -106. 755. 2.
26.845 1 WP_MOVED 1 503186. 3567889. 755. 12
26.849 1 NAVIGATION 0 1 10804865. -3567889. 1.2947394501e+14 1.29474934866e+14 0 0
26.853 1 BAT 0 0 0 0 0 40 40 0
26.888 1 GPS 0 1130805120 0 0 -17000 0 0 0 82262250 12 2
26.908 1 NAVIGATION 0 1 10804865. -3567889. 1.2947394501e+14 1.29474934866e+14 0 0
26.936 1 ATTITUDE 0.594238 1.353271 -0.075439
27.036 1 ATTITUDE 0.62915 1.304688 -0.103516
27.041 1 DESIRED -0.74 0.37 5. 11. -106. 755. 2.
27.043 1 DL_VALUE 3 0.
27.047 1 ENERGY 0. 0. 0 0.
27.136 1 ATTITUDE 0.661621 1.286133 -0.107666
27.141 1 GPS 0 1130805120 0 0 -17000 0 0 0 82262500 12 3
27.144 1 SVINFO 3 6 16 7 28 -91 0
27.148 1 ALIVE 202,233,219,16,31,75,154,108,154,116,222,5,16,81,225,166
27.154 1 NAVIGATION 0 1 10804865. -3567889. 1.2947394501e+14 1.29474934866e+14 0 0
27.236 1 ATTITUDE 0.677246 1.265381 -0.120605
27.241 1 DESIRED -0.74 0.4 5. 11. -106. 755. 2.
27.244 1 ESTIMATOR -17. 0.
27.247 1 IMU_GYRO -0.114746 -0.181885 -0.05957
27.249 1 PPRZ_MODE 2 3 3 0 0 6
27.336 1 ATTITUDE 0.687988 1.235352 -0.130859
27.339 1 WP_MOVED 2 503197.09375 3567783. 755. 12
27.342 1 IMU_ACCEL -2.055664 -5.086914 8.918945
27.388 1 GPS 0 1130805120 0 0 -17000 0 0 0 82262750 12 4
27.391 1 SVINFO 4 7 16 3 30 -91 0
27.410 1 NAVIGATION 0 1 10804865. -3567889. 1.2947394501e+14 1.29474934866e+14 0 0
27.436 1 ATTITUDE 0.673828 1.190918 -0.139648
27.441 1 DESIRED -0.74 0.39 5. 11. -106. 755. 2.
27.536 1 ATTITUDE 0.661377 1.168701 -0.133301
27.580 1 DOWNLINK_STATUS 19 15919 723 0 883. 40. 2.75
27.636 1 ATTITUDE 0.641357 1.135986 -0.13501
27.641 1 DESIRED -0.74 0.38 5. 11. -106. 755. 2.
27.647 1 GPS 0 1130805120 0 0 -17000 0 0 0 82263000 12 5
27.654 1 NAVIGATION 0 1 10804865. -3567889. 1.2947394501e+14 1.29474934866e+14 0 0
27.736 1 ATTITUDE 0.614014 1.113037 -0.125488
27.738 1 ESTIMATOR -17. 0.
27.836 1 ATTITUDE 0.584229 1.087402 -0.104248
27.841 1 DESIRED -0.74 0.35 5. 11. -106. 755. 2.
27.845 1 WP_MOVED 0 503228. 3567931. 755. 12
27.848 1 IMU_GYRO 0.255371 0.090332 0.374512
27.853 1 NAVIGATION 0 1 10804865. -3567889. 1.2947394501e+14 1.29474934866e+14 0 0
27.888 1 GPS 0 1130805120 0 0 -17000 0 0 0 82263250 12 6
27.901 1 FBW_STATUS 2 0 1 0 0
27.908 1 NAVIGATION 0 1 10804865. -3567889. 1.2947394501e+14 1.29474934866e+14 0 0
27.936 1 ATTITUDE 0.553467 1.065186 -0.075439
27.939 1 BAT 0 0 0 0 0 42 42 0
28.035 1 ATTITUDE 0.520508 1.059814 -0.036621
28.041 1 DESIRED -0.74 0.33 5. 11. -106. 755. 2.
28.045 1 IMU_MAG -0.40625 -0.688477 -0.46582
28.135 1 ATTITUDE 0.488281 1.07373 0.015625
28.141 1 GPS 0 1130805120 0 0 -17000 0 0 0 82263500 12 7
28.144 1 IMU_ACCEL -2.699219 -3.296875 9.379883
28.154 1 NAVIGATION 0 1 10804865. -3567889. 1.2947394501e+14 1.29474934866e+14 0 0
28.235 1 ATTITUDE 0.461182 1.084473 0.058105
28.241 1 DESIRED -0.74 0.3 5. 11. -106. 755. 2.
28.244 1 ESTIMATOR -17. 0.
28.246 1 DOWNLINK 6 846 1588
28.335 1 ATTITUDE 0.432861 1.122314 0.098633
28.339 1 WP_MOVED 1 503186. 3567889. 755. 12
28.388 1 GPS 0 1130805120 0 0 -17000 0 0 0 82263750 12 8
28.391 1 SVINFO 8 11 16 4 25 -91 0
28.404 1 NAVIGATION 0 1 10804865. -3567889. 1.2947394501e+14 1.29474934866e+14 0 0
28.435 1 ATTITUDE 0.394775 1.158936 0.124023
28.441 1 DESIRED -0.74 0.27 5. 11. -106. 755. 2.
28.444 1 IMU_GYRO 0.353271 0.278809 0.025391
28.535 1 ATTITUDE 0.360596 1.199707 0.158447
28.537 1 DL_VALUE 4 0.
28.581 1 DOWNLINK_STATUS 20 16741 760 0 822. 37. 2.75
28.635 1 ATTITUDE 0.338867 1.229492 0.199463
28.641 1 DESIRED -0.74 0.25 5. 11. -106. 755. 2.
28.647 1 GPS 0 1130805120 0 0 -17000 0 0 0 82264000 12 9
28.650 1 GPS_SOL 795625920 100104 9999 0
28.655 1 NAVIGATION 0 1 10804865. -3567889. 1.2947394501e+14 1.29474934866e+14 0 0
28.735 1 ATTITUDE 0.323486 1.255615 0.23999
28.738 1 ESTIMATOR -17. 0.
28.740 1 CALIBRATION -150. 0
28.741 1 STATE_FILTER_STATUS 3 0
28.835 1 ATTITUDE 0.307373 1.294922 0.277344
28.841 1 DESIRED -0.74 0.23 5. 11. -106. 755. 2.
28.845 1 WP_MOVED 2 503197.09375 3567783. 755. 12
28.849 1 NAVIGATION 0 1 10804865. -3567889. 1.2947394501e+14 1.29474934866e+14 0 0
28.888 1 GPS 0 1130805120 0 0 -17000 0 0 0 82264250 12 10
28.890 1 SVINFO 10 13 16 4 27 -91 0
28.904 1 NAVIGATION 0 1 10804865. -3567889. 1.2947394501e+14 1.29474934866e+14 0 0
28.935 1 ATTITUDE 0.311035 1.337402 0.272217
28.938 1 IMU_ACCEL -7.119141 -1.750977 8.691406
29.035 1 ATTITUDE 0.298584 1.375488 0.303711
29.041 1 DESIRED -0.74 0.23 5. 11. -106. 755. 2.
29.044 1 IMU_GYRO 0.095703 0.107422 0.149902
29.048 1 BAT 0 0 0 0 0 43 43 0
29.069 1 PONG 
29.135 1 ATTITUDE 0.283936 1.391602 0.3479
29.141 1 GPS 0 1130805120 0 0 -17000 0 0 0 82264500 12 11
29.154 1 NAVIGATION 0 1 10804865. -3567889. 1.2947394501e+14 1.29474934866e+14 0 0
29.235 1 ATTITUDE 0.256348 1.361572 0.38623
29.241 1 DESIRED -0.74 0.21 5. 11. -106. 755. 2.
29.244 1 ESTIMATOR -17. 0.
29.335 1 ATTITUDE 0.228516 1.300049 0.399902
29.339 1 WP_MOVED 0 503228. 3567931. 755. 12
29.342 1 IMU_MAG -0.041504 -1.050293 -0.275879
29.388 1 GPS 0 1130805120 0 0 -17000 0 0 0 82264750 12 12
29.404 1 NAVIGATION 0 1 10804865. -3567889. 1.2947394501e+14 1.29474934866e+14 0 0
29.435 1 ATTITUDE 0.201172 1.233887 0.39624
29.441 1 DESIRED -0.74 0.19 5. 11. -106. 755. 2.
29.535 1 ATTITUDE 0.167236 1.185303 0.383545
29.539 1 ENERGY 0. 0. 0 0.
29.582 1 DOWNLINK_STATUS 21 17572 798 0 831. 38. 2.7
29.635 1 ATTITUDE 0.147461 1.158691 0.393066
29.641 1 DESIRED -0.74 0.17 5. 11. -106. 755. 2.
29.647 1 GPS 0 1130805120 0 0 -17000 0 0 0 82265000 12 13
29.650 1 IMU_GYRO -0.167969 -0.029785 0.527832
29.655 1 NAVIGATION 0 1 10804865. -3567889. 1.2947394501e+14 1.29474934866e+14 0 0
29.735 1 ATTITUDE 0.123291 1.143799 0.398193
29.738 1 ESTIMATOR -17. 0.
29.742 1 IMU_ACCEL -6.59082 -0.047852 7.850586
29.835 1 ATTITUDE 0.091309 1.114502 0.366211
29.841 1 DESIRED -0.74 0.14 5. 11. -106. 755. 2.
29.845 1 WP_MOVED 1 503186. 3567889. 755. 12
29.849 1 NAVIGATION 0 1 10804865. -3567889. 1.2947394501e+14 1.29474934866e+14 0 0
29.888 1 GPS 0 1130805120 0 0 -17000 0 0 0 82265250 12 14
29.890 1 SVINFO 14 19 16 4 24 -91 0
29.901 1 FBW_STATUS 2 0 1 0 0
29.910 1 NAVIGATION 0 1 10804865. -3567889. 1.2947394501e+14 1.29474934866e+14 0 0
29.934 1 ATTITUDE 0.057617 1.109863 0.33667
30.035 1 ATTITUDE 0.049805 1.135498 0.311768
30.041 1 DESIRED -0.74 0.12 5. 11. -106. 755. 2.
30.043 1 DL_VALUE 5 0.
30.135 1 ATTITUDE 0.043701 1.158447 0.270996
30.141 1 GPS 0 1130805120 0 0 -17000 0 0 0 82265500 12 15
30.144 1 SVINFO 15 23 16 3 23 -91 0
30.147 1 BAT 0 0 0 0 0 44 44 0
30.154 1 NAVIGATION 0 1 10804865. -3567889. 1.2947394501e+14 1.29474934866e+14 0 0
30.235 1 ATTITUDE 0.042725 1.171143 0.246094
30.241 1 DESIRED -0.74 0.12 5. 11. -106. 755. 2.
30.244 1 ESTIMATOR -17. 0.
30.247 1 IMU_GYRO -0.089355 -0.263916 0.105225
30.335 1 ATTITUDE 0.043701 1.170166 0.214355
30.339 1 WP_MOVED 2 503197.09375 3567783. 755. 12
30.388 1 GPS 0 1130805120 0 0 -17000 0 0 0 82265750 12 16
30.390 1 SVINFO 0 3 16 7 34 -91 0
30.403 1 NAVIGATION 0 1 10804865. -3567889. 1.2947394501e+14 1.29474934866e+14 0 0
30.435 1 ATTITUDE 0.046875 1.176025 0.189697
30.441 1 DESIRED -0.74 0.12 5. 11. -106. 755. 2.
30.535 1 ATTITUDE 0.037842 1.189209 0.191162
30.538 1 IMU_ACCEL -4.193359 0.662109 8.885742
30.583 1 DOWNLINK_STATUS 22 18411 836 0 839. 38. 2.7
30.635 1 ATTITUDE 0.02124 1.22583 0.234375
30.641 1 DESIRED -0.74 0.11 5. 11. -106. 755. 2.
30.647 1 GPS 0 1130805120 0 0 -17000 0 0 0 82266000 12 1
30.650 1 IMU_MAG -0.364746 -1.168945 -0.313477
30.653 1 GPS_SOL 795627328 100110 9999 0
30.658 1 NAVIGATION 0 1 10804865. -3567889. 1.2947394501e+14 1.29474934866e+14 0 0
30.735 1 ATTITUDE -0.018066 1.253662 0.306152
30.738 1 ESTIMATOR -17. 0.
30.835 1 ATTITUDE -0.048584 1.268799 0.357422
30.841 1 DESIRED -0.74 0.12 5. 11. -106. 755. 2.
30.845 1 WP_MOVED 0 503228. 3567931. 755. 12
30.848 1 IMU_GYRO 0.259521 0.578857 0.17334
30.852 1 NAVIGATION 0 1 10804865. -3567889. 1.2947394501e+14 1.29474934866e+14 0 0
30.854 1 CALIBRATION -150. 0
30.888 1 GPS 0 1130805120 0 0 -17000 0 0 0 82266250 12 2
30.903 1 NAVIGATION 0 1 10804865. -3567889. 1.2947394501e+14 1.29474934866e+14 0 0
30.935 1 ATTITUDE -0.09082 1.266846 0.412842
30.936 1 STATE_FILTER_STATUS 3 0
31.001 1 COMMANDS 0,-4177,-1576
31.035 1 ATTITUDE -0.130859 1.242188 0.447998
31.041 1 DESIRED -0.74 0.16 5. 11. -106. 755. 2.
31.101 1 ACTUATORS 1000,1475,1344
31.135 1 ATTITUDE -0.176514 1.19751 0.44165
31.141 1 GPS 0 1130805120 0 0 -17000 0 0 0 82266500 12 3
31.143 1 SVINFO 3 6 16 4 29 -91 0
31.153 1 NAVIGATION 0 1 10804865. -3567889. 1.2947394501e+14 1.29474934866e+14 0 0
31.235 1 ATTITUDE -0.201172 1.162109 0.391357
31.241 1 DESIRED -0.74 0.19 5. 11. -106. 755. 2.
31.244 1 ESTIMATOR -17. 0.
31.247 1 BAT 0 0 0 0 0 45 45 0
31.335 1 ATTITUDE -0.213623 1.154053 0.355713
31.339 1 WP_MOVED 1 503186. 3567889. 755. 12
31.342 1 IMU_ACCEL -4.65918 2.317383 6.202148
31.388 1 GPS 0 1130805120 0 0 -17000 0 0 0 82266750 12 4
31.390 1 SVINFO 4 7 16 3 32 -91 0
31.403 1 NAVIGATION 0 1 10804865. -3567889. 1.2947394501e+14 1.29474934866e+14 0 0
31.435 1 ATTITUDE -0.212646 1.181396 0.376221
31.441 1 DESIRED -0.74 0.19 5. 11. -106. 755. 2.
31.444 1 IMU_GYRO 0.012695 0.531982 -0.208496
31.535 1 ATTITUDE -0.223389 1.21167 0.398438
31.537 1 DL_VALUE 6 100.
31.584 1 DOWNLINK_STATUS 23 19285 877 0 874. 41. 2.7
31.635 1 ATTITUDE -0.24585 1.23877 0.426514
31.641 1 DESIRED -0.74 0.21 5. 11. -106. 755. 2.
31.647 1 GPS 0 1130805120 0 0 -17000 0 0 0 82267000 12 5
31.653 1 NAVIGATION 0 1 10804865. -3567889. 1.2947394501e+14 1.29474934866e+14 0 0
31.735 1 ATTITUDE -0.259766 1.263428 0.448975
31.738 1 ESTIMATOR -17. 0.
31.835 1 ATTITUDE -0.272461 1.261963 0.431396
31.841 1 DESIRED -0.74 0.22 5. 11. -106. 755. 2.
31.845 1 WP_MOVED 2 503197.09375 3567783. 755. 12
31.849 1 NAVIGATION 0 1 10804865. -3567889. 1.2947394501e+14 1.29474934866e+14 0 0
31.888 1 GPS 0 1130805120 0 0 -17000 0 0 0 82267250 12 6
31.901 1 FBW_STATUS 2 0 1 0 0
31.906 1 NAVIGATION 0 1 10804865. -3567889. 1.2947394501e+14 1.29474934866e+14 0 0
31.935 1 ATTITUDE -0.264648 1.263184 0.401367
31.937 1 IMU_MAG -0.286133 -1.360352 -0.161133
32.035 1 ATTITUDE -0.255859 1.293213 0.394531
32.041 1 DESIRED -0.74 0.21 5. 11. -106. 755. 2.
32.044 1 IMU_GYRO -0.048828 -0.011475 -0.246826
32.048 1 ENERGY 0. 0. 0 0.
32.135 1 ATTITUDE -0.237061 1.333252 0.411377
32.141 1 GPS 0 1130805120 0 0 -17000 0 0 0 82267500 12 7
32.144 1 IMU_ACCEL -6.792969 2.908203 6.762695
32.148 1 ALIVE 202,233,219,16,31,75,154,108,154,116,222,5,16,81,225,166
32.153 1 NAVIGATION 0 1 10804865. -3567889. 1.2947394501e+14 1.29474934866e+14 0 0
32.235 1 ATTITUDE -0.227051 1.358154 0.405029
32.241 1 DESIRED -0.74 0.2 5. 11. -106. 755. 2.
32.244 1 ESTIMATOR -17. 0.
32.246 1 PPRZ_MODE 2 3 3 0 0 6
32.335 1 ATTITUDE -0.217285 1.369873 0.39502
32.339 1 WP_MOVED 0 503228. 3567931. 755. 12
32.342 1 BAT 0 0 0 0 0 46 46 0
32.388 1 GPS 0 1130805120 0 0 -17000 0 0 1737 82267750 12 8
32.390 1 SVINFO 8 11 16 4 18 -91 0
32.403 1 NAVIGATION 0 1 10804865. -3567889. 1.2947394501e+14 1.29474934866e+14 0 0
32.435 1 ATTITUDE -0.200195 1.4021 0.442871
32.441 1 DESIRED -0.74 0.19 5. 11. -106. 755. 2.
32.535 1 ATTITUDE -0.191406 1.443115 0.505127
32.538 1 NAVIGATION_REF 503186 3567889 12
32.585 1 DOWNLINK_STATUS 24 20137 915 0 852. 38. 2.7
32.635 1 ATTITUDE -0.162354 1.493896 0.540283
32.641 1 DESIRED -0.74 0.17 5. 11. -106. 755. 2.
32.647 1 GPS 0 1130805120 0 0 -17000 0 0 1737 82268000 12 9
32.650 1 IMU_GYRO 0.095703 0.285156 -0.499023
32.653 1 GPS_SOL 795628864 100116 9999 0
32.657 1 NAVIGATION 0 1 10804865. -3567889. 1.2947394501e+14 1.29474934866e+14 0 0
32.735 1 ATTITUDE -0.135986 1.561768 0.587158
32.738 1 ESTIMATOR -17. 0.
32.747 1 WIND_INFO 1 42 0. 0. 0.
32.835 1 ATTITUDE -0.109619 1.615479 0.597656
32.841 1 DESIRED -0.74 0.15 5. 11. -106. 755. 2.
32.845 1 WP_MOVED 1 503186. 3567889. 755. 12
32.849 1 NAVIGATION 0 1 10804865. -3567889. 1.2947394501e+14 1.29474934866e+14 0 0
32.888 1 GPS 0 1130805120 0 0 -17000 0 0 1737 82268250 12 10
32.890 1 SVINFO 10 13 16 4 22 -91 0
32.903 1 NAVIGATION 0 1 10804865. -3567889. 1.2947394501e+14 1.29474934866e+14 0 0
32.935 1 ATTITUDE -0.106445 1.637695 0.583496
32.937 1 IMU_ACCEL -6.975586 1.37207 4.578125
32.941 1 CALIBRATION -150. 0
33.035 1 ATTITUDE -0.069092 1.693115 0.608887
33.041 1 DESIRED -0.74 0.13 5. 11. -106. 755. 2.
33.043 1 DL_VALUE 7 2.
33.135 1 ATTITUDE -0.064697 1.721436 0.592285
33.141 1 GPS 0 1130805120 0 0 -17000 0 0 1737 82268500 12 11
33.142 1 STATE_FILTER_STATUS 3 0
33.153 1 NAVIGATION 0 1 10804865. -3567889. 1.2947394501e+14 1.29474934866e+14 0 0
33.235 1 ATTITUDE -0.042725 1.753174 0.591064
33.241 1 DESIRED -0.74 0.12 5. 11. -106. 755. 2.
33.244 1 ESTIMATOR -17. 0.
33.247 1 IMU_GYRO -0.010498 0.280762 -0.32666
33.250 1 IMU_MAG 0.153809 -1.195312 -0.060059
33.335 1 ATTITUDE -0.035156 1.775146 0.597168
33.339 1 WP_MOVED 2 503197.09375 3567783. 755. 12
33.340 1 DOWNLINK 6 843 1786
33.388 1 GPS 0 1130805120 0 0 -17000 0 0 1737 82268750 12 12
33.403 1 NAVIGATION 0 1 10804865. -3567889. 1.2947394501e+14 1.29474934866e+14 0 0
33.435 1 ATTITUDE -0.04248 1.798828 0.601074
33.441 1 DESIRED -0.74 0.12 5. 11. -106. 755. 2.
33.445 1 BAT 0 0 0 0 0 47 47 0
33.535 1 ATTITUDE -0.050049 1.819336 0.612061
33.585 1 DOWNLINK_STATUS 25 20982 954 0 845. 39. 2.7
33.635 1 ATTITUDE -0.052979 1.84082 0.611816
33.641 1 DESIRED -0.74 0.12 5. 11. -106. 755. 2.
33.647 1 GPS 0 1130805120 0 0 -17000 0 0 1737 82269000 12 13
33.653 1 NAVIGATION 0 1 10804865. -3567889. 1.2947394501e+14 1.29474934866e+14 0 0
33.735 1 ATTITUDE -0.053711 1.850586 0.620605
33.738 1 ESTIMATOR -17. 0.
33.741 1 IMU_ACCEL -7.388672 0.110352 5.337891
33.835 1 ATTITUDE -0.044922 1.862061 0.634277
33.841 1 DESIRED -0.74 0.12 5. 11. -106. 755. 2.
33.845 1 WP_MOVED 0 503228. 3567931. 755. 12
33.848 1 IMU_GYRO 0.065918 0.507568 -0.166992
33.852 1 NAVIGATION 0 1 10804865. -3567889. 1.2947394501e+14 1.29474934866e+14 0 0
33.888 1 GPS 0 1130805120 0 0 -17000 0 0 1737 82269250 12 14
33.890 1 SVINFO 14 19 16 4 20 -91 0
33.901 1 FBW_STATUS 2 0 1 0 0
33.906 1 NAVIGATION 0 1 10804865. -3567889. 1.2947394501e+14 1.29474934866e+14 0 0
33.934 1 ATTITUDE -0.039307 1.876709 0.665283
34.035 1 ATTITUDE -0.036133 1.905029 0.684082
34.041 1 DESIRED -0.74 0.12 5. 11. -106. 755. 2.
34.071 1 PONG 
34.135 1 ATTITUDE -0.012451 1.948486 0.72168
34.141 1 GPS 0 1130805120 0 0 -17000 0 0 1737 82269500 12 15
34.143 1 SVINFO 15 23 16 3 27 -91 0
34.153 1 NAVIGATION 0 1 10804865. -3567889. 1.2947394501e+14 1.29474934866e+14 0 0
34.235 1 ATTITUDE -0.031738 1.916504 0.690674
34.241 1 DESIRED -0.74 0.11 5. 11. -106. 755. 2.
34.243 1 ESTIMATOR -17. 0.
34.335 1 ATTITUDE -0.014893 1.946289 0.706787
34.339 1 WP_MOVED 1 503186. 3567889. 755. 12
34.388 1 GPS 0 1130805120 0 0 -17000 0 0 1737 82269750 12 16
34.390 1 SVINFO 0 3 16 6 30 -91 0
34.403 1 NAVIGATION 0 1 10804865. -3567889. 1.2947394501e+14 1.29474934866e+14 0 0
34.435 1 ATTITUDE -0.026611 1.94043 0.696777
34.442 1 DESIRED -0.74 0.11 5. 11. -106. 755. 2.
34.443 1 IMU_GYRO 0.084961 -0.013672 -0.013672
34.535 1 ATTITUDE -0.035156 1.938965 0.687744
34.538 1 IMU_ACCEL -8.363281 -0.680664 4.316406
34.542 1 BAT 0 0 0 0 0 48 48 0
34.545 1 IMU_MAG 0.310547 -1.189453 0.108887
34.547 1 DL_VALUE 8 0.
34.550 1 ENERGY 0. 0. 0 0.
34.586 1 DOWNLINK_STATUS 26 21865 995 0 883. 41. 3.51
35.587 1 DOWNLINK_STATUS 27 21865 995 0 0. 0. 3.51
36.588 1 DOWNLINK_STATUS 28 21865 995 0 0. 0. 3.51
37.588 1 DOWNLINK_STATUS 29 21865 995 0 0. 0. 3.51
38.589 1 DOWNLINK_STATUS 30 21865 995 0 0. 0. 3.51
39.589 1 DOWNLINK_STATUS 31 21865 995 0 0. 0. -4997.2
40.590 1 DOWNLINK_STATUS 32 21865 995 0 0. 0. -4997.2
41.590 1 DOWNLINK_STATUS 33 21865 995 0 0. 0. -4997.2
42.591 1 DOWNLINK_STATUS 34 21865 995 0 0. 0. -4997.2
42.747 1 WIND_INFO 1 42 0. 0. 0.
43.592 1 DOWNLINK_STATUS 35 21865 995 0 0. 0. -4997.2
44.593 1 DOWNLINK_STATUS 36 21865 995 0 0. 0. -9997.78
45.594 1 DOWNLINK_STATUS 37 21865 995 0 0. 0. -9997.78
46.594 1 DOWNLINK_STATUS 38 21865 995 0 0. 0. -9997.78
47.596 1 DOWNLINK_STATUS 39 21865 995 0 0. 0. -9997.78
48.596 1 DOWNLINK_STATUS 40 21865 995 0 0. 0. -9997.78
49.598 1 DOWNLINK_STATUS 41 21865 995 0 0. 0. -14998.04
50.599 1 DOWNLINK_STATUS 42 21865 995 0 0. 0. -14998.04
51.600 1 DOWNLINK_STATUS 43 21865 995 0 0. 0. -14998.04
52.600 1 DOWNLINK_STATUS 44 21865 995 0 0. 0. -14998.04
52.747 1 WIND_INFO 1 42 0. 0. 0.
53.601 1 DOWNLINK_STATUS 45 21865 995 0 0. 0. -14998.04
54.602 1 DOWNLINK_STATUS 46 21865 995 0 0. 0. -19998.89
55.602 1 DOWNLINK_STATUS 47 21865 995 0 0. 0. -19998.89
56.603 1 DOWNLINK_STATUS 48 21865 995 0 0. 0. -19998.89
57.604 1 DOWNLINK_STATUS 49 21865 995 0 0. 0. -19998.89
58.604 1 DOWNLINK_STATUS 50 21865 995 0 0. 0. -19998.89
59.605 1 DOWNLINK_STATUS 51 21865 995 0 0. 0. -24999.76
60.606 1 DOWNLINK_STATUS 52 21865 995 0 0. 0. -24999.76
61.607 1 DOWNLINK_STATUS 53 21865 995 0 0. 0. -24999.76
62.608 1 DOWNLINK_STATUS 54 21865 995 0 0. 0. -24999.76
62.748 1 WIND_INFO 1 42 0. 0. 0.
63.609 1 DOWNLINK_STATUS 55 21865 995 0 0. 0. -24999.76
64.610 1 DOWNLINK_STATUS 56 21865 995 0 0. 0. -29999.93
65.611 1 DOWNLINK_STATUS 57 21865 995 0 0. 0. -29999.93
66.611 1 DOWNLINK_STATUS 58 21865 995 0 0. 0. -29999.93
67.612 1 DOWNLINK_STATUS 59 21865 995 0 0. 0. -29999.93
68.613 1 DOWNLINK_STATUS 60 21865 995 0 0. 0. -29999.93
69.615 1 DOWNLINK_STATUS 61 21865 995 0 0. 0. -35001.34
70.615 1 DOWNLINK_STATUS 62 21865 995 0 0. 0. -35001.34
71.617 1 DOWNLINK_STATUS 63 21865 995 0 0. 0. -35001.34
72.617 1 DOWNLINK_STATUS 64 21865 995 0 0. 0. -35001.34
72.748 1 WIND_INFO 1 42 0. 0. 0.
73.618 1 DOWNLINK_STATUS 65 21865 995 0 0. 0. -35001.34
74.619 1 DOWNLINK_STATUS 66 21865 995 0 0. 0. -40002.4
75.619 1 DOWNLINK_STATUS 67 21865 995 0 0. 0. -40002.4
76.620 1 DOWNLINK_STATUS 68 21865 995 0 0. 0. -40002.4
77.622 1 DOWNLINK_STATUS 69 21865 995 0 0. 0. -40002.4
78.622 1 DOWNLINK_STATUS 70 21865 995 0 0. 0. -40002.4
79.624 1 DOWNLINK_STATUS 71 21865 995 0 0. 0. -45003.23
80.625 1 DOWNLINK_STATUS 72 21865 995 0 0. 0. -45003.23
81.625 1 DOWNLINK_STATUS 73 21865 995 0 0. 0. -45003.23
82.626 1 DOWNLINK_STATUS 74 21865 995 0 0. 0. -45003.23
82.748 1 WIND_INFO 1 42 0. 0. 0.
83.628 1 DOWNLINK_STATUS 75 21865 995 0 0. 0. -45003.23
84.629 1 DOWNLINK_STATUS 76 21865 995 0 0. 0. -50003.84
85.629 1 DOWNLINK_STATUS 77 21865 995 0 0. 0. -50003.84
86.630 1 DOWNLINK_STATUS 78 21865 995 0 0. 0. -50003.84
87.630 1 DOWNLINK_STATUS 79 21865 995 0 0. 0. -50003.84
88.631 1 DOWNLINK_STATUS 80 21865 995 0 0. 0. -50003.84
89.632 1 DOWNLINK_STATUS 81 21865 995 0 0. 0. -55004.38
90.632 1 DOWNLINK_STATUS 82 21865 995 0 0. 0. -55004.38
91.633 1 DOWNLINK_STATUS 83 21865 995 0 0. 0. -55004.38
92.633 1 DOWNLINK_STATUS 84 21865 995 0 0. 0. -55004.38
92.748 1 WIND_INFO 1 42 0. 0. 0.
93.634 1 DOWNLINK_STATUS 85 21865 995 0 0. 0. -55004.38
94.635 1 DOWNLINK_STATUS 86 21865 995 0 0. 0. -60004.78
95.636 1 DOWNLINK_STATUS 87 21865 995 0 0. 0. -60004.78
96.636 1 DOWNLINK_STATUS 88 21865 995 0 0. 0. -60004.78
97.637 1 DOWNLINK_STATUS 89 21865 995 0 0. 0. -60004.78
98.640 1 DOWNLINK_STATUS 90 21865 995 0 0. 0. -60004.78
99.640 1 DOWNLINK_STATUS 91 21865 995 0 0. 0. -65005.41
100.640 1 DOWNLINK_STATUS 92 21865 995 0 0. 0. -65005.41
101.641 1 DOWNLINK_STATUS 93 21865 995 0 0. 0. -65005.41
102.641 1 DOWNLINK_STATUS 94 21865 995 0 0. 0. -65005.41
102.748 1 WIND_INFO 1 42 0. 0. 0.
103.642 1 DOWNLINK_STATUS 95 21865 995 0 0. 0. -65005.41
104.643 1 DOWNLINK_STATUS 96 21865 995 0 0. 0. -70005.75
105.644 1 DOWNLINK_STATUS 97 21865 995 0 0. 0. -70005.75
106.645 1 DOWNLINK_STATUS 98 21865 995 0 0. 0. -70005.75
107.646 1 DOWNLINK_STATUS 99 21865 995 0 0. 0. -70005.75
108.646 1 DOWNLINK_STATUS 100 21865 995 0 0. 0. -70005.75
109.647 1 DOWNLINK_STATUS 101 21865 995 0 0. 0. -75006.94
110.648 1 DOWNLINK_STATUS 102 21865 995 0 0. 0. -75006.94
111.648 1 DOWNLINK_STATUS 103 21865 995 0 0. 0. -75006.94
112.649 1 DOWNLINK_STATUS 104 21865 995 0 0. 0. -75006.94
112.749 1 WIND_INFO 1 42 0. 0. 0.
113.650 1 DOWNLINK_STATUS 105 21865 995 0 0. 0. -75006.94
114.650 1 DOWNLINK_STATUS 106 21865 995 0 0. 0. -80007.21
115.651 1 DOWNLINK_STATUS 107 21865 995 0 0. 0. -80007.21
116.652 1 DOWNLINK_STATUS 108 21865 995 0 0. 0. -80007.21
117.652 1 DOWNLINK_STATUS 109 21865 995 0 0. 0. -80007.21
118.653 1 DOWNLINK_STATUS 110 21865 995 0 0. 0. -80007.21
119.654 1 DOWNLINK_STATUS 111 21865 995 0 0. 0. -85007.7
120.655 1 DOWNLINK_STATUS 112 21865 995 0 0. 0. -85007.7
121.655 1 DOWNLINK_STATUS 113 21865 995 0 0. 0. -85007.7
122.656 1 DOWNLINK_STATUS 114 21865 995 0 0. 0. -85007.7
122.749 1 WIND_INFO 1 42 0. 0. 0.
123.657 1 DOWNLINK_STATUS 115 21865 995 0 0. 0. -85007.7
124.658 1 DOWNLINK_STATUS 116 21865 995 0 0. 0. -90008.42
125.659 1 DOWNLINK_STATUS 117 21865 995 0 0. 0. -90008.42
126.660 1 DOWNLINK_STATUS 118 21865 995 0 0. 0. -90008.42
127.661 1 DOWNLINK_STATUS 119 21865 995 0 0. 0. -90008.42
128.661 1 DOWNLINK_STATUS 120 21865 995 0 0. 0. -90008.42
129.662 1 DOWNLINK_STATUS 121 21865 995 0 0. 0. -95008.93
130.663 1 DOWNLINK_STATUS 122 21865 995 0 0. 0. -95008.93
131.663 1 DOWNLINK_STATUS 123 21865 995 0 0. 0. -95008.93
132.664 1 DOWNLINK_STATUS 124 21865 995 0 0. 0. -95008.93
132.749 1 WIND_INFO 1 42 0. 0. 0.
133.665 1 DOWNLINK_STATUS 125 21865 995 0 0. 0. -95008.93
134.515 1 BOOT 1
134.517 1 PPRZ_MODE 2 0 0 0 0 6
134.578 1 COMMANDS 0,0,0
134.612 1 ATTITUDE 0. 0. 0.
134.618 1 DESIRED 0. 0. 0. 0. 0. 0. 0.
134.666 1 DOWNLINK_STATUS 126 21950 1000 0 85. 5. -100009.58
134.678 1 ACTUATORS 1000,1500,1500
134.712 1 ATTITUDE 0. 0. 0.
134.718 1 GPS 0 0 0 0 0 0 0 0 0 0 0
134.721 1 BAT 0 0 0 0 0 0 0 0
134.730 1 NAVIGATION 0 1 0. 0. 0. 0. 0 0
134.812 1 ATTITUDE 0. 0. 0.
134.818 1 DESIRED 0. 0. 0. 0. 0. 57. 0.
134.820 1 ESTIMATOR 0. 0.
134.912 1 ATTITUDE 0. 0. 0.
134.915 1 WP_MOVED 1 503186. 3567889. 755. 12
134.965 1 GPS 0 0 0 0 0 0 0 0 245 0 1
134.980 1 NAVIGATION 0 2 -503186. -3567889. 1.29822820925e+13 1.29830286787e+13 0 0
135.012 1 ATTITUDE 0. 0. 0.
135.018 1 DESIRED 0. 0. 0. 0. 0. 57. 0.
135.021 1 IMU_GYRO 0.019043 -0.05957 -0.010498
135.024 1 IMU_MAG 0.031738 -0.960449 -0.425781
135.112 1 ATTITUDE 0. 0. 0.
135.115 1 IMU_ACCEL -6.230469 -1.477539 6.995117
135.117 1 DL_VALUE 0 0.
135.212 1 ATTITUDE 0. 0. 0.
135.218 1 DESIRED 0. 0. 0. 0. 0. 57. 0.
135.223 1 GPS 0 1130805120 0 0 -17000 0 0 0 454 12 1
135.226 1 GPS_SOL 795612928 100000 9999 0
135.231 1 NAVIGATION 0 1 10804865. -3567889. 0. 1.29474934866e+14 0 0
135.312 1 ATTITUDE 0. 0. 0.
135.314 1 ESTIMATOR -17. 0.
135.316 1 CALIBRATION 0. 0
135.412 1 ATTITUDE 0. 0. 0.
135.418 1 DESIRED 0. 0. 0. 0. 0. 57. 0.
135.421 1 WP_MOVED 2 503197.09375 3567783. 755. 12
135.426 1 NAVIGATION 0 1 10804865. -3567889. 0. 1.29474934866e+14 0 0
135.464 1 GPS 0 1130805120 0 0 -17000 0 0 0 704 12 2
135.480 1 NAVIGATION 0 1 10804865. -3567889. 1.2947394501e+14 1.29474934866e+14 0 0
135.512 1 ATTITUDE 0. 0. 0.
135.513 1 STATE_FILTER_STATUS 2 0
135.612 1 ATTITUDE 0. 0. 0.
135.618 1 DESIRED -0.74 0.1 5. 11. -106. 755. 2.
135.621 1 IMU_GYRO -0.031738 0.005127 0.012695
135.624 1 ENERGY 0. 0. 0 0.
135.667 1 DOWNLINK_STATUS 127 22803 1039 0 853. 39. -100009.58
135.712 1 ATTITUDE 0. 0. 0.
135.718 1 GPS 0 1130805120 0 0 -17000 0 0 0 954 12 3
135.722 1 ALIVE 202,233,219,16,31,75,154,108,154,116,222,5,16,81,225,166
135.730 1 NAVIGATION 0 1 10804865. -3567889. 1.2947394501e+14 1.29474934866e+14 0 0
135.812 1 ATTITUDE 0. 0. 0.
135.818 1 DESIRED -0.74 0.1 5. 11. -106. 755. 2.
135.820 1 ESTIMATOR -17. 0.
135.824 1 BAT 0 0 0 0 0 1 1 0
135.826 1 PPRZ_MODE 2 3 3 0 0 6
135.912 1 ATTITUDE 0. 0. 0.
135.915 1 WP_MOVED 0 503228. 3567931. 755. 12
135.918 1 IMU_ACCEL -5.995117 -1.943359 7.266602
135.964 1 GPS 0 1130805120 0 0 -17000 0 0 0 954 12 4
135.980 1 NAVIGATION 0 1 10804865. -3567889. 1.2947394501e+14 1.29474934866e+14 0 0
136.012 1 ATTITUDE 0. 0. 0.
136.018 1 DESIRED -0.74 0.1 5. 11. -106. 755. 2.
136.020 1 DOWNLINK 0 255 61
136.112 1 ATTITUDE 0. 0. 0.
136.114 1 NAVIGATION_REF 503186 3567889 12
136.212 1 ATTITUDE 0. 0. 0.
136.218 1 DESIRED -0.74 0.1 5. 11. -106. 755. 2.
136.223 1 GPS 0 1130805120 0 0 -17000 0 0 0 1454 12 5
136.227 1 IMU_GYRO -0.008301 -0.005127 -0.008301
136.231 1 NAVIGATION 0 1 10804865. -3567889. 1.2947394501e+14 1.29474934866e+14 0 0
136.312 1 ATTITUDE 0. 0. 0.
136.314 1 ESTIMATOR -17. 0.
136.317 1 IMU_MAG 0.029297 -0.960449 -0.428711
136.412 1 ATTITUDE 0. 0. 0.
136.418 1 DESIRED -0.74 0.1 5. 11. -106. 755. 2.
136.421 1 WP_MOVED 1 503186. 3567889. 755. 12
136.426 1 NAVIGATION 0 1 10804865. -3567889. 1.2947394501e+14 1.29474934866e+14 0 0
136.464 1 GPS 0 1130805120 0 0 -17000 0 0 0 1704 12 6
136.478 1 FBW_STATUS 2 0 1 0 0
136.482 1 NAVIGATION 0 1 10804865. -3567889. 1.2947394501e+14 1.29474934866e+14 0 0
136.512 1 ATTITUDE 0. 0. 0.
136.612 1 ATTITUDE 0. 0. 0.
136.618 1 DESIRED -0.74 0.1 5. 11. -106. 755. 2.
136.620 1 DL_VALUE 1 0.
136.668 1 DOWNLINK_STATUS 128 23643 1077 0 840. 38. -100009.58
136.712 1 ATTITUDE 0. 0. 0.
136.718 1 GPS 0 1130805120 0 0 -17000 0 0 0 1954 12 7
136.721 1 IMU_ACCEL -5.985352 -1.785156 7.175781
136.730 1 NAVIGATION 0 1 10804865. -3567889. 1.2947394501e+14 1.29474934866e+14 0 0
136.812 1 ATTITUDE 0. 0. 0.
136.818 1 DESIRED -0.74 0.1 5. 11. -106. 755. 2.
136.820 1 ESTIMATOR -17. 0.
136.823 1 IMU_GYRO -0.014893 -0.02124 0.000977
136.912 1 ATTITUDE 0. 0. 0.
136.915 1 WP_MOVED 2 503197.09375 3567783. 755. 12
136.919 1 BAT 0 0 0 0 0 2 2 0
136.964 1 GPS 0 1130805120 0 0 -17000 0 0 0 2204 12 8
136.980 1 NAVIGATION 0 1 10804865. -3567889. 1.2947394501e+14 1.29474934866e+14 0 0
136.994 1 DEBUG 38,4,5,0,4,5
137.012 1 ATTITUDE 0. 0. 0.
137.018 1 DESIRED -0.74 0.1 5. 11. -106. 755. 2.
137.112 1 ATTITUDE 0. 0. 0.
137.212 1 ATTITUDE 0. 0. 0.
137.218 1 DESIRED -0.74 0.1 5. 11. -106. 755. 2.
137.223 1 GPS 0 1130805120 0 0 -17000 0 0 0 2204 12 9
137.226 1 GPS_SOL 795612992 100005 9999 0
137.231 1 NAVIGATION 0 1 10804865. -3567889. 1.2947394501e+14 1.29474934866e+14 0 0
137.312 1 ATTITUDE 0. 0. 0.
137.314 1 ESTIMATOR -17. 0.
137.412 1 ATTITUDE 0. 0. 0.
137.418 1 DESIRED -0.74 0.1 5. 11. -106. 755. 2.
137.421 1 WP_MOVED 0 503228. 3567931. 755. 12
137.424 1 IMU_GYRO -0.006348 -0.003174 0.012695
137.429 1 NAVIGATION 0 1 10804865. -3567889. 1.2947394501e+14 1.29474934866e+14 0 0
137.431 1 CALIBRATION -16. 0
137.464 1 GPS 0 1130805120 0 0 -17000 0 0 0 2704 12 10
137.480 1 NAVIGATION 0 1 10804865. -3567889. 1.2947394501e+14 1.29474934866e+14 0 0
137.512 1 ATTITUDE 0. 0. 0.
137.515 1 IMU_ACCEL -5.952148 -1.804688 7.341797
137.612 1 ATTITUDE 0. 0. 0.
137.634 1 DESIRED -0.74 0.1 5. 11. -106. 755. 2.
137.635 1 IMU_MAG -0.012207 -0.92041 -0.431641
137.668 1 DOWNLINK_STATUS 129 24474 1114 0 831. 37. -100009.58
137.714 1 ATTITUDE 0. 0. 0.
137.717 1 GPS 0 1130805120 0 0 -17000 0 0 0 2954 12 11
137.719 1 STATE_FILTER_STATUS 2 0
137.730 1 NAVIGATION 0 1 10804865. -3567889. 1.2947394501e+14 1.29474934866e+14 0 0
137.812 1 ATTITUDE 0. 0. 0.
137.818 1 DESIRED -0.74 0.1 5. 11. -106. 755. 2.
137.820 1 ESTIMATOR -17. 0.
137.914 1 ATTITUDE 0. 0. 0.
137.915 1 WP_MOVED 1 503186. 3567889. 755. 12
137.964 1 GPS 0 1130805120 0 0 -17000 0 0 0 2954 12 12
137.980 1 NAVIGATION 0 1 10804865. -3567889. 1.2947394501e+14 1.29474934866e+14 0 0
138.012 1 ATTITUDE 0. 0. 0.
138.018 1 DESIRED -0.74 0.1 5. 11. -106. 755. 2.
138.021 1 IMU_GYRO -0.019043 -0.015869 0.009521
138.024 1 BAT 0 0 0 0 0 3 3 0
138.112 1 ATTITUDE 0. 0. 0.
138.114 1 DL_VALUE 2 755.
138.117 1 ENERGY 0. 0. 0 0.
138.212 1 ATTITUDE 0. 0. 0.
138.218 1 DESIRED -0.74 0.1 5. 11. -106. 755. 2.
138.223 1 GPS 0 1130805120 0 0 -17000 0 0 0 3454 12 13
138.230 1 NAVIGATION 0 1 10804865. -3567889. 1.2947394501e+14 1.29474934866e+14 0 0
138.312 1 ATTITUDE 0. 0. 0.
138.314 1 ESTIMATOR -17. 0.
138.317 1 IMU_ACCEL -5.975586 -1.871094 7.470703
138.412 1 ATTITUDE 0. 0. 0.
138.418 1 DESIRED -0.74 0.1 5. 11. -106. 755. 2.
138.421 1 WP_MOVED 2 503197.09375 3567783. 755. 12
138.426 1 NAVIGATION 0 1 10804865. -3567889. 1.2947394501e+14 1.29474934866e+14 0 0
138.464 1 GPS 0 1130805120 0 0 -17000 0 0 0 3454 12 14
138.478 1 FBW_STATUS 2 0 1 0 0
138.482 1 NAVIGATION 0 1 10804865. -3567889. 1.2947394501e+14 1.29474934866e+14 0 0
138.512 1 ATTITUDE 0. 0. 0.
138.612 1 ATTITUDE 0. 0. 0.
138.618 1 DESIRED -0.74 0.1 5. 11. -106. 755. 2.
138.621 1 IMU_GYRO -0.016846 0.023193 0.014893
138.669 1 DOWNLINK_STATUS 130 25282 1150 0 808. 36. -100009.58
138.712 1 ATTITUDE 0. 0. 0.
138.717 1 GPS 0 1130805120 0 0 -17000 0 0 0 3954 12 15
138.730 1 NAVIGATION 0 1 10804865. -3567889. 1.2947394501e+14 1.29474934866e+14 0 0
138.812 1 ATTITUDE 0. 0. 0.
138.818 1 DESIRED -0.74 0.1 5. 11. -106. 755. 2.
138.820 1 ESTIMATOR -17. 0.
138.912 1 ATTITUDE 0. 0. 0.
138.915 1 WP_MOVED 0 503228. 3567931. 755. 12
138.918 1 IMU_MAG 0.026855 -0.931641 -0.442871
138.964 1 GPS 0 1130805120 0 0 -17000 0 0 0 4204 12 16
138.980 1 NAVIGATION 0 1 10804865. -3567889. 1.2947394501e+14 1.29474934866e+14 0 0
139.012 1 ATTITUDE 0. 0. 0.
139.018 1 DESIRED -0.74 0.1 5. 11. -106. 755. 2.
139.085 1 PONG 
139.112 1 ATTITUDE 0. 0. 0.
139.115 1 IMU_ACCEL -5.970703 -1.833008 7.451172
139.118 1 BAT 0 0 0 0 0 4 4 0
139.212 1 ATTITUDE 0. 0. 0.
139.217 1 DESIRED -0.74 0.1 5. 11. -106. 755. 2.
139.223 1 GPS 0 1130805120 0 0 -17000 0 0 0 4454 12 1
139.226 1 IMU_GYRO -0.019043 0. 0.018066
139.229 1 GPS_SOL 795613120 100010 9999 0
139.234 1 NAVIGATION 0 1 10804865. -3567889. 1.2947394501e+14 1.29474934866e+14 0 0
139.312 1 ATTITUDE 0. 0. 0.
139.314 1 ESTIMATOR -17. 0.
139.412 1 ATTITUDE 0. 0. 0.
139.418 1 DESIRED -0.74 0.1 5. 11. -106. 755. 2.
139.421 1 WP_MOVED 1 503186. 3567889. 755. 12
139.426 1 NAVIGATION 0 1 10804865. -3567889. 1.2947394501e+14 1.29474934866e+14 0 0
139.464 1 GPS 0 1130805120 0 0 -17000 0 0 0 4454 12 2
139.480 1 NAVIGATION 0 1 10804865. -3567889. 1.2947394501e+14 1.29474934866e+14 0 0
139.512 1 ATTITUDE 0. 0. 0.
139.513 1 CALIBRATION -34. 0
139.578 1 COMMANDS 0,-4907,550
139.612 1 ATTITUDE 0. 0. 0.
139.618 1 DESIRED -0.74 0.1 5. 11. -106. 755. 2.
139.619 1 DL_VALUE 3 0.
139.669 1 DOWNLINK_STATUS 131 26094 1187 0 812. 37. 4.22
139.677 1 ACTUATORS 1000,1363,1408
139.712 1 ATTITUDE 0. 0. 0.
139.717 1 GPS 0 1130805120 0 0 -17000 0 0 0 4983 12 3
139.730 1 NAVIGATION 0 1 10804865. -3567889. 1.2947394501e+14 1.29474934866e+14 0 0
139.746 1 DEBUG 38,4,5,0,4,5,0,1,1,1,1,1,1,2,1,1,1
139.812 1 ATTITUDE 0. 0. 0.
139.818 1 DESIRED -0.74 0.1 5. 11. -106. 755. 2.
139.820 1 ESTIMATOR -17. 0.
139.823 1 IMU_GYRO -0.027588 0.000977 0.034912
139.912 1 ATTITUDE 0. 0. 0.
139.915 1 WP_MOVED 2 503197.09375 3567783. 755. 12
139.918 1 IMU_ACCEL -5.889648 -1.875977 7.422852
139.920 1 STATE_FILTER_STATUS 2 0
139.964 1 GPS 0 1130805120 0 0 -17000 0 0 0 5204 12 4
139.980 1 NAVIGATION 0 1 10804865. -3567889. 1.2947394501e+14 1.29474934866e+14 0 0
140.012 1 ATTITUDE 0. 0. 0.
140.017 1 DESIRED -0.74 0.1 5. 11. -106. 755. 2.
140.112 1 ATTITUDE 0. 0. 0.
140.212 1 ATTITUDE 0. 0. 0.
140.217 1 DESIRED -0.74 0.1 5. 11. -106. 755. 2.
140.223 1 GPS 0 1130805120 0 0 -17000 0 0 0 5454 12 5
140.227 1 BAT 0 0 0 0 0 5 5 0
140.230 1 IMU_MAG 0.014648 -0.91748 -0.45459
140.234 1 NAVIGATION 0 1 10804865. -3567889. 1.2947394501e+14 1.29474934866e+14 0 0
140.312 1 ATTITUDE 0. 0. 0.
140.314 1 ESTIMATOR -17. 0.
140.412 1 ATTITUDE 0. 0. 0.
140.418 1 DESIRED -0.74 0.1 5. 11. -106. 755. 2.
140.424 1 WP_MOVED 0 503228. 3567931. 755. 12
140.425 1 IMU_GYRO -0.02124 -0.019043 0.029785
140.430 1 NAVIGATION 0 1 10804865. -3567889. 1.2947394501e+14 1.29474934866e+14 0 0
140.464 1 GPS 0 1130805120 0 0 -17000 0 0 0 5454 12 6
140.478 1 FBW_STATUS 2 0 1 0 0
140.482 1 NAVIGATION 0 1 10804865. -3567889. 1.2947394501e+14 1.29474934866e+14 0 0
140.512 1 ATTITUDE 0.226807 1.590332 0.486328
140.612 1 ATTITUDE 0.227783 1.590576 0.487305
140.617 1 DESIRED -0.74 0.2 5. 11. -106. 755. 2.
140.621 1 ENERGY 0. 0. 0 0.
140.671 1 DOWNLINK_STATUS 132 26946 1225 0 852. 38. 4.22
140.712 1 ATTITUDE 0.227539 1.592773 0.490723
140.717 1 GPS 0 1130805120 0 0 -17000 0 0 0 5954 12 7
140.720 1 IMU_ACCEL -5.899414 -1.910156 7.308594
140.724 1 ALIVE 202,233,219,16,31,75,154,108,154,116,222,5,16,81,225,166
140.730 1 NAVIGATION 0 1 10804865. -3567889. 1.2947394501e+14 1.29474934866e+14 0 0
140.812 1 ATTITUDE 0.226807 1.596191 0.490479
140.817 1 DESIRED -0.74 0.2 5. 11. -106. 755. 2.
140.820 1 ESTIMATOR -17. 0.
140.822 1 PPRZ_MODE 2 3 3 0 0 6
140.912 1 ATTITUDE 0.226074 1.599365 0.490234
140.915 1 WP_MOVED 1 503186. 3567889. 755. 12
140.964 1 GPS 0 1130805120 0 0 -17000 0 0 0 6204 12 8
140.980 1 NAVIGATION 0 1 10804865. -3567889. 1.2947394501e+14 1.29474934866e+14 0 0
141.012 1 ATTITUDE 0.22583 1.599365 0.490234
141.017 1 DESIRED -0.74 0.2 5. 11. -106. 755. 2.
141.021 1 IMU_GYRO -0.016846 -0.014893 0.006348
141.112 1 ATTITUDE 0.226318 1.598389 0.489258
141.113 1 DL_VALUE 4 0.
141.115 1 DOWNLINK 0 817 249
141.212 1 ATTITUDE 0.226807 1.598389 0.48999
141.217 1 DESIRED -0.74 0.2 5. 11. -106. 755. 2.
141.223 1 GPS 0 1130805120 0 0 -17000 0 0 0 6454 12 9
141.226 1 GPS_SOL 795612928 100003 9999 0
141.231 1 NAVIGATION 0 1 10804865. -3567889. 1.2947394501e+14 1.29474934866e+14 0 0
141.312 1 ATTITUDE 0.227051 1.597656 0.491455
141.314 1 ESTIMATOR -17. 0.
141.317 1 BAT 0 0 0 0 0 6 6 0
141.412 1 ATTITUDE 0.226318 1.596191 0.492676
141.417 1 DESIRED -0.74 0.2 5. 11. -106. 755. 2.
141.421 1 WP_MOVED 2 503197.09375 3567783. 755. 12
141.425 1 NAVIGATION 0 1 10804865. -3567889. 1.2947394501e+14 1.29474934866e+14 0 0
141.464 1 GPS 0 1130805120 0 0 -17000 0 0 0 6454 12 10
141.480 1 NAVIGATION 0 1 10804865. -3567889. 1.2947394501e+14 1.29474934866e+14 0 0
141.512 1 ATTITUDE 0.226074 1.594727 0.493408
141.515 1 IMU_ACCEL -5.822266 -1.948242 7.503906
141.518 1 IMU_MAG 0.009766 -0.91748 -0.45752
141.612 1 ATTITUDE 0.225586 1.593018 0.492432
141.617 1 DESIRED -0.74 0.2 5. 11. -106. 755. 2.
141.621 1 IMU_GYRO -0.010498 0.008301 0.025391
141.622 1 CALIBRATION -50. 0
141.672 1 DOWNLINK_STATUS 133 27821 1265 0 875. 40. 4.22
141.712 1 ATTITUDE 0.224121 1.591309 0.49292
141.721 1 GPS 0 1130805120 0 0 -17000 0 0 0 6954 12 11
141.730 1 NAVIGATION 0 1 10804865. -3567889. 1.2947394501e+14 1.29474934866e+14 0 0
141.811 1 ATTITUDE 0.223633 1.590576 0.494141
141.817 1 DESIRED -0.74 0.2 5. 11. -106. 755. 2.
141.821 1 ESTIMATOR -17. 0.
141.911 1 ATTITUDE 0.223633 1.590332 0.49292
141.915 1 WP_MOVED 0 503228. 3567931. 755. 12
141.964 1 GPS 0 1130805120 0 0 -17000 0 0 0 7204 12 12
141.980 1 NAVIGATION 0 1 10804865. -3567889. 1.2947394501e+14 1.29474934866e+14 0 0
142.011 1 ATTITUDE 0.22583 1.588867 0.493896
142.017 1 DESIRED -0.74 0.2 5. 11. -106. 755. 2.
142.111 1 ATTITUDE 0.231201 1.588379 0.495361
142.113 1 STATE_FILTER_STATUS 3 0
142.211 1 ATTITUDE 0.232178 1.584717 0.488281
142.217 1 DESIRED -0.74 0.2 5. 11. -106. 755. 2.
142.223 1 GPS 0 1130805120 0 0 -17000 0 0 0 7454 12 13
142.230 1 IMU_GYRO -0.031738 -0.148926 -0.005127
142.231 1 NAVIGATION 0 1 10804865. -3567889. 1.2947394501e+14 1.29474934866e+14 0 0
142.311 1 ATTITUDE 0.230469 1.579346 0.468018
142.314 1 ESTIMATOR -17. 0.
142.317 1 IMU_ACCEL -5.807617 -2.09668 7.921875
142.411 1 ATTITUDE 0.224365 1.568604 0.445068
142.417 1 DESIRED -0.74 0.2 5. 11. -106. 755. 2.
142.421 1 WP_MOVED 1 503186. 3567889. 755. 12
142.425 1 NAVIGATION 0 1 10804865. -3567889. 1.2947394501e+14 1.29474934866e+14 0 0
142.429 1 BAT 0 0 0 0 0 7 7 0
142.464 1 GPS 0 1130805120 0 0 -17000 0 0 0 7454 12 14
142.477 1 FBW_STATUS 2 0 1 0 0
142.482 1 NAVIGATION 0 1 10804865. -3567889. 1.2947394501e+14 1.29474934866e+14 0 0
142.513 1 ATTITUDE 0.227295 1.564209 0.442383
142.611 1 ATTITUDE 0.227295 1.563721 0.445068
142.617 1 DESIRED -0.74 0.2 5. 11. -106. 755. 2.
142.619 1 DL_VALUE 5 0.
142.673 1 DOWNLINK_STATUS 134 28591 1299 0 770. 34. 4.22
142.711 1 ATTITUDE 0.231934 1.563965 0.442871
142.717 1 GPS 0 1130805120 0 0 -17000 0 0 0 7954 12 15
142.730 1 NAVIGATION 0 1 10804865. -3567889. 1.2947394501e+14 1.29474934866e+14 0 0
142.749 1 WIND_INFO 1 42 0. 0. 0.
142.811 1 ATTITUDE 0.241699 1.564697 0.44458
142.817 1 DESIRED -0.74 0.21 5. 11. -106. 755. 2.
142.820 1 ESTIMATOR -17. 0.
142.824 1 IMU_GYRO -0.102051 -0.001953 -0.041504
142.832 1 IMU_MAG -0.065918 -0.862305 -0.523438
142.911 1 ATTITUDE 0.254639 1.568115 0.441406
142.915 1 WP_MOVED 2 503197.09375 3567783. 755. 12
142.964 1 GPS 0 1130805120 0 0 -17000 0 0 0 8204 12 16
142.980 1 NAVIGATION 0 1 10804865. -3567889. 1.2947394501e+14 1.29474934866e+14 0 0
143.011 1 ATTITUDE 0.275635 1.578369 0.444824
143.017 1 DESIRED -0.74 0.22 5. 11. -106. 755. 2.
143.111 1 ATTITUDE 0.302246 1.586914 0.466797
143.115 1 IMU_ACCEL -5.889648 -2.524414 7.4375
143.118 1 ENERGY 0. 0. 0 0.
143.211 1 ATTITUDE 0.313721 1.586914 0.459229
143.217 1 DESIRED -0.74 0.24 5. 11. -106. 755. 2.
143.223 1 GPS 0 1130805120 0 0 -17000 0 0 0 8454 12 1
143.226 1 GPS_SOL 795613056 100008 9999 0
143.231 1 NAVIGATION 0 1 10804865. -3567889. 1.2947394501e+14 1.29474934866e+14 0 0
143.311 1 ATTITUDE 0.340332 1.588867 0.45752
143.314 1 ESTIMATOR -17. 0.
143.412 1 ATTITUDE 0.351807 1.591553 0.455078
143.417 1 DESIRED -0.74 0.25 5. 11. -106. 755. 2.
143.421 1 WP_MOVED 0 503228. 3567931. 755. 12
143.424 1 IMU_GYRO -0.04248 -0.041504 0.019043
143.428 1 NAVIGATION 0 1 10804865. -3567889. 1.2947394501e+14 1.29474934866e+14 0 0
143.466 1 GPS 0 1130805120 0 0 -17000 0 0 0 8454 12 2
143.480 1 NAVIGATION 0 1 10804865. -3567889. 1.2947394501e+14 1.29474934866e+14 0 0
143.511 1 ATTITUDE 0.340088 1.575439 0.4375
143.515 1 BAT 0 0 0 0 0 9 9 0
143.611 1 ATTITUDE 0.31543 1.532715 0.395508
143.617 1 DESIRED -0.74 0.24 5. 11. -106. 755. 2.
143.673 1 DOWNLINK_STATUS 135 29400 1334 0 809. 35. 4.22
143.711 1 ATTITUDE 0.322266 1.511719 0.378906
143.717 1 GPS 0 1130805120 0 0 -17000 0 0 0 8954 12 3
143.719 1 CALIBRATION -66. 0
143.730 1 NAVIGATION 0 1 10804865. -3567889. 1.2947394501e+14 1.29474934866e+14 0 0
143.811 1 ATTITUDE 0.329102 1.499512 0.397217
143.817 1 DESIRED -0.74 0.24 5. 11. -106. 755. 2.
143.820 1 ESTIMATOR -17. 0.
143.912 1 ATTITUDE 0.338379 1.49292 0.408203
143.916 1 WP_MOVED 1 503186. 3567889. 755. 12
143.918 1 IMU_ACCEL -6.5625 -2.375 6.729492
143.964 1 GPS 0 1130805120 0 0 -17000 0 0 0 9204 12 4
143.984 1 NAVIGATION 0 1 10804865. -3567889. 1.2947394501e+14 1.29474934866e+14 0 0
144.011 1 ATTITUDE 0.324951 1.522461 0.441895
144.017 1 DESIRED -0.74 0.24 5. 11. -106. 755. 2.
144.020 1 IMU_GYRO 0.221191 0.109375 -0.1521
144.084 1 PONG 
144.111 1 ATTITUDE 0.306641 1.520508 0.466309
144.114 1 IMU_MAG -0.019531 -0.795898 -0.514648
144.116 1 DL_VALUE 6 100.
144.211 1 ATTITUDE 0.307861 1.525391 0.422852
144.217 1 DESIRED -0.74 0.23 5. 11. -106. 755. 2.
144.223 1 GPS 0 1130805120 0 0 -17000 0 0 0 9454 12 5
144.229 1 NAVIGATION 0 1 10804865. -3567889. 1.2947394501e+14 1.29474934866e+14 0 0
144.311 1 ATTITUDE 0.315918 1.526123 0.394043
144.314 1 ESTIMATOR -17. 0.
144.315 1 STATE_FILTER_STATUS 3 0
144.411 1 ATTITUDE 0.325195 1.537598 0.407471
144.417 1 DESIRED -0.74 0.24 5. 11. -106. 755. 2.
144.421 1 WP_MOVED 2 503197.09375 3567783. 755. 12
144.425 1 NAVIGATION 0 1 10804865. -3567889. 1.2947394501e+14 1.29474934866e+14 0 0
144.464 1 GPS 0 1130805120 0 0 -17000 0 0 0 9454 12 6
144.477 1 FBW_STATUS 2 0 1 0 0
144.482 1 NAVIGATION 0 1 10804865. -3567889. 1.2947394501e+14 1.29474934866e+14 0 0
144.511 1 ATTITUDE 0.333008 1.543701 0.420898
144.578 1 COMMANDS 0,-7120,-960
144.611 1 ATTITUDE 0.33667 1.543457 0.420654
144.617 1 DESIRED -0.74 0.25 5. 11. -106. 755. 2.
144.620 1 IMU_GYRO -0.001953 0.032959 0.001953
144.624 1 BAT 0 0 0 0 0 10 10 0
144.673 1 DOWNLINK_STATUS 136 30236 1373 0 836. 39. 2.8
144.677 1 ACTUATORS 1000,1374,1293
144.711 1 ATTITUDE 0.337402 1.546631 0.423584
144.717 1 GPS 0 1130805120 0 0 -17000 0 0 0 9954 12 7
144.720 1 IMU_ACCEL -5.043945 -2.908203 7.555664
144.730 1 NAVIGATION 0 1 10804865. -3567889. 1.2947394501e+14 1.29474934866e+14 0 0
144.816 1 ATTITUDE 0.334473 1.546875 0.419434
144.817 1 DESIRED -0.74 0.25 5. 11. -106. 755. 2.
144.820 1 ESTIMATOR -17. 0.
144.911 1 ATTITUDE 0.33667 1.549561 0.432129
144.915 1 WP_MOVED 0 503228. 3567931. 755. 12
144.964 1 GPS 0 1130805120 0 0 -17000 0 0 0 10204 12 8
144.979 1 NAVIGATION 0 1 10804865. -3567889. 1.2947394501e+14 1.29474934866e+14 0 0
145.011 1 ATTITUDE 0.340576 1.551758 0.436523
145.017 1 DESIRED -0.74 0.25 5. 11. -106. 755. 2.
145.111 1 ATTITUDE 0.33667 1.550293 0.435303
145.114 1 NAVIGATION_REF 503186 3567889 12
145.211 1 ATTITUDE 0.339844 1.552002 0.441162
145.217 1 DESIRED -0.74 0.25 5. 11. -106. 755. 2.
145.223 1 GPS 0 1130805120 0 0 -17000 0 0 0 10454 12 9
145.226 1 IMU_GYRO -0.05957 -0.028564 0.003174
145.229 1 GPS_SOL 795613184 100014 9999 0
145.234 1 NAVIGATION 0 1 10804865. -3567889. 1.2947394501e+14 1.29474934866e+14 0 0
145.311 1 ATTITUDE 0.338867 1.549561 0.430908
145.314 1 ESTIMATOR -17. 0.
145.411 1 ATTITUDE 0.339111 1.546631 0.430176
145.417 1 DESIRED -0.74 0.25 5. 11. -106. 755. 2.
145.421 1 WP_MOVED 1 503186. 3567889. 755. 12
145.425 1 NAVIGATION 0 1 10804865. -3567889. 1.2947394501e+14 1.29474934866e+14 0 0
145.428 1 IMU_MAG -0.029297 -0.752441 -0.520508
145.464 1 GPS 0 1130805120 0 0 -17000 0 0 0 10454 12 10
145.479 1 NAVIGATION 0 1 10804865. -3567889. 1.2947394501e+14 1.29474934866e+14 0 0
145.511 1 ATTITUDE 0.338867 1.546143 0.42749
145.514 1 IMU_ACCEL -5.024414 -2.649414 6.919922
145.611 1 ATTITUDE 0.344727 1.546387 0.425537
145.617 1 DESIRED -0.74 0.25 5. 11. -106. 755. 2.
145.619 1 DL_VALUE 7 2.
145.623 1 ENERGY 0. 0. 0 0.
145.674 1 DOWNLINK_STATUS 137 31064 1410 0 828. 37. 2.8
145.711 1 ATTITUDE 0.339844 1.541504 0.410645
145.721 1 GPS 0 1130805120 0 0 -17000 0 0 0 10954 12 11
145.722 1 BAT 0 0 0 0 0 11 11 0
145.728 1 ALIVE 202,233,219,16,31,75,154,108,154,116,222,5,16,81,225,166
145.729 1 NAVIGATION 0 1 10804865. -3567889. 1.2947394501e+14 1.29474934866e+14 0 0
