15.887 1 GPS 0 0 0 0 0 0 0 0 0 0 1
15.898 1 DOWNLINK_STATUS 5 4087 182 0 837. 37. 0.
15.919 1 NAVIGATION 0 1 0. 0. 8421.2 0. 0 0
15.934 1 ATTITUDE 1.025391 -0.085205 -0.553955
15.941 1 DESIRED -0.8 0.1 4.2 -80. -45. 815. 2.
16.035 1 ATTITUDE 1.019043 -0.085938 -0.571045
16.134 1 ATTITUDE 1.018799 -0.085449 -0.567139
16.141 1 DESIRED -0.8 0.1 4.2 -80. -45. 815. 2.
16.145 1 GPS 0 0 0 0 0 0 0 0 0 0 1
16.148 1 IMU_GYRO -0.076416 -0.052979 0.023193
16.151 1 IMU_MAG -1.618652 -1.102539 0.67041
16.168 1 NAVIGATION 0 1 0. 0. 8421.2 0. 0 0
16.234 1 ATTITUDE 1.023682 -0.085205 -0.563232
16.236 1 ESTIMATOR 0. 0.
16.239 1 IMU_ACCEL 7.061523 -3.973633 4.996094
16.241 1 STATE_FILTER_STATUS 3 0
16.335 1 ATTITUDE 1.02417 -0.080811 -0.564453
16.340 1 DESIRED -0.8 0.1 4.2 -80. -45. 815. 2.
16.343 1 WP_MOVED 4 506374.40625 3566337.75 805. 12
16.348 1 NAVIGATION 0 1 0. 0. 8421.2 0. 0 0
16.386 1 GPS 0 0 0 0 0 0 0 0 0 0 1
16.398 1 PONG 
16.416 1 FBW_STATUS 2 0 1 0 0
16.421 1 NAVIGATION 0 1 0. 0. 8421.2 0. 0 0
16.434 1 ATTITUDE 1.023438 -0.071289 -0.565918
16.538 1 ATTITUDE 1.003906 -0.020508 -0.485107
16.540 1 DESIRED -0.8 0.1 4.2 -80. -45. 815. 2.
16.544 1 BAT 0 0 0 0 1 32 32 0
16.545 1 DL_VALUE 9 1.
16.547 1 DOWNLINK 3 816 1184
16.635 1 ATTITUDE 0.916748 0.097412 -0.491699
16.640 1 GPS 0 0 0 0 0 0 0 0 0 0 1
16.669 1 NAVIGATION 0 1 0. 0. 8421.2 0. 0 0
16.735 1 ATTITUDE 0.696045 0.229248 -0.571533
16.740 1 DESIRED -0.8 0.1 4.2 -80. -45. 815. 2.
16.743 1 ESTIMATOR 0. 0.
16.746 1 IMU_GYRO 1.217285 0.514893 -0.504395
16.748 1 CALIBRATION -150. 0
16.835 1 ATTITUDE 0.603516 0.319824 -0.640381
16.838 1 WP_MOVED 5 506402.3125 3566363.25 820. 12
16.887 1 GPS 0 0 0 0 0 0 0 0 0 0 1
16.898 1 DOWNLINK_STATUS 6 4921 221 0 834. 39. 2.74
16.919 1 NAVIGATION 0 1 0. 0. 8421.2 0. 0 0
16.935 1 ATTITUDE 0.564697 0.375488 -0.648193
16.940 1 DESIRED -0.8 0.1 4.2 -80. -45. 815. 2.
17.035 1 ATTITUDE 0.569824 0.405029 -0.564697
17.038 1 IMU_ACCEL 5.639648 -1.088867 7.741211
17.135 1 ATTITUDE 0.562012 0.47168 -0.447998
17.140 1 DESIRED -0.8 0.1 4.2 -80. -45. 815. 2.
17.146 1 GPS 0 0 0 0 0 0 0 0 0 0 1
17.149 1 GPS_SOL 0 0 0 0
17.169 1 NAVIGATION 0 1 0. 0. 8421.2 0. 0 0
17.235 1 ATTITUDE 0.550293 0.51001 -0.43335
17.237 1 ESTIMATOR 0. 0.
17.334 1 ATTITUDE 0.509521 0.490234 -0.609375
17.340 1 DESIRED -0.8 0.1 4.2 -80. -45. 815. 2.
17.344 1 WP_MOVED 6 506374.40625 3566337.75 820. 12
17.347 1 IMU_GYRO 1.004395 -1.806885 -0.11792
17.352 1 NAVIGATION 0 1 0. 0. 8421.2 0. 0 0
17.387 1 GPS 0 0 0 0 0 0 0 0 0 0 1
17.419 1 NAVIGATION 0 1 0. 0. 8421.2 0. 0 0
17.434 1 ATTITUDE 0.480469 0.445068 -0.779541
17.438 1 IMU_MAG -1.606445 -1.577148 0.897461
17.535 1 ATTITUDE 0.447998 0.445801 -0.861084
17.540 1 DESIRED -0.8 0.1 4.2 -80. -45. 815. 2.
17.635 1 ATTITUDE 0.41748 0.461182 -0.927979
17.640 1 GPS 0 0 0 0 0 0 0 0 0 0 1
17.644 1 BAT 0 0 0 0 1 33 33 0
17.669 1 NAVIGATION 0 1 0. 0. 8421.2 0. 0 0
17.735 1 ATTITUDE 0.336914 0.520264 -0.987305
17.740 1 DESIRED -0.8 0.1 4.2 -80. -45. 815. 2.
17.743 1 ESTIMATOR 0. 0.
17.834 1 ATTITUDE 0.330322 0.524658 -1.032959
17.838 1 WP_MOVED 7 506350.5 3566270.75 805. 12
17.841 1 IMU_ACCEL 8.78125 1.007812 3.913086
17.887 1 GPS 0 0 0 0 0 0 0 0 0 0 1
17.899 1 DOWNLINK_STATUS 7 5710 255 0 789. 34. 2.74
17.919 1 NAVIGATION 0 1 0. 0. 8421.2 0. 0 0
17.934 1 ATTITUDE 0.313721 0.553711 -1.048828
17.940 1 DESIRED -0.8 0.1 4.2 -80. -45. 815. 2.
17.944 1 IMU_GYRO 0.265869 0.369141 -0.140381
18.034 1 ATTITUDE 0.254395 0.608887 -0.994385
18.036 1 DL_VALUE 10 0.
18.040 1 ENERGY 0. 0. 0 0.
18.135 1 ATTITUDE 0.27417 0.634766 -0.859131
18.140 1 DESIRED -0.8 0.1 4.2 -80. -45. 815. 2.
18.146 1 GPS 0 0 0 0 0 0 0 0 0 0 1
18.169 1 NAVIGATION 0 1 0. 0. 8421.2 0. 0 0
18.234 1 ATTITUDE 0.368408 0.63623 -0.742432
18.237 1 ESTIMATOR 0. 0.
18.334 1 ATTITUDE 0.377441 0.66333 -0.681396
18.340 1 DESIRED -0.8 0.1 4.2 -80. -45. 815. 2.
18.344 1 WP_MOVED 8 506254.8125 3566257.5 815. 12
18.348 1 NAVIGATION 0 1 0. 0. 8421.2 0. 0 0
18.394 1 GPS 0 0 0 0 0 0 0 0 0 0 1
18.416 1 FBW_STATUS 2 0 1 0 0
18.422 1 NAVIGATION 0 1 0. 0. 8421.2 0. 0 0
18.434 1 ATTITUDE 0.361816 0.703857 -0.661133
18.436 1 STATE_FILTER_STATUS 3 0
18.534 1 ATTITUDE 0.408203 0.674561 -0.72876
18.540 1 DESIRED -0.8 0.1 4.2 -80. -45. 815. 2.
18.543 1 IMU_GYRO -0.408447 -1.482422 -0.420166
18.634 1 ATTITUDE 0.489502 0.614502 -0.823486
18.640 1 GPS 0 0 0 0 0 0 0 0 0 0 1
18.643 1 IMU_ACCEL 7.614258 0.584961 5.636719
18.669 1 NAVIGATION 0 1 0. 0. 8421.2 0. 0 0
18.734 1 ATTITUDE 0.600098 0.491699 -1.001709
18.740 1 DESIRED -0.8 0.1 4.2 -80. -45. 815. 2.
18.743 1 ESTIMATOR 0. 0.
18.746 1 BAT 0 0 0 0 1 34 34 0
18.749 1 IMU_MAG -1.564941 -1.655273 1.081543
18.834 1 ATTITUDE 0.602783 0.481445 -1.006348
18.838 1 WP_MOVED 9 506213.8125 3566287.5 815. 12
18.839 1 CALIBRATION -150. 0
18.887 1 GPS 0 0 0 0 0 0 0 0 0 0 1
18.900 1 DOWNLINK_STATUS 8 6547 293 0 837. 38. 2.74
18.919 1 NAVIGATION 0 1 0. 0. 8421.2 0. 0 0
18.934 1 ATTITUDE 0.50708 0.627197 -0.797363
18.940 1 DESIRED -0.8 0.1 4.2 -80. -45. 815. 2.
19.034 1 ATTITUDE 0.457031 0.69751 -0.633789
19.134 1 ATTITUDE 0.435303 0.702148 -0.640137
19.140 1 DESIRED -0.8 0.1 4.2 -80. -45. 815. 2.
19.146 1 GPS 0 0 0 0 0 0 0 0 0 0 1
19.149 1 IMU_GYRO -0.019043 -0.504395 0.105225
19.152 1 GPS_SOL 0 0 0 0
19.169 1 NAVIGATION 0 1 0. 0. 8421.2 0. 0 0
19.234 1 ATTITUDE 0.422119 0.676514 -0.699463
19.237 1 ESTIMATOR 0. 0.
19.334 1 ATTITUDE 0.377197 0.699219 -0.726562
19.340 1 DESIRED -0.8 0.1 4.2 -80. -45. 815. 2.
19.344 1 WP_MOVED 0 506377. 3566344. 757. 12
19.348 1 NAVIGATION 0 1 0. 0. 8421.2 0. 0 0
19.386 1 GPS 0 0 0 0 0 0 0 0 0 0 1
19.419 1 NAVIGATION 0 1 0. 0. 8421.2 0. 0 0
19.434 1 ATTITUDE 0.359375 0.719482 -0.749512
19.438 1 IMU_ACCEL 6.538086 0.69043 6.663086
19.517 1 COMMANDS 0,7804,-4351,0
19.534 1 ATTITUDE 0.384521 0.716064 -0.665039
19.540 1 DESIRED -0.8 0.1 4.2 -80. -45. 815. 2.
19.542 1 DL_VALUE 11 1.
19.617 1 ACTUATORS 1000,1833,1524,1500
19.634 1 ATTITUDE 0.356201 0.754395 -0.567627
19.640 1 GPS 0 0 0 0 0 0 0 0 0 0 1
19.669 1 NAVIGATION 0 1 0. 0. 8421.2 0. 0 0
19.734 1 ATTITUDE 0.341797 0.772461 -0.452881
19.740 1 DESIRED -0.8 0.1 4.2 -80. -45. 815. 2.
19.743 1 ESTIMATOR 0. 0.
19.746 1 IMU_GYRO -0.295654 0.650146 0.371338
19.834 1 ATTITUDE 0.370605 0.751709 -0.40918
19.838 1 WP_MOVED 1 506335. 3566302. 765. 12
19.841 1 BAT 0 0 0 0 1 35 35 0
19.887 1 GPS 0 0 0 0 0 0 0 0 0 0 1
19.901 1 DOWNLINK_STATUS 9 7359 329 0 812. 36. 2.74
19.919 1 NAVIGATION 0 1 0. 0. 8421.2 0. 0 0
19.934 1 ATTITUDE 0.388184 0.69043 -0.608643
19.940 1 DESIRED -0.8 0.1 4.2 -80. -45. 815. 2.
20.034 1 ATTITUDE 0.382324 0.651367 -0.799072
20.037 1 IMU_MAG -1.476562 -1.635254 0.900391
20.134 1 ATTITUDE 0.364258 0.650879 -0.807861
20.140 1 DESIRED -0.8 0.1 4.2 -80. -45. 815. 2.
20.146 1 GPS 0 0 0 0 0 0 0 0 0 0 1
20.169 1 NAVIGATION 0 1 0. 0. 8421.2 0. 0 0
20.234 1 ATTITUDE 0.326416 0.650391 -0.910645
20.237 1 ESTIMATOR 0. 0.
20.240 1 IMU_ACCEL 7.892578 1.060547 5.708008
20.334 1 ATTITUDE 0.239746 0.709961 -0.904297
20.339 1 DESIRED -0.8 0.1 4.2 -80. -45. 815. 2.
20.343 1 WP_MOVED 2 506254.8125 3566257.5 815. 12
20.346 1 IMU_GYRO -0.057373 0.108398 0.090332
20.350 1 NAVIGATION 0 1 0. 0. 8421.2 0. 0 0
20.387 1 GPS 0 0 0 0 0 0 0 0 0 0 1
20.417 1 FBW_STATUS 2 0 1 0 0
20.423 1 NAVIGATION 0 1 0. 0. 8421.2 0. 0 0
20.434 1 ATTITUDE 0.202637 0.727539 -0.94165
20.534 1 ATTITUDE 0.111572 0.796631 -1.023926
20.540 1 DESIRED -0.8 0.1 4.2 -80. -45. 815. 2.
20.544 1 ENERGY 0. 0. 0 0.
20.634 1 ATTITUDE 0.160156 0.747314 -1.065186
20.640 1 GPS 0 0 0 0 0 0 0 0 0 0 1
20.642 1 STATE_FILTER_STATUS 3 0
20.646 1 ALIVE 174,222,138,243,180,132,213,161,20,137,147,153,212,68,69,225
20.669 1 NAVIGATION 0 1 0. 0. 8421.2 0. 0 0
20.734 1 ATTITUDE 0.406494 0.538086 -0.911377
20.740 1 DESIRED -0.8 0.1 4.2 -80. -45. 815. 2.
20.743 1 ESTIMATOR 0. 0.
20.745 1 PPRZ_MODE 2 3 3 0 0 6
20.834 1 ATTITUDE 0.50293 0.468018 -0.795654
20.838 1 WP_MOVED 3 506350.5 3566257. 805. 12
20.887 1 GPS 0 0 0 0 0 0 0 0 0 0 1
20.904 1 DOWNLINK_STATUS 10 8171 365 0 812. 36. 2.74
20.919 1 NAVIGATION 0 1 0. 0. 8421.2 0. 0 0
20.934 1 ATTITUDE 0.367188 0.584961 -0.849609
20.940 1 DESIRED -0.8 0.1 4.2 -80. -45. 815. 2.
20.943 1 IMU_GYRO 1.726074 -1.411133 -0.761963
20.947 1 BAT 0 0 0 0 1 36 36 0
20.949 1 CALIBRATION -150. 0
21.034 1 ATTITUDE 0.128906 0.75708 -1.050293
21.037 1 IMU_ACCEL 8.291992 2.332031 2.844727
21.039 1 DL_VALUE 0 0.
21.134 1 ATTITUDE 0.069092 0.830566 -1.111572
21.140 1 DESIRED -0.8 0.1 4.2 -80. -45. 815. 2.
21.146 1 GPS 0 0 0 0 0 0 0 0 0 0 1
21.148 1 GPS_SOL 0 0 0 0
21.169 1 NAVIGATION 0 1 0. 0. 8421.2 0. 0 0
21.234 1 ATTITUDE 0.187012 0.725098 -1.101807
21.237 1 ESTIMATOR 0. 0.
21.334 1 ATTITUDE 0.375732 0.571045 -0.943604
21.340 1 DESIRED -0.8 0.1 4.2 -80. -45. 815. 2.
21.344 1 WP_MOVED 4 506374.40625 3566337.75 805. 12
21.348 1 NAVIGATION 0 1 0. 0. 8421.2 0. 0 0
21.351 1 IMU_MAG -1.577148 -1.603027 0.978027
21.389 1 GPS 0 0 0 0 0 0 0 0 0 0 1
21.399 1 PONG 
21.419 1 NAVIGATION 0 1 0. 0. 8421.2 0. 0 0
21.434 1 ATTITUDE 0.486572 0.492188 -0.833984
21.534 1 ATTITUDE 0.518311 0.47168 -0.773926
21.540 1 DESIRED -0.8 0.1 4.2 -80. -45. 815. 2.
21.543 1 IMU_GYRO 0.040283 0.07959 0.051025
21.634 1 ATTITUDE 0.467041 0.514893 -0.724854
21.640 1 GPS 0 0 0 0 0 0 0 0 0 0 1
21.642 1 DOWNLINK 3 815 1370
21.669 1 NAVIGATION 0 1 0. 0. 8421.2 0. 0 0
21.734 1 ATTITUDE 0.388916 0.577148 -0.745117
21.740 1 DESIRED -0.8 0.1 4.2 -80. -45. 815. 2.
21.743 1 ESTIMATOR 0. 0.
21.834 1 ATTITUDE 0.332275 0.601074 -0.749268
21.838 1 WP_MOVED 5 506402.3125 3566363.25 820. 12
21.841 1 IMU_ACCEL 7.023438 0.056641 6.245117
21.889 1 GPS 0 0 0 0 0 0 0 0 0 0 1
21.905 1 DOWNLINK_STATUS 11 9017 404 0 846. 39. 2.91
21.918 1 NAVIGATION 0 1 0. 0. 8421.2 0. 0 0
21.933 1 ATTITUDE 0.291016 0.616699 -0.78418
21.939 1 DESIRED -0.8 0.1 4.2 -80. -45. 815. 2.
22.034 1 ATTITUDE 0.266602 0.636475 -0.776367
22.038 1 BAT 0 0 0 0 1 37 37 0
22.040 1 NAVIGATION_REF 506335 3566302 12
22.134 1 ATTITUDE 0.252441 0.637695 -0.806152
22.140 1 DESIRED -0.8 0.1 4.2 -80. -45. 815. 2.
22.146 1 GPS 0 0 0 0 0 0 0 0 0 0 1
22.149 1 IMU_GYRO -0.029785 0.070068 0.157471
22.169 1 NAVIGATION 0 1 0. 0. 8421.2 0. 0 0
22.234 1 ATTITUDE 0.218262 0.676514 -0.749512
22.237 1 ESTIMATOR 0. 0.
22.334 1 ATTITUDE 0.274414 0.648682 -0.743896
22.340 1 DESIRED -0.8 0.1 4.2 -80. -45. 815. 2.
22.344 1 WP_MOVED 6 506374.40625 3566337.75 820. 12
22.348 1 NAVIGATION 0 1 0. 0. 8421.2 0. 0 0
22.387 1 GPS 0 0 0 0 0 0 0 0 0 0 1
22.419 1 NAVIGATION 0 1 0. 0. 8421.2 0. 0 0
22.420 1 FBW_STATUS 2 0 1 0 0
22.434 1 ATTITUDE 0.291504 0.632812 -0.758057
22.534 1 ATTITUDE 0.136719 0.727539 -0.812744
22.540 1 DESIRED -0.8 0.1 4.2 -80. -45. 815. 2.
22.542 1 DL_VALUE 1 0.
22.634 1 ATTITUDE 0.017822 0.825928 -0.840088
22.640 1 GPS 0 0 0 0 0 0 0 0 0 0 1
22.643 1 IMU_ACCEL 6.984375 0.930664 6.259766
22.646 1 IMU_MAG -1.625977 -1.695801 0.966797
22.669 1 NAVIGATION 0 1 0. 0. 8421.2 0. 0 0
22.734 1 ATTITUDE -0.000977 0.843262 -0.807617
22.740 1 DESIRED -0.8 0.1 4.2 -80. -45. 815. 2.
22.743 1 ESTIMATOR 0. 0.
22.746 1 IMU_GYRO -1.032227 0.126465 0.336182
22.834 1 ATTITUDE 0.103271 0.775879 -0.791748
22.838 1 WP_MOVED 7 506350.5 3566270.75 805. 12
22.839 1 STATE_FILTER_STATUS 3 0
22.888 1 GPS 0 0 0 0 0 0 0 0 0 0 1
22.905 1 DOWNLINK_STATUS 12 9838 441 0 821. 37. 2.91
22.919 1 NAVIGATION 0 1 0. 0. 8421.2 0. 0 0
22.934 1 ATTITUDE 0.129395 0.769287 -0.760254
22.940 1 DESIRED -0.8 0.1 4.2 -80. -45. 815. 2.
23.034 1 ATTITUDE -0.11084 0.912598 -0.729004
23.036 1 CALIBRATION -150. 0
23.040 1 ENERGY 0. 0. 0 0.
23.134 1 ATTITUDE -0.318848 1.021973 -0.775635
23.140 1 DESIRED -0.8 0.1 4.2 -80. -45. 815. 2.
23.146 1 GPS 0 0 0 0 0 0 0 0 0 0 1
23.149 1 BAT 0 0 0 0 1 38 38 0
23.152 1 GPS_SOL 0 0 0 0
23.169 1 NAVIGATION 0 1 0. 0. 8421.2 0. 0 0
23.234 1 ATTITUDE -0.312744 1.019287 -0.808105
23.237 1 ESTIMATOR 0. 0.
23.334 1 ATTITUDE 0.035645 0.806152 -0.795898
23.340 1 DESIRED -0.8 0.1 4.2 -80. -45. 815. 2.
23.344 1 WP_MOVED 8 506254.8125 3566257.5 815. 12
23.347 1 IMU_GYRO -1.07251 0.931152 0.680908
23.351 1 NAVIGATION 0 1 0. 0. 8421.2 0. 0 0
23.389 1 GPS 0 0 0 0 0 0 0 0 0 0 1
23.419 1 NAVIGATION 0 1 0. 0. 8421.2 0. 0 0
23.434 1 ATTITUDE 0.009033 0.79834 -0.766602
23.437 1 IMU_ACCEL 6.898438 0.772461 7.588867
23.534 1 ATTITUDE -0.351074 1.052246 -0.849365
23.540 1 DESIRED -0.8 0.1 4.2 -80. -45. 815. 2.
23.634 1 ATTITUDE -0.600586 1.238281 -0.857178
23.640 1 GPS 0 0 0 0 0 0 0 0 0 0 1
23.669 1 NAVIGATION 0 1 0. 0. 8421.2 0. 0 0
23.734 1 ATTITUDE -0.623535 1.273682 -0.8396
23.740 1 DESIRED -0.8 0.1 4.2 -80. -45. 815. 2.
23.742 1 ESTIMATOR 0. 0.
23.834 1 ATTITUDE -0.335693 1.081787 -0.718506
23.838 1 WP_MOVED 9 506213.8125 3566287.5 815. 12
23.889 1 GPS 0 0 0 0 0 0 0 0 0 0 1
23.906 1 DOWNLINK_STATUS 13 10622 475 0 784. 34. 2.91
23.919 1 NAVIGATION 0 1 0. 0. 8421.2 0. 0 0
23.934 1 ATTITUDE -0.05957 0.900391 -0.535645
23.940 1 DESIRED -0.8 0.1 4.2 -80. -45. 815. 2.
23.943 1 IMU_GYRO -1.621826 2.020752 -0.02124
23.946 1 IMU_MAG -1.591797 -1.611816 0.664551
24.034 1 ATTITUDE 0.084229 0.845703 -0.369873
24.036 1 DL_VALUE 2 815.
24.134 1 ATTITUDE 0.145508 0.82373 -0.299072
24.140 1 DESIRED -0.8 0.1 4.2 -80. -45. 815. 2.
24.146 1 GPS 0 0 0 0 0 0 0 0 0 0 1
24.169 1 NAVIGATION 0 1 0. 0. 8421.2 0. 0 0
24.234 1 ATTITUDE 0.130371 0.839111 -0.348633
24.237 1 ESTIMATOR 0. 0.
24.240 1 IMU_ACCEL 3.742188 -0.335938 8.938477
24.243 1 BAT 0 0 0 0 1 39 39 0
24.334 1 ATTITUDE 0.102783 0.864502 -0.413818
24.340 1 DESIRED -0.8 0.1 4.2 -80. -45. 815. 2.
24.343 1 WP_MOVED 0 506377. 3566344. 757. 12
24.348 1 NAVIGATION 0 1 0. 0. 8421.2 0. 0 0
24.390 1 GPS 0 0 0 0 0 0 0 0 0 0 1
24.417 1 FBW_STATUS 2 0 1 0 0
24.421 1 NAVIGATION 0 1 0. 0. 8421.2 0. 0 0
24.434 1 ATTITUDE 0.085205 0.899414 -0.447266
24.517 1 COMMANDS 0,5802,-3261,0
24.534 1 ATTITUDE 0.075439 0.924561 -0.517334
24.540 1 DESIRED -0.8 0.1 4.2 -80. -45. 815. 2.
24.543 1 IMU_GYRO 0.033936 -0.672363 -0.187256
24.617 1 ACTUATORS 1000,1783,1488,1500
24.634 1 ATTITUDE 0.078613 0.928955 -0.545898
24.640 1 GPS 0 0 0 0 0 0 0 0 0 0 1
24.669 1 NAVIGATION 0 1 0. 0. 8421.2 0. 0 0
24.734 1 ATTITUDE 0.055176 0.933105 -0.552979
24.746 1 DESIRED -0.8 0.1 4.2 -80. -45. 815. 2.
24.746 1 ESTIMATOR 0. 0.
24.834 1 ATTITUDE 0.05542 0.939941 -0.520508
24.838 1 WP_MOVED 1 506335. 3566302. 765. 12
24.891 1 GPS 0 0 0 0 0 0 0 0 0 0 1
24.907 1 DOWNLINK_STATUS 14 11449 512 0 827. 37. 2.91
24.918 1 NAVIGATION 0 1 0. 0. 8421.2 0. 0 0
24.934 1 ATTITUDE 0.063721 0.969482 -0.437256
24.940 1 DESIRED -0.8 0.1 4.2 -80. -45. 815. 2.
25.034 1 ATTITUDE 0.087158 0.976074 -0.43042
25.037 1 IMU_ACCEL 3.790039 -0.138672 9.132812
25.039 1 STATE_FILTER_STATUS 3 0
25.134 1 ATTITUDE 0.061768 0.98291 -0.53418
25.140 1 DESIRED -0.8 0.1 4.2 -80. -45. 815. 2.
25.146 1 GPS 0 0 0 0 0 0 0 0 0 0 1
25.149 1 IMU_GYRO 0.563965 -1.645264 -0.174316
25.152 1 GPS_SOL 0 0 0 0
25.169 1 NAVIGATION 0 1 0. 0. 8421.2 0. 0 0
25.234 1 ATTITUDE -0.040283 1.029541 -0.764893
25.236 1 ESTIMATOR 0. 0.
25.240 1 IMU_MAG -1.621094 -1.724609 0.857422
25.334 1 ATTITUDE -0.054932 1.005371 -0.766113
25.340 1 DESIRED -0.8 0.1 4.2 -80. -45. 815. 2.
25.343 1 WP_MOVED 2 506254.8125 3566257.5 815. 12
25.348 1 NAVIGATION 0 1 0. 0. 8421.2 0. 0 0
25.351 1 BAT 0 0 0 0 1 40 40 0
25.392 1 GPS 0 0 0 0 0 0 0 0 0 0 1
25.419 1 NAVIGATION 0 1 0. 0. 8421.2 0. 0 0
25.434 1 ATTITUDE 0.004639 0.967529 -0.586182
25.534 1 ATTITUDE -0.027832 0.988281 -0.71875
25.540 1 DESIRED -0.8 0.1 4.2 -80. -45. 815. 2.
25.542 1 DL_VALUE 3 0.
25.545 1 ENERGY 0. 0. 0 0.
25.634 1 ATTITUDE -0.140625 1.038818 -0.956787
25.640 1 GPS 0 0 0 0 0 0 0 0 0 0 1
25.644 1 ALIVE 174,222,138,243,180,132,213,161,20,137,147,153,212,68,69,225
25.669 1 NAVIGATION 0 1 0. 0. 8421.2 0. 0 0
25.734 1 ATTITUDE -0.13916 0.994385 -0.910156
25.740 1 DESIRED -0.8 0.1 4.2 -80. -45. 815. 2.
25.742 1 ESTIMATOR 0. 0.
25.745 1 IMU_GYRO -1.164062 5.719971 0.163818
25.748 1 PPRZ_MODE 2 3 3 0 0 6
25.834 1 ATTITUDE -0.01123 0.911621 -0.583496
25.837 1 WP_MOVED 3 506350.5 3566257. 805. 12
25.841 1 IMU_ACCEL 4.904297 1.410156 8.505859
25.892 1 GPS 0 0 0 0 0 0 0 0 0 0 1
25.908 1 DOWNLINK_STATUS 15 12331 552 0 882. 40. 2.91
25.919 1 NAVIGATION 0 1 0. 0. 8421.2 0. 0 0
25.934 1 ATTITUDE -0.013672 0.929443 -0.67334
25.940 1 DESIRED -0.8 0.1 4.2 -80. -45. 815. 2.
26.034 1 ATTITUDE -0.062256 0.962158 -0.847656
26.134 1 ATTITUDE -0.009521 0.924072 -0.708496
26.140 1 DESIRED -0.8 0.1 4.2 -80. -45. 815. 2.
26.146 1 GPS 0 0 0 0 0 0 0 0 0 0 1
26.169 1 NAVIGATION 0 1 0. 0. 8421.2 0. 0 0
26.234 1 ATTITUDE -0.005859 0.925293 -0.712158
26.236 1 ESTIMATOR 0. 0.
26.334 1 ATTITUDE -0.018066 0.932617 -0.751709
26.340 1 DESIRED -0.8 0.1 4.2 -80. -45. 815. 2.
26.343 1 WP_MOVED 4 506374.40625 3566337.75 805. 12
26.346 1 IMU_GYRO -0.038086 -0.052979 -0.012695
26.351 1 NAVIGATION 0 1 0. 0. 8421.2 0. 0 0
26.372 1 WIND_INFO 1 42 0. 0. 0.
26.387 1 GPS 0 0 0 0 0 0 0 0 0 0 1
26.400 1 PONG 
26.416 1 FBW_STATUS 2 0 1 0 0
26.421 1 NAVIGATION 0 1 0. 0. 8421.2 0. 0 0
26.433 1 ATTITUDE -0.020264 0.932129 -0.782227
26.436 1 BAT 0 0 0 0 1 42 42 0
26.534 1 ATTITUDE -0.019043 0.956299 -0.788086
26.540 1 DESIRED -0.8 0.1 4.2 -80. -45. 815. 2.
26.543 1 IMU_MAG -1.59668 -1.70459 0.839844
26.634 1 ATTITUDE -0.037109 0.990479 -0.810303
26.640 1 GPS 0 0 0 0 0 0 0 0 0 0 1
26.643 1 IMU_ACCEL 6.878906 1.928711 6.301758
26.669 1 NAVIGATION 0 1 0. 0. 8421.2 0. 0 0
26.734 1 ATTITUDE -0.034912 0.981689 -0.810547
26.740 1 DESIRED -0.8 0.1 4.2 -80. -45. 815. 2.
26.742 1 ESTIMATOR 0. 0.
26.743 1 DOWNLINK 4 825 1558
26.834 1 ATTITUDE -0.024414 0.967041 -0.810791
26.837 1 WP_MOVED 5 506402.3125 3566363.25 820. 12
26.887 1 GPS 0 0 0 0 0 0 0 0 0 0 1
26.909 1 DOWNLINK_STATUS 16 13116 587 0 785. 35. 2.73
26.919 1 NAVIGATION 0 1 0. 0. 8421.2 0. 0 0
26.934 1 ATTITUDE -0.021729 0.962402 -0.8125
26.940 1 DESIRED -0.8 0.1 4.2 -80. -45. 815. 2.
26.943 1 IMU_GYRO 0.014893 0.045654 -0.025391
27.034 1 ATTITUDE -0.023193 0.957275 -0.814209
27.036 1 DL_VALUE 4 0.
27.134 1 ATTITUDE -0.005859 0.943848 -0.80957
27.140 1 DESIRED -0.8 0.1 4.2 -80. -45. 815. 2.
27.146 1 GPS 0 0 0 0 0 0 0 0 0 0 1
27.149 1 GPS_SOL 0 0 0 0
27.169 1 NAVIGATION 0 1 0. 0. 8421.2 0. 0 0
27.234 1 ATTITUDE -0.002441 0.937744 -0.808105
27.236 1 ESTIMATOR 0. 0.
27.238 1 CALIBRATION -150. 0
27.240 1 STATE_FILTER_STATUS 3 0
27.334 1 ATTITUDE -0.001465 0.935547 -0.811279
27.340 1 DESIRED -0.8 0.1 4.2 -80. -45. 815. 2.
27.343 1 WP_MOVED 6 506374.40625 3566337.75 820. 12
27.348 1 NAVIGATION 0 1 0. 0. 8421.2 0. 0 0
27.386 1 GPS 0 0 0 0 0 0 0 0 0 0 1
27.419 1 NAVIGATION 0 1 0. 0. 8421.2 0. 0 0
27.434 1 ATTITUDE 0.003662 0.929688 -0.810547
27.437 1 IMU_ACCEL 6.869141 1.660156 6.435547
27.534 1 ATTITUDE 0.007812 0.927002 -0.810547
27.540 1 DESIRED -0.8 0.1 4.2 -80. -45. 815. 2.
27.543 1 IMU_GYRO -0.033936 -0.02124 -0.028564
27.546 1 BAT 0 0 0 0 1 43 43 0
27.634 1 ATTITUDE 0.009277 0.924805 -0.8125
27.640 1 GPS 0 0 0 0 0 0 0 0 0 0 1
27.669 1 NAVIGATION 0 1 0. 0. 8421.2 0. 0 0
27.734 1 ATTITUDE 0.013916 0.921875 -0.810059
27.740 1 DESIRED -0.8 0.1 4.2 -80. -45. 815. 2.
27.742 1 ESTIMATOR 0. 0.
27.834 1 ATTITUDE 0.011963 0.923828 -0.812012
27.837 1 WP_MOVED 7 506350.5 3566270.75 805. 12
27.840 1 IMU_MAG -1.591797 -1.724609 0.828613
27.886 1 GPS 0 0 0 0 0 0 0 0 0 0 1
27.910 1 DOWNLINK_STATUS 17 13936 624 0 820. 37. 2.73
27.919 1 NAVIGATION 0 1 0. 0. 8421.2 0. 0 0
27.934 1 ATTITUDE 0.01709 0.92041 -0.810547
27.940 1 DESIRED -0.8 0.1 4.2 -80. -45. 815. 2.
28.034 1 ATTITUDE 0.017822 0.919189 -0.812256
28.037 1 ENERGY 0. 0. 0 0.
28.134 1 ATTITUDE 0.018799 0.918457 -0.811768
28.140 1 DESIRED -0.8 0.1 4.2 -80. -45. 815. 2.
28.146 1 GPS 0 0 0 0 0 0 0 0 0 0 1
28.149 1 IMU_GYRO -0.031738 -0.006348 -0.032959
28.169 1 NAVIGATION 0 1 0. 0. 8421.2 0. 0 0
28.234 1 ATTITUDE 0.021484 0.918457 -0.810547
28.236 1 ESTIMATOR 0. 0.
28.239 1 IMU_ACCEL 6.682617 1.55957 6.449219
28.334 1 ATTITUDE 0.019775 0.921875 -0.809082
28.340 1 DESIRED -0.8 0.1 4.2 -80. -45. 815. 2.
28.343 1 WP_MOVED 8 506254.8125 3566257.5 815. 12
28.348 1 NAVIGATION 0 1 0. 0. 8421.2 0. 0 0
28.386 1 GPS 0 0 0 0 0 0 0 0 0 0 1
28.416 1 FBW_STATUS 2 0 1 0 0
28.421 1 NAVIGATION 0 1 0. 0. 8421.2 0. 0 0
28.434 1 ATTITUDE 0.011963 0.92627 -0.815674
28.534 1 ATTITUDE 0.027832 0.914307 -0.810059
28.540 1 DESIRED -0.8 0.1 4.2 -80. -45. 815. 2.
28.542 1 DL_VALUE 5 0.
28.634 1 ATTITUDE 0.030029 0.915283 -0.803223
28.640 1 GPS 0 0 0 0 0 0 0 0 0 0 1
28.643 1 BAT 0 0 0 0 1 44 44 0
28.669 1 NAVIGATION 0 1 0. 0. 8421.2 0. 0 0
28.734 1 ATTITUDE 0.024658 0.91626 -0.798584
28.740 1 DESIRED -0.8 0.1 4.2 -80. -45. 815. 2.
28.742 1 ESTIMATOR 0. 0.
28.745 1 IMU_GYRO -0.104248 0.444824 0.026367
28.834 1 ATTITUDE 0.032959 0.912598 -0.775391
28.837 1 WP_MOVED 9 506213.8125 3566287.5 815. 12
28.886 1 GPS 0 0 0 0 0 0 0 0 0 0 1
28.911 1 DOWNLINK_STATUS 18 14735 659 0 799. 35. 2.73
28.918 1 NAVIGATION 0 1 0. 0. 8421.2 0. 0 0
28.934 1 ATTITUDE 0.045166 0.917236 -0.511963
28.940 1 DESIRED -0.8 0.1 4.2 -80. -45. 815. 2.
29.034 1 ATTITUDE 0.044434 0.944336 -0.404053
29.037 1 IMU_ACCEL 3.660156 1.353516 8.249023
29.134 1 ATTITUDE 0.0354 0.981445 -0.265381
29.140 1 DESIRED -0.8 0.1 4.2 -80. -45. 815. 2.
29.145 1 GPS 0 0 0 0 0 0 0 0 0 0 1
29.149 1 IMU_MAG -1.163086 -1.684082 0.474609
29.152 1 GPS_SOL 0 0 0 0
29.169 1 NAVIGATION 0 1 0. 0. 8421.2 0. 0 0
29.234 1 ATTITUDE 0.019531 1.031738 -0.197021
29.236 1 ESTIMATOR 0. 0.
29.334 1 ATTITUDE -0.016602 1.05835 -0.160645
29.340 1 DESIRED -0.8 0.1 4.2 -80. -45. 815. 2.
29.343 1 WP_MOVED 0 506377. 3566344. 757. 12
29.346 1 IMU_GYRO -0.078613 0.971436 -0.178711
29.356 1 NAVIGATION 0 1 0. 0. 8421.2 0. 0 0
29.356 1 CALIBRATION -150. 0
29.386 1 GPS 0 0 0 0 0 0 0 0 0 0 1
29.419 1 NAVIGATION 0 1 0. 0. 8421.2 0. 0 0
29.434 1 ATTITUDE -0.022705 1.102783 -0.05835
29.436 1 STATE_FILTER_STATUS 3 0
29.517 1 COMMANDS 0,5165,-372,0
29.534 1 ATTITUDE -0.022217 1.147217 0.044434
29.540 1 DESIRED -0.8 0.1 4.2 -80. -45. 815. 2.
29.617 1 ACTUATORS 1000,1615,1628,1500
29.634 1 ATTITUDE -0.005859 1.19165 0.126221
29.640 1 GPS 0 0 0 0 0 0 0 0 0 0 1
29.669 1 NAVIGATION 0 1 0. 0. 8421.2 0. 0 0
29.734 1 ATTITUDE 0.005859 1.19751 0.198975
29.740 1 DESIRED -0.8 0.1 4.2 -80. -45. 815. 2.
29.742 1 ESTIMATOR 0. 0.
29.746 1 BAT 0 0 0 0 1 45 45 0
29.834 1 ATTITUDE -0.001221 1.192139 0.158691
29.837 1 WP_MOVED 1 506335. 3566302. 765. 12
29.840 1 IMU_ACCEL -3.079102 1.170898 10.681641
29.886 1 GPS 0 0 0 0 0 0 0 0 0 0 1
29.912 1 DOWNLINK_STATUS 19 15574 697 0 839. 38. 2.73
29.919 1 NAVIGATION 0 1 0. 0. 8421.2 0. 0 0
29.933 1 ATTITUDE -0.048828 1.191162 -0.178711
29.940 1 DESIRED -0.8 0.1 4.2 -80. -45. 815. 2.
29.943 1 IMU_GYRO 0.474609 -1.986816 0.0979
30.034 1 ATTITUDE -0.061035 1.210693 -0.278809
30.036 1 DL_VALUE 6 100.
30.134 1 ATTITUDE -0.059326 1.223633 -0.102539
30.140 1 DESIRED -0.8 0.1 4.2 -80. -45. 815. 2.
30.145 1 GPS 0 0 0 0 0 0 0 0 0 0 1
30.169 1 NAVIGATION 0 1 0. 0. 8421.2 0. 0 0
30.234 1 ATTITUDE -0.038086 1.23584 0.181396
30.236 1 ESTIMATOR 0. 0.
30.334 1 ATTITUDE 0.003418 1.277588 0.295898
30.340 1 DESIRED -0.8 0.1 4.2 -80. -45. 815. 2.
30.343 1 WP_MOVED 2 506254.8125 3566257.5 815. 12
30.348 1 NAVIGATION 0 1 0. 0. 8421.2 0. 0 0
30.386 1 GPS 0 0 0 0 0 0 0 0 0 0 1
30.418 1 FBW_STATUS 2 0 1 0 0
30.420 1 NAVIGATION 0 1 0. 0. 8421.2 0. 0 0
30.434 1 ATTITUDE 0.015869 1.318359 0.199463
30.436 1 IMU_MAG -0.837402 -1.571289 0.394043
30.534 1 ATTITUDE -0.0354 1.318115 -0.254395
30.540 1 DESIRED -0.8 0.1 4.2 -80. -45. 815. 2.
30.543 1 IMU_GYRO 0.274414 -3.464844 -0.056396
30.546 1 ENERGY 0. 0. 0 0.
30.634 1 ATTITUDE -0.03833 1.290771 -0.368896
30.639 1 GPS 0 0 0 0 0 0 0 0 0 0 1
30.643 1 IMU_ACCEL 3.722656 0.378906 8.03125
30.647 1 ALIVE 174,222,138,243,180,132,213,161,20,137,147,153,212,68,69,225
30.669 1 NAVIGATION 0 1 0. 0. 8421.2 0. 0 0
30.734 1 ATTITUDE -0.020508 1.270264 -0.081543
30.740 1 DESIRED -0.8 0.1 4.2 -80. -45. 815. 2.
30.742 1 ESTIMATOR 0. 0.
30.744 1 PPRZ_MODE 2 3 3 0 0 6
30.834 1 ATTITUDE -0.022949 1.303223 0.182373
30.837 1 WP_MOVED 3 506350.5 3566257. 805. 12
30.841 1 BAT 0 0 0 0 1 46 46 0
30.886 1 GPS 0 0 0 0 0 0 0 0 0 0 1
30.912 1 DOWNLINK_STATUS 20 16426 735 0 852. 38. 2.73
30.919 1 NAVIGATION 0 1 0. 0. 8421.2 0. 0 0
30.934 1 ATTITUDE -0.025879 1.325195 0.094727
30.940 1 DESIRED -0.8 0.1 4.2 -80. -45. 815. 2.
31.034 1 ATTITUDE -0.047119 1.321289 -0.232666
31.036 1 NAVIGATION_REF 506335 3566302 12
31.134 1 ATTITUDE -0.088379 1.322266 -0.518311
31.140 1 DESIRED -0.8 0.1 4.2 -80. -45. 815. 2.
31.145 1 GPS 0 0 0 0 0 0 0 0 0 0 1
31.148 1 IMU_GYRO -0.016846 0.028564 -0.070068
31.151 1 GPS_SOL 0 0 0 0
31.169 1 NAVIGATION 0 1 0. 0. 8421.2 0. 0 0
31.234 1 ATTITUDE -0.034912 1.270752 -0.093506
31.236 1 ESTIMATOR 0. 0.
31.334 1 ATTITUDE -0.030518 1.290039 0.054443
31.340 1 DESIRED -0.8 0.1 4.2 -80. -45. 815. 2.
31.343 1 WP_MOVED 4 506374.40625 3566337.75 805. 12
31.348 1 NAVIGATION 0 1 0. 0. 8421.2 0. 0 0
31.386 1 GPS 0 0 0 0 0 0 0 0 0 0 1
31.401 1 PONG 
31.419 1 NAVIGATION 0 1 0. 0. 8421.2 0. 0 0
31.434 1 ATTITUDE -0.052734 1.30249 -0.159912
31.436 1 IMU_ACCEL 2.478516 1.108398 8.714844
31.439 1 CALIBRATION -150. 0
31.534 1 ATTITUDE -0.118652 1.309326 -0.607178
31.540 1 DESIRED -0.8 0.1 4.2 -80. -45. 815. 2.
31.541 1 DL_VALUE 7 2.
31.634 1 ATTITUDE -0.16626 1.288818 -0.800049
31.639 1 GPS 0 0 0 0 0 0 0 0 0 0 1
31.641 1 STATE_FILTER_STATUS 3 0
31.668 1 NAVIGATION 0 1 0. 0. 8421.2 0. 0 0
31.734 1 ATTITUDE -0.240967 1.289307 -0.982422
31.740 1 DESIRED -0.8 0.1 4.2 -80. -45. 815. 2.
31.742 1 ESTIMATOR 0. 0.
31.745 1 IMU_GYRO 0.231934 -1.041748 0.11792
31.748 1 IMU_MAG -1.68457 -1.669922 1.070312
31.834 1 ATTITUDE -0.30249 1.274658 -1.054688
31.837 1 WP_MOVED 5 506402.3125 3566363.25 820. 12
31.839 1 DOWNLINK 4 819 1747
31.886 1 GPS 0 0 0 0 0 0 0 0 0 0 1
31.913 1 DOWNLINK_STATUS 21 17258 774 0 832. 39. 2.64
31.917 1 NAVIGATION 0 1 0. 0. 8421.2 0. 0 0
31.933 1 ATTITUDE -0.187256 1.113525 -0.851074
31.940 1 DESIRED -0.8 0.1 4.2 -80. -45. 815. 2.
31.942 1 BAT 0 0 0 0 1 47 47 0
32.034 1 ATTITUDE -0.118652 1.041504 -0.515137
32.134 1 ATTITUDE -0.032227 1.018799 -0.227783
32.140 1 DESIRED -0.8 0.1 4.2 -80. -45. 815. 2.
32.145 1 GPS 0 0 0 0 0 0 0 0 0 0 1
32.168 1 NAVIGATION 0 1 0. 0. 8421.2 0. 0 0
32.234 1 ATTITUDE 0.005859 1.045654 -0.104248
32.236 1 ESTIMATOR 0. 0.
32.239 1 IMU_ACCEL -0.02832 1.012695 9.522461
32.334 1 ATTITUDE 0.023193 1.071777 -0.1521
32.340 1 DESIRED -0.8 0.1 4.2 -80. -45. 815. 2.
32.343 1 WP_MOVED 6 506374.40625 3566337.75 820. 12
32.346 1 IMU_GYRO -0.052979 -2.27832 -0.061523
32.351 1 NAVIGATION 0 1 0. 0. 8421.2 0. 0 0
32.386 1 GPS 0 0 0 0 0 0 0 0 0 0 1
32.416 1 FBW_STATUS 2 0 1 0 0
32.421 1 NAVIGATION 0 1 0. 0. 8421.2 0. 0 0
32.435 1 ATTITUDE 0.013916 1.072998 -0.436035
32.534 1 ATTITUDE -0.006836 1.048584 -0.782227
32.540 1 DESIRED -0.8 0.1 4.2 -80. -45. 815. 2.
32.634 1 ATTITUDE 0.047607 1.047363 -0.204102
32.639 1 GPS 0 0 0 0 0 0 0 0 0 0 1
32.668 1 NAVIGATION 0 1 0. 0. 8421.2 0. 0 0
32.734 1 ATTITUDE 0.055176 1.078857 -0.061279
32.739 1 DESIRED -0.8 0.1 4.2 -80. -45. 815. 2.
32.742 1 ESTIMATOR 0. 0.
32.834 1 ATTITUDE 0.030029 1.102295 -0.199707
32.837 1 WP_MOVED 7 506350.5 3566270.75 805. 12
32.886 1 GPS 0 0 0 0 0 0 0 0 0 0 1
32.914 1 DOWNLINK_STATUS 22 18008 806 0 750. 32. 2.64
32.918 1 NAVIGATION 0 1 0. 0. 8421.2 0. 0 0
32.933 1 ATTITUDE 0.006348 1.091309 -0.413818
32.938 1 DESIRED -0.8 0.1 4.2 -80. -45. 815. 2.
32.942 1 IMU_GYRO -0.055176 0.48291 -0.075439
33.034 1 ATTITUDE 0.034424 1.107422 -0.070801
33.037 1 IMU_ACCEL 0.167969 0.62793 9.046875
33.040 1 BAT 0 0 0 0 1 48 48 0
33.043 1 IMU_MAG -0.969727 -1.554199 0.368164
33.044 1 DL_VALUE 8 0.
33.049 1 ENERGY 0. 0. 0 0.
33.134 1 ATTITUDE 0.040771 1.133789 -0.034912
33.139 1 DESIRED -0.8 0.1 4.2 -80. -45. 815. 2.
33.145 1 GPS 0 0 0 0 0 0 0 0 0 0 1
33.148 1 GPS_SOL 0 0 0 0
33.168 1 NAVIGATION 0 1 0. 0. 8421.2 0. 0 0
33.234 1 ATTITUDE 0.036621 1.160156 0.004883
33.236 1 ESTIMATOR 0. 0.
33.334 1 ATTITUDE 0.026611 1.178467 0.00415
33.339 1 DESIRED -0.8 0.1 4.2 -80. -45. 815. 2.
33.343 1 WP_MOVED 8 506254.8125 3566257.5 815. 12
33.347 1 NAVIGATION 0 1 0. 0. 8421.2 0. 0 0
33.386 1 GPS 0 0 0 0 0 0 0 0 0 0 1
33.418 1 NAVIGATION 0 1 0. 0. 8421.2 0. 0 0
33.434 1 ATTITUDE 0.020996 1.199219 0.007812
33.534 1 ATTITUDE 0.013184 1.217773 0.043945
33.539 1 DESIRED -0.8 0.1 4.2 -80. -45. 815. 2.
33.543 1 IMU_GYRO 0.006348 0.656494 0.060547
33.544 1 CALIBRATION -150. 0
33.634 1 ATTITUDE 0.00415 1.244385 0.081543
33.639 1 GPS 0 0 0 0 0 0 0 0 0 0 1
33.668 1 NAVIGATION 0 1 0. 0. 8421.2 0. 0 0
33.734 1 ATTITUDE 0.005371 1.267578 0.064453
33.739 1 DESIRED -0.8 0.1 4.2 -80. -45. 815. 2.
33.742 1 ESTIMATOR 0. 0.
33.834 1 ATTITUDE 0.003418 1.290527 0.048096
33.837 1 WP_MOVED 9 506213.8125 3566287.5 815. 12
33.840 1 IMU_ACCEL -1.349609 0.839844 9.332031
33.842 1 STATE_FILTER_STATUS 3 0
33.886 1 GPS 0 0 0 0 0 0 0 0 0 0 1
33.914 1 DOWNLINK_STATUS 23 18866 845 0 858. 39. 2.64
33.918 1 NAVIGATION 0 1 0. 0. 8421.2 0. 0 0
33.933 1 ATTITUDE 0.000977 1.298584 0.025635
33.939 1 DESIRED -0.8 0.1 4.2 -80. -45. 815. 2.
34.034 1 ATTITUDE -0.002197 1.296387 -0.077393
34.134 1 ATTITUDE -0.012207 1.282959 -0.186035
34.139 1 DESIRED -0.8 0.1 4.2 -80. -45. 815. 2.
34.145 1 GPS 0 0 0 0 0 0 0 0 0 0 1
34.148 1 IMU_GYRO 0.119141 -0.80542 0.015869
34.152 1 BAT 0 0 0 0 1 49 49 0
34.168 1 NAVIGATION 0 1 0. 0. 8421.2 0. 0 0
34.233 1 ATTITUDE -0.01416 1.268799 -0.132812
34.236 1 ESTIMATOR 0. 0.
34.333 1 ATTITUDE -0.008545 1.268066 0.008301
34.339 1 DESIRED -0.8 0.1 4.2 -80. -45. 815. 2.
34.343 1 WP_MOVED 0 506377. 3566344. 757. 12
34.347 1 NAVIGATION 0 1 0. 0. 8421.2 0. 0 0
34.350 1 IMU_MAG -0.900879 -1.56543 0.359375
34.386 1 GPS 0 0 0 0 0 0 0 0 0 0 1
34.415 1 FBW_STATUS 2 0 1 0 0
34.421 1 NAVIGATION 0 1 0. 0. 8421.2 0. 0 0
34.432 1 ATTITUDE -0.01416 1.28125 0.054932
34.516 1 COMMANDS 0,5191,-433,0
34.533 1 ATTITUDE -0.017578 1.294434 -0.038086
34.539 1 DESIRED -0.8 0.1 4.2 -80. -45. 815. 2.
34.541 1 DL_VALUE 9 1.
34.616 1 ACTUATORS 1000,1674,1562,1500
34.633 1 ATTITUDE -0.041504 1.30542 -0.155273
34.639 1 GPS 0 0 0 0 0 0 0 0 0 0 1
34.642 1 IMU_ACCEL 0.671875 0.738281 9.498047
34.668 1 NAVIGATION 0 1 0. 0. 8421.2 0. 0 0
34.733 1 ATTITUDE -0.078369 1.303467 -0.266846
34.739 1 DESIRED -0.8 0.1 4.2 -80. -45. 815. 2.
34.742 1 ESTIMATOR 0. 0.
34.745 1 IMU_GYRO 0.357422 0.049805 0.135986
34.833 1 ATTITUDE -0.084717 1.280273 -0.241943
34.837 1 WP_MOVED 1 506335. 3566302. 765. 12
34.886 1 GPS 0 0 0 0 0 0 0 0 0 0 1
34.915 1 DOWNLINK_STATUS 24 19693 882 0 827. 37. 2.64
34.918 1 NAVIGATION 0 1 0. 0. 8421.2 0. 0 0
34.933 1 ATTITUDE -0.04248 1.251953 -0.099854
34.939 1 DESIRED -0.8 0.1 4.2 -80. -45. 815. 2.
35.033 1 ATTITUDE 0.037109 1.229004 -0.072754
35.133 1 ATTITUDE 0.06665 1.218018 -0.13501
35.139 1 DESIRED -0.8 0.1 4.2 -80. -45. 815. 2.
35.145 1 GPS 0 0 0 0 0 0 0 0 0 0 1
35.148 1 GPS_SOL 0 0 0 0
35.168 1 NAVIGATION 0 1 0. 0. 8421.2 0. 0 0
35.233 1 ATTITUDE 0.015137 1.237793 -0.096436
35.236 1 ESTIMATOR 0. 0.
35.239 1 BAT 0 0 0 0 1 50 50 0
35.333 1 ATTITUDE -0.069824 1.260986 -0.136963
35.339 1 DESIRED -0.8 0.1 4.2 -80. -45. 815. 2.
35.343 1 WP_MOVED 2 506254.8125 3566257.5 815. 12
35.346 1 IMU_GYRO 0.738525 -0.378662 0.262695
35.350 1 NAVIGATION 0 1 0. 0. 8421.2 0. 0 0
35.386 1 GPS 0 0 0 0 0 0 0 0 0 0 1
35.418 1 NAVIGATION 0 1 0. 0. 8421.2 0. 0 0
35.433 1 ATTITUDE -0.096436 1.263916 -0.159424
35.437 1 IMU_ACCEL 1.325195 1.813477 8.572266
35.533 1 ATTITUDE -0.012695 1.251953 -0.163086
35.539 1 DESIRED -0.8 0.1 4.2 -80. -45. 815. 2.
35.543 1 ENERGY 0. 0. 0 0.
35.633 1 ATTITUDE -0.001221 1.236816 -0.188232
35.639 1 GPS 0 0 0 0 0 0 0 0 0 0 1
35.642 1 IMU_MAG -1.060059 -1.56543 0.376953
35.644 1 CALIBRATION -150. 0
35.648 1 ALIVE 174,222,138,243,180,132,213,161,20,137,147,153,212,68,69,225
35.668 1 NAVIGATION 0 1 0. 0. 8421.2 0. 0 0
35.733 1 ATTITUDE -0.040283 1.237061 -0.22876
35.739 1 DESIRED -0.8 0.1 4.2 -80. -45. 815. 2.
35.742 1 ESTIMATOR 0. 0.
35.744 1 PPRZ_MODE 2 3 3 0 0 6
35.833 1 ATTITUDE -0.039062 1.221924 -0.233643
35.837 1 WP_MOVED 3 506350.5 3566257. 805. 12
35.886 1 GPS 0 0 0 0 0 0 0 0 0 0 1
35.915 1 DOWNLINK_STATUS 25 20530 919 0 837. 37. 2.64
35.918 1 NAVIGATION 0 1 0. 0. 8421.2 0. 0 0
35.932 1 ATTITUDE -0.049561 1.192627 -0.236084
35.939 1 DESIRED -0.8 0.1 4.2 -80. -45. 815. 2.
35.941 1 IMU_GYRO 0.157471 0.062744 0.19458
36.033 1 ATTITUDE -0.053711 1.181396 -0.237793
36.035 1 DL_VALUE 10 0.
36.037 1 STATE_FILTER_STATUS 3 0
36.133 1 ATTITUDE -0.042969 1.189697 -0.226074
36.139 1 DESIRED -0.8 0.1 4.2 -80. -45. 815. 2.
36.145 1 GPS 0 0 0 0 0 0 0 0 0 0 1
36.168 1 NAVIGATION 0 1 0. 0. 8421.2 0. 0 0
36.233 1 ATTITUDE -0.059326 1.197754 -0.260742
36.236 1 ESTIMATOR 0. 0.
36.239 1 IMU_ACCEL 2.041016 1.098633 9.208984
36.333 1 ATTITUDE -0.084717 1.199219 -0.288818
36.339 1 DESIRED -0.8 0.1 4.2 -80. -45. 815. 2.
36.343 1 WP_MOVED 4 506374.40625 3566337.75 805. 12
36.347 1 NAVIGATION 0 1 0. 0. 8421.2 0. 0 0
36.351 1 BAT 0 0 0 0 1 51 51 0
36.372 1 WIND_INFO 1 42 0. 0. 0.
36.386 1 GPS 0 0 0 0 0 0 0 0 0 0 1
36.405 1 PONG 
36.415 1 FBW_STATUS 2 0 1 0 0
36.419 1 NAVIGATION 0 1 0. 0. 8421.2 0. 0 0
36.433 1 ATTITUDE -0.094238 1.194092 -0.306396
36.533 1 ATTITUDE -0.078125 1.189697 -0.314209
36.539 1 DESIRED -0.8 0.1 4.2 -80. -45. 815. 2.
36.542 1 IMU_GYRO -0.208496 0.063721 -0.138184
36.633 1 ATTITUDE -0.061279 1.18042 -0.312012
36.639 1 GPS 0 0 0 0 0 0 0 0 0 0 1
36.668 1 NAVIGATION 0 1 0. 0. 8421.2 0. 0 0
36.734 1 ATTITUDE -0.065918 1.175293 -0.327148
36.739 1 DESIRED -0.8 0.1 4.2 -80. -45. 815. 2.
36.742 1 ESTIMATOR 0. 0.
36.833 1 ATTITUDE -0.067383 1.172607 -0.333984
36.837 1 WP_MOVED 5 506402.3125 3566363.25 820. 12
36.886 1 GPS 0 0 0 0 0 0 0 0 0 0 1
36.916 1 DOWNLINK_STATUS 26 21324 955 0 794. 36. 2.56
36.918 1 NAVIGATION 0 1 0. 0. 8421.2 0. 0 0
36.933 1 ATTITUDE -0.066895 1.172607 -0.340332
36.939 1 DESIRED -0.8 0.1 4.2 -80. -45. 815. 2.
36.942 1 IMU_MAG -1.214355 -1.605957 0.46582
36.946 1 DOWNLINK 4 824 1934
37.033 1 ATTITUDE -0.064453 1.168945 -0.354492
37.036 1 IMU_ACCEL 2.613281 1.304688 8.947266
37.133 1 ATTITUDE -0.058105 1.159668 -0.350342
37.139 1 DESIRED -0.8 0.1 4.2 -80. -45. 815. 2.
37.145 1 GPS 0 0 0 0 0 0 0 0 0 0 1
37.148 1 IMU_GYRO -0.084961 0.169189 -0.069092
37.151 1 GPS_SOL 0 0 0 0
37.168 1 NAVIGATION 0 1 0. 0. 8421.2 0. 0 0
37.233 1 ATTITUDE -0.049805 1.153076 -0.341797
37.236 1 ESTIMATOR 0. 0.
37.333 1 ATTITUDE -0.054688 1.147217 -0.346436
37.339 1 DESIRED -0.8 0.1 4.2 -80. -45. 815. 2.
37.343 1 WP_MOVED 6 506374.40625 3566337.75 820. 12
37.347 1 NAVIGATION 0 1 0. 0. 8421.2 0. 0 0
37.386 1 GPS 0 0 0 0 0 0 0 0 0 0 1
37.417 1 NAVIGATION 0 1 0. 0. 8421.2 0. 0 0
37.433 1 ATTITUDE -0.057617 1.136719 -0.339844
37.436 1 BAT 0 0 0 0 1 53 53 0
37.533 1 ATTITUDE -0.048828 1.132324 -0.319336
37.539 1 DESIRED -0.8 0.1 4.2 -80. -45. 815. 2.
37.540 1 DL_VALUE 11 1.
37.633 1 ATTITUDE -0.039795 1.130859 -0.31543
37.639 1 GPS 0 0 0 0 0 0 0 0 0 0 1
37.669 1 NAVIGATION 0 1 0. 0. 8421.2 0. 0 0
37.733 1 ATTITUDE -0.040039 1.132568 -0.318359
37.739 1 DESIRED -0.8 0.1 4.2 -80. -45. 815. 2.
37.741 1 ESTIMATOR 0. 0.
37.745 1 IMU_GYRO 0.023193 -0.226562 -0.00415
37.746 1 CALIBRATION -150. 0
37.833 1 ATTITUDE -0.045654 1.133057 -0.332275
37.837 1 WP_MOVED 7 506350.5 3566270.75 805. 12
37.840 1 IMU_ACCEL 2.454102 1.24707 8.985352
37.886 1 GPS 0 0 0 0 0 0 0 0 0 0 1
37.916 1 DOWNLINK_STATUS 27 22164 993 0 840. 38. 2.56
37.917 1 NAVIGATION 0 1 0. 0. 8421.2 0. 0 0
37.932 1 ATTITUDE -0.049072 1.131592 -0.338623
37.938 1 DESIRED -0.8 0.1 4.2 -80. -45. 815. 2.
38.033 1 ATTITUDE -0.052002 1.130859 -0.347656
38.037 1 ENERGY 0. 0. 0 0.
38.133 1 ATTITUDE -0.053955 1.130127 -0.355713
38.139 1 DESIRED -0.8 0.1 4.2 -80. -45. 815. 2.
38.145 1 GPS 0 0 0 0 0 0 0 0 0 0 1
38.168 1 NAVIGATION 0 1 0. 0. 8421.2 0. 0 0
38.233 1 ATTITUDE -0.057861 1.128662 -0.362549
38.235 1 ESTIMATOR 0. 0.
38.238 1 IMU_MAG -1.214355 -1.600586 0.462891
38.239 1 STATE_FILTER_STATUS 3 0
38.333 1 ATTITUDE -0.059814 1.126221 -0.371094
38.339 1 DESIRED -0.8 0.1 4.2 -80. -45. 815. 2.
38.343 1 WP_MOVED 8 506254.8125 3566257.5 815. 12
38.345 1 IMU_GYRO -0.012695 0.116943 -0.033936
38.350 1 NAVIGATION 0 1 0. 0. 8421.2 0. 0 0
38.386 1 GPS 0 0 0 0 0 0 0 0 0 0 1
38.415 1 FBW_STATUS 2 0 1 0 0
38.419 1 NAVIGATION 0 1 0. 0. 8421.2 0. 0 0
38.432 1 ATTITUDE -0.056885 1.125977 -0.370605
38.533 1 ATTITUDE -0.058838 1.127686 -0.369141
38.539 1 DESIRED -0.8 0.1 4.2 -80. -45. 815. 2.
38.546 1 BAT 0 0 0 0 1 54 54 0
38.634 1 ATTITUDE -0.0625 1.126465 -0.371582
38.638 1 GPS 0 0 0 0 0 0 0 0 0 0 1
38.641 1 IMU_ACCEL 2.545898 1.467773 8.857422
38.667 1 NAVIGATION 0 1 0. 0. 8421.2 0. 0 0
38.732 1 ATTITUDE -0.048584 1.126709 -0.365723
38.740 1 DESIRED -0.8 0.1 4.2 -80. -45. 815. 2.
38.741 1 ESTIMATOR 0. 0.
38.833 1 ATTITUDE -0.049072 1.126953 -0.357178
38.837 1 WP_MOVED 9 506213.8125 3566287.5 815. 12
38.886 1 GPS 0 0 0 0 0 0 0 0 0 0 1
38.917 1 DOWNLINK_STATUS 28 22961 1028 0 797. 35. 2.56
38.918 1 NAVIGATION 0 1 0. 0. 8421.2 0. 0 0
38.933 1 ATTITUDE -0.046631 1.125244 -0.359863
38.939 1 DESIRED -0.8 0.1 4.2 -80. -45. 815. 2.
38.941 1 IMU_GYRO 0.02124 -0.018066 -0.014893
39.033 1 ATTITUDE -0.053467 1.126709 -0.365967
39.035 1 DL_VALUE 0 0.
39.137 1 ATTITUDE -0.054932 1.123535 -0.374756
39.139 1 DESIRED -0.8 0.1 4.2 -80. -45. 815. 2.
39.144 1 GPS 0 0 0 0 0 0 0 0 0 0 1
39.147 1 GPS_SOL 0 0 0 0
39.168 1 NAVIGATION 0 1 0. 0. 8421.2 0. 0 0
39.233 1 ATTITUDE -0.057861 1.125732 -0.381592
39.235 1 ESTIMATOR 0. 0.
39.333 1 ATTITUDE -0.05249 1.124023 -0.375488
39.339 1 DESIRED -0.8 0.1 4.2 -80. -45. 815. 2.
39.343 1 WP_MOVED 0 506377. 3566344. 757. 12
39.347 1 NAVIGATION 0 1 0. 0. 8421.2 0. 0 0
39.386 1 GPS 0 0 0 0 0 0 0 0 0 0 1
39.418 1 NAVIGATION 0 1 0. 0. 8421.2 0. 0 0
39.433 1 ATTITUDE -0.053467 1.123291 -0.378418
39.436 1 IMU_ACCEL 2.329102 1.487305 9.132812
39.516 1 COMMANDS 0,4927,-2642,0
39.533 1 ATTITUDE -0.052734 1.121094 -0.378662
39.539 1 DESIRED -0.8 0.1 4.2 -80. -45. 815. 2.
39.542 1 IMU_GYRO -0.025391 -0.039307 0.026367
39.545 1 IMU_MAG -1.209473 -1.605957 0.45752
39.616 1 ACTUATORS 1000,1726,1504,1500
39.633 1 ATTITUDE -0.055908 1.119385 -0.383301
39.639 1 GPS 0 0 0 0 0 0 0 0 0 0 1
39.641 1 BAT 0 0 0 0 1 55 55 0
39.668 1 NAVIGATION 0 1 0. 0. 8421.2 0. 0 0
39.732 1 ATTITUDE -0.053467 1.119873 -0.380127
39.738 1 DESIRED -0.8 0.1 4.2 -80. -45. 815. 2.
39.741 1 ESTIMATOR 0. 0.
39.833 1 ATTITUDE -0.051025 1.121338 -0.378174
39.837 1 WP_MOVED 1 506335. 3566302. 765. 12
39.839 1 CALIBRATION -150. 0
39.886 1 GPS 0 0 0 0 0 0 0 0 0 0 1
39.917 1 NAVIGATION 0 1 0. 0. 8421.2 0. 0 0
39.918 1 DOWNLINK_STATUS 29 23828 1067 0 867. 39. 2.56
39.933 1 ATTITUDE -0.049805 1.120605 -0.378662
39.939 1 DESIRED -0.8 0.1 4.2 -80. -45. 815. 2.
40.033 1 ATTITUDE -0.046631 1.120361 -0.377197
40.036 1 NAVIGATION_REF 506335 3566302 12
40.133 1 ATTITUDE -0.045166 1.119873 -0.372314
40.139 1 DESIRED -0.8 0.1 4.2 -80. -45. 815. 2.
40.145 1 GPS 0 0 0 0 0 0 0 0 0 0 1
40.148 1 IMU_GYRO 0.038086 -0.05835 0.000977
40.168 1 NAVIGATION 0 1 0. 0. 8421.2 0. 0 0
40.233 1 ATTITUDE -0.044922 1.120605 -0.371094
40.236 1 ESTIMATOR 0. 0.
40.239 1 IMU_ACCEL 2.103516 1.266602 9.175781
40.333 1 ATTITUDE -0.043701 1.120361 -0.372314
40.339 1 DESIRED -0.8 0.1 4.2 -80. -45. 815. 2.
40.341 1 WP_MOVED 2 506254.8125 3566257.5 815. 12
40.347 1 NAVIGATION 0 1 0. 0. 8421.2 0. 0 0
40.386 1 GPS 0 0 0 0 0 0 0 0 0 0 1
40.418 1 NAVIGATION 0 1 0. 0. 8421.2 0. 0 0
40.420 1 FBW_STATUS 2 0 1 0 0
40.433 1 ATTITUDE -0.043945 1.120605 -0.368896
40.434 1 STATE_FILTER_STATUS 3 0
40.533 1 ATTITUDE -0.048096 1.123047 -0.374756
40.543 1 DESIRED -0.8 0.1 4.2 -80. -45. 815. 2.
40.543 1 DL_VALUE 1 0.
40.551 1 ENERGY 0. 0. 0 0.
