20.833 1 ATTITUDE -2.7146 -1.358887 0.120361
20.835 1 DL_VALUE 2 805.
20.933 1 ATTITUDE -2.7146 -1.358887 0.120605
20.939 1 DESIRED -0.74 0.1 5. 16. -45. 805. 2.
20.944 1 GPS 0 1130805120 0 0 -17000 0 0 0 111500 12 13
20.968 1 NAVIGATION 0 2 10801716. -3566302. 1.29394907546e+14 1.29395570246e+14 0 0
21.033 1 ATTITUDE -2.7146 -1.358398 0.120361
21.035 1 ESTIMATOR -17.000002 1e-06
21.038 1 IMU_ACCEL 3.419922 4.098633 -8.401367
21.133 1 ATTITUDE -2.7146 -1.358154 0.120361
21.139 1 DESIRED -0.74 0.1 5. 16. -45. 805. 2.
21.142 1 WP_MOVED 4 506374.40625 3566337.75 805. 12
21.147 1 NAVIGATION 0 2 10801716. -3566302. 1.29394907546e+14 1.29395570246e+14 0 0
21.185 1 GPS 0 1130805120 0 0 -17000 0 0 0 111500 12 14
21.215 1 FBW_STATUS 2 0 1 0 0
21.220 1 NAVIGATION 0 2 10801716. -3566302. 1.29394907546e+14 1.29395570246e+14 0 0
21.233 1 ATTITUDE -2.7146 -1.357666 0.120605
21.333 1 ATTITUDE -2.7146 -1.357666 0.120605
21.339 1 DESIRED -0.74 0.1 5. 16. -45. 805. 2.
21.342 1 IMU_GYRO -0.010498 -0.015869 -0.014893
21.344 1 CALIBRATION -150. 0
21.433 1 ATTITUDE -2.7146 -1.357666 0.120605
21.438 1 GPS 0 1130805120 0 0 -17000 0 0 0 112000 12 15
21.468 1 NAVIGATION 0 2 10801716. -3566302. 1.29394907546e+14 1.29395570246e+14 0 0
21.533 1 ATTITUDE -2.7146 -1.358154 0.120605
21.539 1 DESIRED -0.74 0.1 5. 16. -45. 805. 2.
21.541 1 ESTIMATOR -17.000002 1e-06
21.544 1 IMU_MAG -0.92041 -1.976562 2.304688
21.633 1 ATTITUDE -2.714844 -1.358643 0.120361
21.636 1 WP_MOVED 5 506402.3125 3566363.25 820. 12
21.640 1 BAT 0 0 0 0 1 112 112 0
21.640 1 DOWNLINK_STATUS 4 3336 150 0 808. 36. 0.
21.685 1 GPS 0 1130805120 0 0 -17000 0 0 0 112250 12 16
21.718 1 NAVIGATION 0 2 10801716. -3566302. 1.29394907546e+14 1.29395570246e+14 0 0
21.733 1 ATTITUDE -2.7146 -1.358643 0.120605
21.739 1 DESIRED -0.74 0.1 5. 16. -45. 805. 2.
21.833 1 ATTITUDE -2.714844 -1.358643 0.120361
21.836 1 IMU_ACCEL 3.454102 4.069336 -8.419922
21.933 1 ATTITUDE -2.714844 -1.358643 0.120361
21.939 1 DESIRED -0.74 0.1 5. 16. -45. 805. 2.
21.944 1 GPS 0 1130805120 0 0 -17000 0 0 0 112500 12 1
21.947 1 IMU_GYRO -0.010498 -0.014893 -0.015869
21.950 1 GPS_SOL 795721024 100301 9999 0
21.967 1 NAVIGATION 0 2 10801716. -3566302. 1.29394907546e+14 1.29395570246e+14 0 0
22.033 1 ATTITUDE -2.7146 -1.358643 0.120361
22.035 1 ESTIMATOR -17.000002 2e-06
22.133 1 ATTITUDE -2.7146 -1.359131 0.120605
22.139 1 DESIRED -0.74 0.1 5. 16. -45. 805. 2.
22.142 1 WP_MOVED 6 506374.40625 3566337.75 820. 12
22.147 1 NAVIGATION 0 2 10801716. -3566302. 1.29394907546e+14 1.29395570246e+14 0 0
22.185 1 GPS 0 1130805120 0 0 -17000 0 0 0 112500 12 2
22.217 1 NAVIGATION 0 2 10801716. -3566302. 1.29394907546e+14 1.29395570246e+14 0 0
22.233 1 ATTITUDE -2.7146 -1.358643 0.120605
22.333 1 ATTITUDE -2.7146 -1.358154 0.120361
22.339 1 DESIRED -0.74 0.1 5. 16. -45. 805. 2.
22.340 1 DL_VALUE 3 0.
22.433 1 ATTITUDE -2.7146 -1.35791 0.120361
22.438 1 GPS 0 1130805120 0 0 -17000 0 0 0 113000 12 3
22.440 1 STATE_FILTER_STATUS 3 0
22.467 1 NAVIGATION 0 2 10801716. -3566302. 1.29394907546e+14 1.29395570246e+14 0 0
22.533 1 ATTITUDE -2.7146 -1.357666 0.120361
22.539 1 DESIRED -0.74 0.1 5. 16. -45. 805. 2.
22.541 1 ESTIMATOR -17.000002 3e-06
22.544 1 IMU_GYRO -0.012695 -0.018066 -0.02002
22.633 1 ATTITUDE -2.714844 -1.357666 0.120605
22.636 1 WP_MOVED 7 506350.5 3566270.75 805. 12
22.639 1 IMU_ACCEL 3.439453 4.064453 -8.429688
22.640 1 DOWNLINK_STATUS 5 4125 185 0 789. 35. 0.
22.685 1 GPS 0 1130805120 0 0 -17000 0 0 0 113250 12 4
22.717 1 NAVIGATION 0 2 10801716. -3566302. 1.29394907546e+14 1.29395570246e+14 0 0
22.733 1 ATTITUDE -2.714844 -1.357422 0.120361
22.739 1 DESIRED -0.74 0.1 5. 16. -45. 805. 2.
22.742 1 BAT 0 0 0 0 1 113 113 0
22.833 1 ATTITUDE -2.7146 -1.356934 0.120605
22.836 1 IMU_MAG -0.927734 -1.979492 2.295898
22.839 1 ENERGY 0. 0. 0 0.
22.933 1 ATTITUDE -2.7146 -1.356445 0.120605
22.938 1 DESIRED -0.74 0.1 5. 16. -45. 805. 2.
22.944 1 GPS 0 1130805120 0 0 -17000 0 0 0 113500 12 5
22.946 1 DOWNLINK 11 823 4167
22.967 1 NAVIGATION 0 2 10801716. -3566302. 1.29394907546e+14 1.29395570246e+14 0 0
23.033 1 ATTITUDE -2.7146 -1.356201 0.120605
23.035 1 ESTIMATOR -17.000002 3e-06
23.133 1 ATTITUDE -2.714355 -1.355225 0.120605
23.138 1 DESIRED -0.74 0.1 5. 16. -45. 805. 2.
23.142 1 WP_MOVED 8 506254.8125 3566257.5 815. 12
23.145 1 IMU_GYRO -0.012695 -0.016846 -0.015869
23.150 1 NAVIGATION 0 2 10801716. -3566302. 1.29394907546e+14 1.29395570246e+14 0 0
23.151 1 PONG 
23.185 1 GPS 0 1130805120 0 0 -17000 0 0 0 113500 12 6
23.215 1 FBW_STATUS 2 0 1 0 0
23.220 1 NAVIGATION 0 2 10801716. -3566302. 1.29394907546e+14 1.29395570246e+14 0 0
23.233 1 ATTITUDE -2.714355 -1.354736 0.120605
23.333 1 ATTITUDE -2.7146 -1.35498 0.120605
23.338 1 DESIRED -0.74 0.1 5. 16. -45. 805. 2.
23.433 1 ATTITUDE -2.714355 -1.35498 0.120605
23.438 1 GPS 0 1130805120 0 0 -17000 0 0 0 114000 12 7
23.441 1 IMU_ACCEL 3.424805 4.088867 -8.444336
23.443 1 CALIBRATION -150. 0
23.467 1 NAVIGATION 0 2 10801716. -3566302. 1.29394907546e+14 1.29395570246e+14 0 0
23.533 1 ATTITUDE -2.714355 -1.355225 0.120605
23.538 1 DESIRED -0.74 0.1 5. 16. -45. 805. 2.
23.541 1 ESTIMATOR -17.000002 4e-06
23.633 1 ATTITUDE -2.714355 -1.355469 0.120605
23.636 1 WP_MOVED 9 506213.8125 3566287.5 815. 12
23.640 1 DOWNLINK_STATUS 6 4941 222 0 816. 37. 12.6
23.685 1 GPS 0 1130805120 0 0 -17000 0 0 0 114250 12 8
23.717 1 NAVIGATION 0 2 10801716. -3566302. 1.29394907546e+14 1.29395570246e+14 0 0
23.733 1 ATTITUDE -2.714355 -1.355713 0.120605
23.738 1 DESIRED -0.74 0.1 5. 16. -45. 805. 2.
23.742 1 IMU_GYRO -0.012695 -0.015869 -0.015869
23.833 1 ATTITUDE -2.714355 -1.355957 0.120605
23.836 1 BAT 0 0 0 0 1 114 114 0
23.838 1 DL_VALUE 4 0.
23.933 1 ATTITUDE -2.714355 -1.356201 0.120361
23.938 1 DESIRED -0.74 0.1 5. 16. -45. 805. 2.
23.944 1 GPS 0 1130805120 0 0 -17000 0 0 0 114500 12 9
23.947 1 GPS_SOL 795724992 100306 9999 0
23.967 1 NAVIGATION 0 2 10801716. -3566302. 1.29394907546e+14 1.29395570246e+14 0 0
24.033 1 ATTITUDE -2.714355 -1.357422 0.120605
24.037 1 ESTIMATOR -17. 4e-06
24.133 1 ATTITUDE -2.714355 -1.35791 0.120605
24.138 1 DESIRED -0.74 0.1 5. 16. -45. 805. 2.
24.142 1 WP_MOVED 0 506377. 3566344. 757. 12
24.146 1 NAVIGATION 0 2 10801716. -3566302. 1.29394907546e+14 1.29395570246e+14 0 0
24.150 1 IMU_MAG -0.917969 -1.970703 2.287598
24.185 1 GPS 0 1130805120 0 0 -17000 0 0 0 114500 12 10
24.217 1 NAVIGATION 0 2 10801716. -3566302. 1.29394907546e+14 1.29395570246e+14 0 0
24.233 1 ATTITUDE -2.714355 -1.358398 0.120605
24.236 1 IMU_ACCEL 3.439453 4.079102 -8.40625
24.315 1 COMMANDS 0,-9600,113,0
24.333 1 ATTITUDE -2.7146 -1.358398 0.120605
24.338 1 DESIRED -0.74 0.1 5. 16. -45. 805. 2.
24.342 1 IMU_GYRO -0.014893 -0.015869 -0.015869
24.415 1 ACTUATORS 1000,1271,1280,1500
24.433 1 ATTITUDE -2.7146 -1.358154 0.120361
24.438 1 GPS 0 1130805120 0 0 -17000 0 0 0 115000 12 11
24.467 1 NAVIGATION 0 2 10801716. -3566302. 1.29394907546e+14 1.29395570246e+14 0 0
24.532 1 ATTITUDE -2.7146 -1.35791 0.120361
24.538 1 DESIRED -0.74 0.1 5. 16. -45. 805. 2.
24.541 1 ESTIMATOR -16.999998 3e-06
24.632 1 ATTITUDE -2.7146 -1.35791 0.120361
24.636 1 WP_MOVED 1 506335. 3566302. 765. 12
24.638 1 STATE_FILTER_STATUS 3 0
24.642 1 DOWNLINK_STATUS 7 5780 260 0 839. 38. 12.6
24.685 1 GPS 0 1130805120 0 0 -17000 0 0 0 115250 12 12
24.717 1 NAVIGATION 0 2 10801716. -3566302. 1.29394907546e+14 1.29395570246e+14 0 0
24.733 1 ATTITUDE -2.7146 -1.357422 0.120361
24.738 1 DESIRED -0.74 0.1 5. 16. -45. 805. 2.
24.833 1 ATTITUDE -2.7146 -1.356689 0.120361
24.932 1 ATTITUDE -2.7146 -1.356689 0.120361
24.938 1 DESIRED -0.74 0.1 5. 16. -45. 805. 2.
24.944 1 GPS 0 1130805120 0 0 -17000 0 0 0 115500 12 13
24.947 1 IMU_GYRO -0.010498 -0.013672 -0.013672
24.951 1 BAT 0 0 0 0 1 115 115 0
24.967 1 NAVIGATION 0 2 10801716. -3566302. 1.29394907546e+14 1.29395570246e+14 0 0
25.032 1 ATTITUDE -2.7146 -1.356445 0.120361
25.035 1 ESTIMATOR -16.999998 3e-06
25.038 1 IMU_ACCEL 3.467773 4.083984 -8.449219
25.132 1 ATTITUDE -2.777588 -1.38208 -0.075928
25.138 1 DESIRED -0.74 0.1 5. 16. -45. 805. 2.
25.142 1 WP_MOVED 2 506254.8125 3566257.5 815. 12
25.146 1 NAVIGATION 0 2 10801716. -3566302. 1.29394907546e+14 1.29395570246e+14 0 0
25.185 1 GPS 0 1130805120 0 0 -17000 0 0 0 115500 12 14
25.215 1 FBW_STATUS 2 0 1 0 0
25.220 1 NAVIGATION 0 2 10801716. -3566302. 1.29394907546e+14 1.29395570246e+14 0 0
25.232 1 ATTITUDE -2.799316 -1.391846 0.039551
25.332 1 ATTITUDE -2.797852 -1.369873 0.092529
25.338 1 DESIRED -0.74 0.1 5. 16. -45. 805. 2.
25.340 1 DL_VALUE 5 0.
25.344 1 ENERGY 0. 0. 0 0.
25.432 1 ATTITUDE -2.784912 -1.401855 0.091064
25.438 1 GPS 0 1130805120 0 0 -17000 0 0 0 116000 12 15
25.441 1 IMU_MAG -1.018555 -1.904297 2.48877
25.445 1 ALIVE 174,222,138,243,180,132,213,161,20,137,147,153,212,68,69,225
25.467 1 NAVIGATION 0 2 10801716. -3566302. 1.29394907546e+14 1.29395570246e+14 0 0
25.532 1 ATTITUDE -2.78418 -1.371826 0.075684
25.538 1 DESIRED -0.74 0.1 5. 16. -45. 805. 2.
25.541 1 ESTIMATOR -16.999998 2e-06
25.544 1 IMU_GYRO -0.114746 0.416016 -0.063721
25.546 1 CALIBRATION -150. 0
25.548 1 PPRZ_MODE 2 3 3 0 0 6
25.632 1 ATTITUDE -2.824951 -1.408936 -0.011719
25.636 1 WP_MOVED 3 506350.5 3566257. 805. 12
25.642 1 DOWNLINK_STATUS 8 6643 299 0 863. 39. 12.6
25.685 1 GPS 0 1130805120 0 0 -17000 0 0 0 116250 12 16
25.717 1 NAVIGATION 0 2 10801716. -3566302. 1.29394907546e+14 1.29395570246e+14 0 0
25.733 1 ATTITUDE -2.840332 -1.43335 -0.088867
25.738 1 DESIRED -0.74 0.1 5. 16. -45. 805. 2.
25.832 1 ATTITUDE -3.062012 -1.423828 -0.564941
25.836 1 IMU_ACCEL 7.739258 -0.244141 -2.967773
25.932 1 ATTITUDE -3.117432 -1.422852 -0.636719
25.938 1 DESIRED -0.74 0.1 5. 16. -45. 805. 2.
25.944 1 GPS 0 1130805120 0 0 -17000 0 0 0 116500 12 1
25.947 1 GPS_SOL 795729216 100312 9999 0
25.967 1 NAVIGATION 0 2 10801716. -3566302. 1.29394907546e+14 1.29395570246e+14 0 0
26.032 1 ATTITUDE 3.116455 -1.451416 -0.607422
26.035 1 ESTIMATOR -16.999998 2e-06
26.038 1 BAT 0 0 0 0 1 116 116 0
26.132 1 ATTITUDE 3.030762 -1.473389 -0.59668
26.138 1 DESIRED -0.74 0.1 5. 16. -45. 805. 2.
26.142 1 WP_MOVED 4 506374.40625 3566337.75 805. 12
26.145 1 IMU_GYRO 0.321289 -0.418213 0.735352
26.149 1 NAVIGATION 0 2 10801716. -3566302. 1.29394907546e+14 1.29395570246e+14 0 0
26.185 1 GPS 0 1130805120 0 0 -17000 0 0 0 116500 12 2
26.217 1 NAVIGATION 0 2 10801716. -3566302. 1.29394907546e+14 1.29395570246e+14 0 0
26.232 1 ATTITUDE 3.024902 -1.529541 -0.559326
26.332 1 ATTITUDE 3.015137 -1.569336 -0.551025
26.340 1 DESIRED -0.74 0.1 5. 16. -45. 805. 2.
26.432 1 ATTITUDE 3.008545 -1.59375 -0.574463
26.438 1 GPS 0 1130805120 0 0 -17000 0 0 0 117000 12 3
26.467 1 NAVIGATION 0 2 10801716. -3566302. 1.29394907546e+14 1.29395570246e+14 0 0
26.532 1 ATTITUDE 2.986816 -1.60791 -0.594727
26.538 1 DESIRED -0.74 0.1 5. 16. -45. 805. 2.
26.541 1 ESTIMATOR -16.999998 1e-06
26.637 1 ATTITUDE 2.995117 -1.634521 -0.607666
26.641 1 WP_MOVED 5 506402.3125 3566363.25 820. 12
26.641 1 IMU_ACCEL 8.90625 -1.026367 -4.00293
26.643 1 DOWNLINK_STATUS 9 7414 332 0 771. 33. 12.6
26.685 1 GPS 0 1130805120 0 0 -17000 0 0 0 117250 12 4
26.717 1 NAVIGATION 0 2 10801716. -3566302. 1.29394907546e+14 1.29395570246e+14 0 0
26.732 1 ATTITUDE 3.000244 -1.663086 -0.618408
26.738 1 DESIRED -0.74 0.1 5. 16. -45. 805. 2.
26.741 1 IMU_GYRO -0.114746 0.094482 0.162598
26.745 1 IMU_MAG -1.758301 -1.40625 1.918945
26.832 1 ATTITUDE 2.993164 -1.68335 -0.625732
26.834 1 DL_VALUE 6 100.
26.836 1 STATE_FILTER_STATUS 3 0
26.932 1 ATTITUDE 2.98877 -1.703369 -0.62915
26.938 1 DESIRED -0.74 0.1 5. 16. -45. 805. 2.
26.944 1 GPS 0 1130805120 0 0 -17000 0 0 0 117500 12 5
26.967 1 NAVIGATION 0 2 10801716. -3566302. 1.29394907546e+14 1.29395570246e+14 0 0
27.032 1 ATTITUDE 2.979248 -1.718018 -0.629639
27.035 1 ESTIMATOR -16.999998 0.
27.132 1 ATTITUDE 2.966553 -1.729736 -0.635742
27.138 1 DESIRED -0.74 0.1 5. 16. -45. 805. 2.
27.142 1 WP_MOVED 6 506374.40625 3566337.75 820. 12
27.146 1 NAVIGATION 0 2 10801716. -3566302. 1.29394907546e+14 1.29395570246e+14 0 0
27.150 1 BAT 0 0 0 0 1 117 117 0
27.185 1 GPS 0 1130805120 0 0 -17000 0 0 0 117500 12 6
27.217 1 NAVIGATION 0 2 10801716. -3566302. 1.29394907546e+14 1.29395570246e+14 0 0
27.220 1 FBW_STATUS 2 0 1 0 0
27.232 1 ATTITUDE 2.962646 -1.742676 -0.635742
27.333 1 ATTITUDE 2.947021 -1.747314 -0.636475
27.338 1 DESIRED -0.74 0.1 5. 16. -45. 805. 2.
27.364 1 IMU_GYRO 0.008301 0.02002 0.17334
27.432 1 ATTITUDE 2.932617 -1.748291 -0.636475
27.438 1 GPS 0 1130805120 0 0 -17000 0 0 0 118000 12 7
27.441 1 IMU_ACCEL 8.589844 -1.650391 -3.576172
27.467 1 NAVIGATION 0 2 10801716. -3566302. 1.29394907546e+14 1.29395570246e+14 0 0
27.532 1 ATTITUDE 2.927246 -1.75293 -0.641357
27.538 1 DESIRED -0.74 0.1 5. 16. -45. 805. 2.
27.541 1 ESTIMATOR -16.999998 -0.
27.632 1 ATTITUDE 2.919189 -1.75708 -0.643555
27.636 1 WP_MOVED 7 506350.5 3566270.75 805. 12
27.638 1 CALIBRATION -150. 0
27.643 1 DOWNLINK_STATUS 10 8231 369 0 817. 37. 12.6
27.685 1 GPS 0 1130805120 0 0 -17000 0 0 0 118250 12 8
27.717 1 NAVIGATION 0 2 10801716. -3566302. 1.29394907546e+14 1.29395570246e+14 0 0
27.732 1 ATTITUDE 2.917725 -1.764404 -0.640869
27.738 1 DESIRED -0.74 0.1 5. 16. -45. 805. 2.
27.832 1 ATTITUDE 2.914062 -1.768799 -0.643066
27.836 1 ENERGY 0. 0. 0 0.
27.838 1 NAVIGATION_REF 506335 3566302 12
27.932 1 ATTITUDE 2.913086 -1.773926 -0.644043
27.938 1 DESIRED -0.74 0.1 5. 16. -45. 805. 2.
27.944 1 GPS 0 1130805120 0 0 -17000 0 0 0 118500 12 9
27.947 1 IMU_GYRO -0.001953 0.003174 0.
27.950 1 GPS_SOL 795733376 100318 9999 0
27.967 1 NAVIGATION 0 2 10801716. -3566302. 1.29394907546e+14 1.29395570246e+14 0 0
28.032 1 ATTITUDE 2.912842 -1.777588 -0.645996
28.035 1 ESTIMATOR -16.999998 -1e-06
28.038 1 IMU_MAG -1.782715 -1.333984 1.875977
28.040 1 DOWNLINK 11 822 4356
28.132 1 ATTITUDE 2.910645 -1.778809 -0.645996
28.138 1 DESIRED -0.74 0.1 5. 16. -45. 805. 2.
28.142 1 WP_MOVED 8 506254.8125 3566257.5 815. 12
28.146 1 NAVIGATION 0 2 10801716. -3566302. 1.29394907546e+14 1.29395570246e+14 0 0
28.147 1 PONG 
28.185 1 GPS 0 1130805120 0 0 -17000 0 0 0 118500 12 10
28.217 1 NAVIGATION 0 2 10801716. -3566302. 1.29394907546e+14 1.29395570246e+14 0 0
28.232 1 ATTITUDE 2.910156 -1.780029 -0.647217
28.235 1 IMU_ACCEL 9.079102 -1.910156 -3.551758
28.239 1 BAT 0 0 0 0 1 119 119 0
28.332 1 ATTITUDE 2.908691 -1.781006 -0.647949
28.338 1 DESIRED -0.74 0.1 5. 16. -45. 805. 2.
28.340 1 DL_VALUE 7 2.
28.432 1 ATTITUDE 2.904785 -1.780273 -0.642334
28.438 1 GPS 0 1130805120 0 0 -17000 0 0 0 119000 12 11
28.467 1 NAVIGATION 0 2 10801716. -3566302. 1.29394907546e+14 1.29395570246e+14 0 0
28.532 1 ATTITUDE 2.902344 -1.778564 -0.641602
28.538 1 DESIRED -0.74 0.1 5. 16. -45. 805. 2.
28.541 1 ESTIMATOR -16.999998 -1e-06
28.544 1 IMU_GYRO -0.023193 0.001953 -0.037109
28.632 1 ATTITUDE 2.902832 -1.779297 -0.644043
28.636 1 WP_MOVED 9 506213.8125 3566287.5 815. 12
28.644 1 DOWNLINK_STATUS 11 9083 408 0 852. 39. 8.35
28.685 1 GPS 0 1130805120 0 0 -17000 0 0 0 119250 12 12
28.717 1 NAVIGATION 0 2 10801716. -3566302. 1.29394907546e+14 1.29395570246e+14 0 0
28.732 1 ATTITUDE 2.900391 -1.778076 -0.645264
28.738 1 DESIRED -0.74 0.1 5. 16. -45. 805. 2.
28.833 1 ATTITUDE 2.899902 -1.776611 -0.646484
28.932 1 ATTITUDE 2.889648 -1.751465 -0.668701
28.938 1 DESIRED -0.74 0.1 5. 16. -45. 805. 2.
28.944 1 GPS 0 1130805120 0 0 -17000 0 0 0 119500 12 13
28.967 1 NAVIGATION 0 2 10801716. -3566302. 1.29394907546e+14 1.29395570246e+14 0 0
29.032 1 ATTITUDE 2.878662 -1.685547 -0.794434
29.035 1 ESTIMATOR -16.999998 -2e-06
29.038 1 IMU_ACCEL 9.381836 -2.226562 -2.269531
29.039 1 STATE_FILTER_STATUS 3 0
29.132 1 ATTITUDE 2.883057 -1.732422 -0.668457
29.138 1 DESIRED -0.74 0.1 5. 16. -45. 805. 2.
29.142 1 WP_MOVED 0 506377. 3566344. 757. 12
29.145 1 IMU_GYRO 0.065918 -3.025391 0.914062
29.149 1 NAVIGATION 0 2 10801716. -3566302. 1.29394907546e+14 1.29395570246e+14 0 0
29.185 1 GPS 0 1130805120 0 0 -17000 0 0 0 119500 12 14
29.215 1 FBW_STATUS 2 0 1 0 0
29.219 1 NAVIGATION 0 2 10801716. -3566302. 1.29394907546e+14 1.29395570246e+14 0 0
29.232 1 ATTITUDE 2.861084 -1.78125 -0.199707
29.317 1 COMMANDS 0,9600,-579,0
29.332 1 ATTITUDE 2.874512 -1.759277 0.007324
29.338 1 DESIRED -0.74 0.1 5. 16. -45. 805. 2.
29.342 1 BAT 0 0 0 0 1 120 120 0
29.345 1 IMU_MAG -1.339355 -1.221191 2.290527
29.415 1 ACTUATORS 1000,1771,1678,1500
29.432 1 ATTITUDE 2.874512 -1.661377 -0.189453
29.438 1 GPS 0 1130805120 0 0 -17000 0 0 0 120000 12 15
29.467 1 NAVIGATION 0 2 10801716. -3566302. 1.29394907546e+14 1.29395570246e+14 0 0
29.532 1 ATTITUDE 2.783936 -1.501221 -0.799072
29.538 1 DESIRED -0.74 0.1 5. 16. -45. 805. 2.
29.541 1 ESTIMATOR -16.999998 -2e-06
29.632 1 ATTITUDE 1.745605 -0.414795 -1.27002
29.636 1 WP_MOVED 1 506335. 3566302. 765. 12
29.645 1 DOWNLINK_STATUS 12 9890 444 0 807. 36. 8.35
29.685 1 GPS 0 1130805120 0 0 -17000 0 0 0 120250 12 16
29.717 1 NAVIGATION 0 2 10801716. -3566302. 1.29394907546e+14 1.29395570246e+14 0 0
29.732 1 ATTITUDE 0.736084 0.635498 -1.012695
29.738 1 DESIRED -0.74 0.1 5. 16. -45. 805. 2.
29.741 1 IMU_GYRO -0.306396 2.977539 0.314941
29.743 1 CALIBRATION -150. 0
29.832 1 ATTITUDE 0.46875 0.85498 -0.824219
29.835 1 IMU_ACCEL 3.088867 -5.149414 7.817383
29.837 1 DL_VALUE 8 0.
29.932 1 ATTITUDE 0.343506 0.950684 -0.659668
29.938 1 DESIRED -0.74 0.1 5. 16. -45. 805. 2.
29.944 1 GPS 0 1130805120 0 0 -17000 0 0 0 120500 12 1
29.947 1 GPS_SOL 795737728 100323 9999 0
29.967 1 NAVIGATION 0 2 10801716. -3566302. 1.29394907546e+14 1.29395570246e+14 0 0
30.032 1 ATTITUDE 0.277588 0.981689 -0.637207
30.035 1 ESTIMATOR -16.999998 -3e-06
30.132 1 ATTITUDE 0.215576 1.014404 -0.650391
30.138 1 DESIRED -0.74 0.1 5. 16. -45. 805. 2.
30.142 1 WP_MOVED 2 506254.8125 3566257.5 815. 12
30.146 1 NAVIGATION 0 2 10801716. -3566302. 1.29394907546e+14 1.29395570246e+14 0 0
30.185 1 GPS 0 1130805120 0 0 -17000 0 0 0 120500 12 2
30.217 1 NAVIGATION 0 2 10801716. -3566302. 1.29394907546e+14 1.29395570246e+14 0 0
30.232 1 ATTITUDE 0.095459 1.0896 -0.653076
30.332 1 ATTITUDE 0.043457 1.147705 -0.676025
30.338 1 DESIRED -0.74 0.1 5. 16. -45. 805. 2.
30.341 1 IMU_GYRO 0.936279 0.265869 -0.181885
30.345 1 ENERGY 0. 0. 0 0.
30.432 1 ATTITUDE 0.106934 1.128174 -0.669922
30.438 1 GPS 0 1130805120 0 0 -17000 0 0 0 121000 12 3
30.441 1 BAT 0 0 0 0 1 121 121 0
30.445 1 ALIVE 174,222,138,243,180,132,213,161,20,137,147,153,212,68,69,225
30.467 1 NAVIGATION 0 2 10801716. -3566302. 1.29394907546e+14 1.29395570246e+14 0 0
30.532 1 ATTITUDE 0.017822 1.139893 -0.706055
30.538 1 DESIRED -0.74 0.1 5. 16. -45. 805. 2.
30.540 1 ESTIMATOR -16.999998 -4e-06
30.543 1 PPRZ_MODE 2 3 3 0 0 6
30.632 1 ATTITUDE -0.151611 1.241455 -0.772461
30.636 1 WP_MOVED 3 506350.5 3566257. 805. 12
30.639 1 IMU_ACCEL 2.46875 1.166016 7.575195
30.642 1 IMU_MAG -1.273438 -1.70459 0.399902
30.645 1 DOWNLINK_STATUS 13 10774 484 0 884. 40. 8.35
30.685 1 GPS 0 1130805120 0 0 -17000 0 0 0 121250 12 4
30.717 1 NAVIGATION 0 2 10801716. -3566302. 1.29394907546e+14 1.29395570246e+14 0 0
30.732 1 ATTITUDE -0.178955 1.23877 -0.766846
30.738 1 DESIRED -0.74 0.1 5. 16. -45. 805. 2.
30.832 1 ATTITUDE -0.156494 1.210938 -0.775391
30.932 1 ATTITUDE -0.128418 1.179932 -0.77002
30.938 1 DESIRED -0.74 0.1 5. 16. -45. 805. 2.
30.944 1 GPS 0 1130805120 0 0 -17000 0 0 0 121250 12 5
30.947 1 IMU_GYRO -0.144531 0.256348 0.065918
30.967 1 NAVIGATION 0 2 10801716. -3566302. 1.29394907546e+14 1.29395570246e+14 0 0
31.032 1 ATTITUDE -0.123291 1.166016 -0.770996
31.035 1 ESTIMATOR -17. -4e-06
31.132 1 ATTITUDE -0.127197 1.165283 -0.768066
31.138 1 DESIRED -0.74 0.1 5. 16. -45. 805. 2.
31.141 1 WP_MOVED 4 506374.40625 3566337.75 805. 12
31.146 1 NAVIGATION 0 2 10801716. -3566302. 1.29394907546e+14 1.29395570246e+14 0 0
31.185 1 GPS 0 1130805120 0 0 -17000 0 0 0 121500 12 6
31.215 1 FBW_STATUS 2 0 1 0 0
31.219 1 NAVIGATION 0 2 10801716. -3566302. 1.29394907546e+14 1.29395570246e+14 0 0
31.232 1 ATTITUDE -0.115234 1.147461 -0.781982
31.234 1 STATE_FILTER_STATUS 3 0
31.332 1 WIND_INFO 1 42 0. 0. 0.
31.332 1 ATTITUDE -0.116699 1.13916 -0.81958
31.338 1 DESIRED -0.74 0.1 5. 16. -45. 805. 2.
31.340 1 DL_VALUE 9 1.
31.432 1 ATTITUDE -0.178955 1.189453 -0.857422
31.438 1 GPS 0 1130805120 0 0 -17000 0 0 0 122000 12 7
31.441 1 IMU_ACCEL 3.525391 1.012695 9.208984
31.467 1 NAVIGATION 0 2 10801716. -3566302. 1.29394907546e+14 1.29395570246e+14 0 0
31.532 1 ATTITUDE -0.242432 1.242676 -0.958008
31.538 1 DESIRED -0.74 0.1 5. 16. -45. 805. 2.
31.540 1 ESTIMATOR -17.000002 -3e-06
31.544 1 IMU_GYRO -0.250977 -1.253418 0.27124
31.547 1 BAT 0 0 0 0 1 122 122 0
31.632 1 ATTITUDE -0.218262 1.220703 -1.054932
31.636 1 WP_MOVED 5 506402.3125 3566363.25 820. 12
31.646 1 DOWNLINK_STATUS 14 11562 519 0 788. 35. 8.35
31.685 1 GPS 0 1130805120 0 0 -17000 0 0 0 122250 12 8
31.717 1 NAVIGATION 0 2 10801716. -3566302. 1.29394907546e+14 1.29395570246e+14 0 0
31.732 1 ATTITUDE -0.203613 1.203857 -1.101074
31.738 1 DESIRED -0.74 0.1 5. 16. -45. 805. 2.
31.832 1 ATTITUDE -0.203125 1.194336 -1.101074
31.834 1 CALIBRATION -150. 0
31.932 1 ATTITUDE -0.211426 1.192383 -1.106934
31.938 1 DESIRED -0.74 0.1 5. 16. -45. 805. 2.
31.949 1 GPS 0 1130805120 0 0 -17000 0 0 0 122250 12 9
31.949 1 IMU_MAG -1.547363 -1.672852 0.569336
31.950 1 GPS_SOL 795742080 100329 9999 0
31.967 1 NAVIGATION 0 2 10801716. -3566302. 1.29394907546e+14 1.29395570246e+14 0 0
32.032 1 ATTITUDE -0.213135 1.188721 -1.122314
32.034 1 ESTIMATOR -17.000002 -3e-06
32.132 1 ATTITUDE -0.196045 1.171875 -1.122314
32.138 1 DESIRED -0.74 0.1 5. 16. -45. 805. 2.
32.141 1 WP_MOVED 6 506374.40625 3566337.75 820. 12
32.145 1 IMU_GYRO -0.159424 -0.030762 0.003174
32.149 1 NAVIGATION 0 2 10801716. -3566302. 1.29394907546e+14 1.29395570246e+14 0 0
32.185 1 GPS 0 1130805120 0 0 -17000 0 0 0 122500 12 10
32.217 1 NAVIGATION 0 2 10801716. -3566302. 1.29394907546e+14 1.29395570246e+14 0 0
32.232 1 ATTITUDE -0.177002 1.155762 -1.121338
32.235 1 IMU_ACCEL 5.716797 0.503906 7.802734
32.332 1 ATTITUDE -0.112549 1.10498 -0.918945
32.338 1 DESIRED -0.74 0.1 5. 16. -45. 805. 2.
32.432 1 ATTITUDE -0.099365 1.102783 -0.403564
32.438 1 GPS 0 1130805120 0 0 -17000 0 0 0 123000 12 11
32.467 1 NAVIGATION 0 2 10801716. -3566302. 1.29394907546e+14 1.29395570246e+14 0 0
32.532 1 ATTITUDE -0.087891 1.149902 -0.12085
32.538 1 DESIRED -0.74 0.1 5. 16. -45. 805. 2.
32.540 1 ESTIMATOR -17.000002 -2e-06
32.632 1 ATTITUDE -0.066406 1.204834 -0.057373
32.635 1 WP_MOVED 7 506350.5 3566270.75 805. 12
32.639 1 BAT 0 0 0 0 1 123 123 0
32.647 1 DOWNLINK_STATUS 15 12344 553 0 782. 34. 8.35
32.685 1 GPS 0 1130805120 0 0 -17000 0 0 0 123250 12 12
32.717 1 NAVIGATION 0 2 10801716. -3566302. 1.29394907546e+14 1.29395570246e+14 0 0
32.732 1 ATTITUDE -0.050781 1.251465 -0.062012
32.738 1 DESIRED -0.74 0.1 5. 16. -45. 805. 2.
32.741 1 IMU_GYRO -0.291504 0.000977 -0.052002
32.845 1 ATTITUDE -0.031982 1.285156 -0.067871
32.845 1 DL_VALUE 10 0.
32.845 1 ENERGY 0. 0. 0 0.
32.932 1 ATTITUDE -0.018799 1.321289 -0.058105
32.938 1 DESIRED -0.74 0.1 5. 16. -45. 805. 2.
32.944 1 GPS 0 1130805120 0 0 -17000 0 0 0 123250 12 13
32.967 1 NAVIGATION 0 2 10801716. -3566302. 1.29394907546e+14 1.29395570246e+14 0 0
33.032 1 ATTITUDE -0.019287 1.3479 -0.067627
33.034 1 ESTIMATOR -17.000002 -2e-06
33.038 1 IMU_ACCEL -4.313477 0.148438 8.539062
33.132 1 ATTITUDE -0.019775 1.369385 -0.079346
33.138 1 DESIRED -0.74 0.1 5. 16. -45. 805. 2.
33.141 1 WP_MOVED 8 506254.8125 3566257.5 815. 12
33.146 1 NAVIGATION 0 2 10801716. -3566302. 1.29394907546e+14 1.29395570246e+14 0 0
33.148 1 DOWNLINK 11 821 4543
33.149 1 PONG 
33.185 1 GPS 0 1130805120 0 0 -17000 0 0 0 123500 12 14
33.215 1 FBW_STATUS 2 0 1 0 0
33.219 1 NAVIGATION 0 2 10801716. -3566302. 1.29394907546e+14 1.29395570246e+14 0 0
33.232 1 ATTITUDE -0.021484 1.387207 -0.099121
33.235 1 IMU_MAG -0.668457 -1.594727 0.324707
33.332 1 ATTITUDE -0.035645 1.406982 -0.123291
33.338 1 DESIRED -0.74 0.1 5. 16. -45. 805. 2.
33.341 1 IMU_GYRO 0.427734 -0.47876 -0.099854
33.432 1 ATTITUDE -0.082031 1.44165 -0.14502
33.438 1 GPS 0 1130805120 0 0 -17000 0 0 0 124000 12 15
33.439 1 STATE_FILTER_STATUS 3 0
33.467 1 NAVIGATION 0 2 10801716. -3566302. 1.29394907546e+14 1.29395570246e+14 0 0
33.532 1 ATTITUDE -0.104736 1.4646 -0.150635
33.538 1 DESIRED -0.74 0.1 5. 16. -45. 805. 2.
33.540 1 ESTIMATOR -17.000002 -1e-06
33.632 1 ATTITUDE -0.121582 1.476318 -0.139648
33.635 1 WP_MOVED 9 506213.8125 3566287.5 815. 12
33.648 1 DOWNLINK_STATUS 16 13167 591 0 823. 38. 10.03
33.685 1 GPS 0 1130805120 0 0 -17000 0 0 0 124000 12 16
33.717 1 NAVIGATION 0 2 10801716. -3566302. 1.29394907546e+14 1.29395570246e+14 0 0
33.732 1 ATTITUDE -0.138184 1.483887 -0.143555
33.738 1 DESIRED -0.74 0.1 5. 16. -45. 805. 2.
33.741 1 BAT 0 0 0 0 1 124 124 0
33.832 1 ATTITUDE -0.140381 1.485596 -0.139648
33.835 1 IMU_ACCEL -3.617188 1.28125 8.520508
33.932 1 ATTITUDE -0.139893 1.487549 -0.125244
33.938 1 DESIRED -0.74 0.1 5. 16. -45. 805. 2.
33.944 1 GPS 0 1130805120 0 0 -17000 0 0 0 124250 12 1
33.947 1 IMU_GYRO -0.040283 0.344727 -0.104248
33.950 1 GPS_SOL 795746496 100334 9999 0
33.967 1 NAVIGATION 0 2 10801716. -3566302. 1.29394907546e+14 1.29395570246e+14 0 0
34.032 1 ATTITUDE -0.144775 1.493164 -0.116211
34.034 1 ESTIMATOR -17.000002 -0.
34.132 1 ATTITUDE -0.160645 1.503662 -0.120361
34.138 1 DESIRED -0.74 0.1 5. 16. -45. 805. 2.
34.141 1 WP_MOVED 0 506377. 3566344. 757. 12
34.146 1 NAVIGATION 0 2 10801716. -3566302. 1.29394907546e+14 1.29395570246e+14 0 0
34.185 1 GPS 0 1130805120 0 0 -17000 0 0 0 124500 12 2
34.217 1 NAVIGATION 0 2 10801716. -3566302. 1.29394907546e+14 1.29395570246e+14 0 0
34.232 1 ATTITUDE -0.191895 1.518066 -0.146973
34.315 1 COMMANDS 0,3512,-1496,0
34.333 1 ATTITUDE -0.212646 1.52124 -0.17749
34.338 1 DESIRED -0.74 0.1 5. 16. -45. 805. 2.
34.340 1 DL_VALUE 11 1.
34.415 1 ACTUATORS 1000,1648,1517,1500
34.432 1 ATTITUDE -0.211182 1.519043 -0.188721
34.438 1 GPS 0 1130805120 0 0 -17000 0 0 0 125000 12 3
34.467 1 NAVIGATION 0 2 10801716. -3566302. 1.29394907546e+14 1.29395570246e+14 0 0
34.532 1 ATTITUDE -0.200684 1.511475 -0.189697
34.538 1 DESIRED -0.74 0.1 5. 16. -45. 805. 2.
34.540 1 ESTIMATOR -17.000002 0.
34.543 1 IMU_GYRO -0.55542 0.084961 -0.089355
34.546 1 IMU_MAG -0.756348 -1.791504 0.414062
34.632 1 ATTITUDE -0.080566 1.450195 -0.199463
34.635 1 WP_MOVED 1 506335. 3566302. 765. 12
34.638 1 IMU_ACCEL -3.18457 0.426758 8.666992
34.649 1 DOWNLINK_STATUS 17 14015 629 0 848. 38. 10.03
34.684 1 GPS 0 1130805120 0 0 -17000 0 0 0 125000 12 4
34.717 1 NAVIGATION 0 2 10801716. -3566302. 1.29394907546e+14 1.29395570246e+14 0 0
34.732 1 ATTITUDE 0.023193 1.385742 -0.190186
34.738 1 DESIRED -0.74 0.1 5. 16. -45. 805. 2.
34.832 1 ATTITUDE 0.083252 1.351318 -0.179443
34.835 1 BAT 0 0 0 0 1 125 125 0
34.932 1 ATTITUDE 0.085449 1.348877 -0.184082
34.938 1 DESIRED -0.74 0.1 5. 16. -45. 805. 2.
34.943 1 GPS 0 1130805120 0 0 -17000 0 0 0 125250 12 5
34.967 1 NAVIGATION 0 2 10801716. -3566302. 1.29394907546e+14 1.29395570246e+14 0 0
35.032 1 ATTITUDE 0.092773 1.341797 -0.180176
35.034 1 ESTIMATOR -17.000002 1e-06
35.132 1 ATTITUDE 0.091064 1.341064 -0.16626
35.138 1 DESIRED -0.74 0.1 5. 16. -45. 805. 2.
35.141 1 WP_MOVED 2 506254.8125 3566257.5 815. 12
35.144 1 IMU_GYRO 0.089355 0.192383 -0.005127
35.149 1 NAVIGATION 0 2 10801716. -3566302. 1.29394907546e+14 1.29395570246e+14 0 0
35.184 1 GPS 0 1130805120 0 0 -17000 0 0 0 125500 12 6
35.215 1 FBW_STATUS 2 0 1 0 0
35.219 1 NAVIGATION 0 2 10801716. -3566302. 1.29394907546e+14 1.29395570246e+14 0 0
35.232 1 ATTITUDE 0.069092 1.353516 -0.138184
35.332 1 ATTITUDE 0.033447 1.365967 -0.120361
35.338 1 DESIRED -0.74 0.1 5. 16. -45. 805. 2.
35.341 1 ENERGY 0. 0. 0 0.
35.432 1 ATTITUDE -0.019775 1.394775 -0.095703
35.438 1 GPS 0 1130805120 0 0 -17000 0 0 0 126000 12 7
35.441 1 IMU_ACCEL -4.130859 0.206055 8.914062
35.445 1 ALIVE 174,222,138,243,180,132,213,161,20,137,147,153,212,68,69,225
35.467 1 NAVIGATION 0 2 10801716. -3566302. 1.29394907546e+14 1.29395570246e+14 0 0
35.532 1 ATTITUDE -0.003906 1.399414 -0.08667
35.538 1 DESIRED -0.74 0.1 5. 16. -45. 805. 2.
35.540 1 ESTIMATOR -17.000002 1e-06
35.542 1 PPRZ_MODE 2 3 3 0 0 6
35.632 1 ATTITUDE -0.011963 1.404297 -0.093506
35.635 1 WP_MOVED 3 506350.5 3566257. 805. 12
35.637 1 STATE_FILTER_STATUS 3 0
35.650 1 DOWNLINK_STATUS 18 14829 665 0 814. 36. 10.03
35.684 1 GPS 0 1130805120 0 0 -17000 0 0 0 126000 12 8
35.717 1 NAVIGATION 0 2 10801716. -3566302. 1.29394907546e+14 1.29395570246e+14 0 0
35.732 1 ATTITUDE -0.075195 1.430908 -0.098877
35.738 1 DESIRED -0.74 0.1 5. 16. -45. 805. 2.
35.741 1 IMU_GYRO 0.167969 0.256348 0.088135
35.832 1 ATTITUDE -0.072021 1.435059 -0.07959
35.835 1 IMU_MAG -0.67334 -1.652344 0.396973
35.837 1 DL_VALUE 0 0.
35.932 1 ATTITUDE -0.077148 1.44751 -0.068115
35.938 1 DESIRED -0.74 0.1 5. 16. -45. 805. 2.
35.943 1 GPS 0 1130805120 0 0 -17000 0 0 0 126250 12 9
35.947 1 BAT 0 0 0 0 1 126 126 0
35.950 1 GPS_SOL 795751104 100340 9999 0
35.967 1 NAVIGATION 0 2 10801716. -3566302. 1.29394907546e+14 1.29395570246e+14 0 0
36.032 1 ATTITUDE -0.084961 1.455811 -0.068115
36.034 1 ESTIMATOR -17.000002 2e-06
36.036 1 CALIBRATION -150. 0
36.132 1 ATTITUDE -0.062256 1.459961 -0.059082
36.138 1 DESIRED -0.74 0.1 5. 16. -45. 805. 2.
36.141 1 WP_MOVED 4 506374.40625 3566337.75 805. 12
36.146 1 NAVIGATION 0 2 10801716. -3566302. 1.29394907546e+14 1.29395570246e+14 0 0
36.184 1 GPS 0 1130805120 0 0 -17000 0 0 0 126500 12 10
36.217 1 NAVIGATION 0 2 10801716. -3566302. 1.29394907546e+14 1.29395570246e+14 0 0
36.232 1 ATTITUDE -0.070557 1.474365 -0.062988
36.235 1 IMU_ACCEL -4.410156 0.642578 8.344727
36.332 1 ATTITUDE -0.110107 1.512207 -0.02832
36.338 1 DESIRED -0.74 0.1 5. 16. -45. 805. 2.
36.341 1 IMU_GYRO -0.278809 0.022217 -0.260498
36.432 1 ATTITUDE 0.026855 1.489014 -0.039551
36.437 1 GPS 0 1130805120 0 0 -17000 0 0 0 127000 12 11
36.467 1 NAVIGATION 0 2 10801716. -3566302. 1.29394907546e+14 1.29395570246e+14 0 0
36.532 1 ATTITUDE 0.124512 1.453369 -0.036865
36.538 1 DESIRED -0.74 0.1 5. 16. -45. 805. 2.
36.540 1 ESTIMATOR -17.000002 3e-06
36.632 1 ATTITUDE 0.067627 1.457275 -0.037354
36.635 1 WP_MOVED 5 506402.3125 3566363.25 820. 12
36.650 1 DOWNLINK_STATUS 19 15640 701 0 811. 36. 10.03
36.684 1 GPS 0 1130805120 0 0 -17000 0 0 0 127250 12 12
36.717 1 NAVIGATION 0 2 10801716. -3566302. 1.29394907546e+14 1.29395570246e+14 0 0
36.732 1 ATTITUDE 0.061523 1.458252 -0.03125
36.738 1 DESIRED -0.74 0.1 5. 16. -45. 805. 2.
36.832 1 ATTITUDE 0.041504 1.462646 -0.027344
36.833 1 NAVIGATION_REF 506335 3566302 12
36.932 1 ATTITUDE 0.050537 1.461914 -0.017334
36.938 1 DESIRED -0.74 0.1 5. 16. -45. 805. 2.
36.944 1 GPS 0 1130805120 0 0 -17000 0 0 0 127250 12 13
36.947 1 IMU_GYRO -0.048828 0.036133 -0.008301
36.967 1 NAVIGATION 0 2 10801716. -3566302. 1.29394907546e+14 1.29395570246e+14 0 0
37.032 1 ATTITUDE 0.047363 1.4646 -0.020752
37.034 1 ESTIMATOR -17.000002 3e-06
37.037 1 IMU_ACCEL -4.65918 -0.532227 8.411133
37.042 1 BAT 0 0 0 0 1 127 127 0
37.132 1 ATTITUDE 0.041504 1.471191 -0.018311
37.138 1 DESIRED -0.74 0.1 5. 16. -45. 805. 2.
37.142 1 WP_MOVED 6 506374.40625 3566337.75 820. 12
37.146 1 NAVIGATION 0 2 10801716. -3566302. 1.29394907546e+14 1.29395570246e+14 0 0
37.149 1 IMU_MAG -0.611816 -1.539551 0.304688
37.184 1 GPS 0 1130805120 0 0 -17000 0 0 0 127500 12 14
37.217 1 NAVIGATION 0 2 10801716. -3566302. 1.29394907546e+14 1.29395570246e+14 0 0
37.219 1 FBW_STATUS 2 0 1 0 0
37.232 1 ATTITUDE 0.016846 1.477539 -0.014893
37.332 1 ATTITUDE 0. 1.486816 -0.013916
37.338 1 DESIRED -0.74 0.1 5. 16. -45. 805. 2.
37.340 1 DL_VALUE 1 0.
37.432 1 ATTITUDE -0.037842 1.499268 -0.001709
37.437 1 GPS 0 1130805120 0 0 -17000 0 0 0 128000 12 15
37.467 1 NAVIGATION 0 2 10801716. -3566302. 1.29394907546e+14 1.29395570246e+14 0 0
37.532 1 ATTITUDE -0.028809 1.505371 0.002441
37.538 1 DESIRED -0.74 0.1 5. 16. -45. 805. 2.
37.540 1 ESTIMATOR -17.000002 4e-06
37.543 1 IMU_GYRO -0.083008 0.0979 -0.071289
37.632 1 ATTITUDE -0.026611 1.510986 -0.003662
37.635 1 WP_MOVED 7 506350.5 3566270.75 805. 12
37.651 1 DOWNLINK_STATUS 20 16452 737 0 812. 36. 10.03
37.684 1 GPS 0 1130805120 0 0 -17000 0 0 0 128250 12 16
37.717 1 NAVIGATION 0 2 10801716. -3566302. 1.29394907546e+14 1.29395570246e+14 0 0
37.732 1 ATTITUDE -0.028564 1.514648 -0.012939
37.738 1 DESIRED -0.74 0.1 5. 16. -45. 805. 2.
37.832 1 ATTITUDE -0.024658 1.515625 -0.01416
37.835 1 IMU_ACCEL -4.708008 0.167969 8.344727
37.837 1 STATE_FILTER_STATUS 3 0
37.840 1 ENERGY 0. 0. 0 0.
37.933 1 ATTITUDE -0.023682 1.516846 -0.014893
37.938 1 DESIRED -0.74 0.1 5. 16. -45. 805. 2.
37.944 1 GPS 0 1130805120 0 0 -17000 0 0 0 128250 12 1
37.946 1 GPS_SOL 795755648 100346 9999 0
37.967 1 NAVIGATION 0 2 10801716. -3566302. 1.29394907546e+14 1.29395570246e+14 0 0
38.032 1 ATTITUDE -0.020996 1.517578 -0.021729
38.034 1 ESTIMATOR -17. 4e-06
38.132 1 ATTITUDE -0.025391 1.518555 -0.018311
38.138 1 DESIRED -0.74 0.1 5. 16. -45. 805. 2.
38.141 1 WP_MOVED 8 506254.8125 3566257.5 815. 12
38.149 1 IMU_GYRO 0.063721 0.080811 -0.023193
38.149 1 NAVIGATION 0 2 10801716. -3566302. 1.29394907546e+14 1.29395570246e+14 0 0
38.151 1 CALIBRATION -150. 0
38.152 1 PONG 
38.184 1 GPS 0 1130805120 0 0 -17000 0 0 0 128500 12 2
38.216 1 NAVIGATION 0 2 10801716. -3566302. 1.29394907546e+14 1.29395570246e+14 0 0
38.232 1 ATTITUDE -0.041992 1.530273 -0.00708
38.234 1 DOWNLINK 13 826 4733
38.332 1 ATTITUDE -0.06665 1.543945 -0.007324
38.338 1 DESIRED -0.74 0.1 5. 16. -45. 805. 2.
38.432 1 ATTITUDE -0.056396 1.537842 -0.006836
38.437 1 GPS 0 1130805120 0 0 -17000 0 0 0 129000 12 3
38.441 1 IMU_MAG -0.626953 -1.643555 0.350586
38.466 1 NAVIGATION 0 2 10801716. -3566302. 1.29394907546e+14 1.29395570246e+14 0 0
38.532 1 ATTITUDE -0.033936 1.530762 0.
38.538 1 DESIRED -0.74 0.1 5. 16. -45. 805. 2.
38.540 1 ESTIMATOR -16.999998 3e-06
38.632 1 ATTITUDE -0.005859 1.517334 0.001709
38.635 1 WP_MOVED 9 506213.8125 3566287.5 815. 12
38.638 1 IMU_ACCEL -4.866211 -0.013672 8.429688
38.652 1 DOWNLINK_STATUS 21 17278 775 0 826. 38. 12.06
38.684 1 GPS 0 1130805120 0 0 -17000 0 0 0 129250 12 4
38.716 1 NAVIGATION 0 2 10801716. -3566302. 1.29394907546e+14 1.29395570246e+14 0 0
38.732 1 ATTITUDE 0.016357 1.50708 0.
38.738 1 DESIRED -0.74 0.1 5. 16. -45. 805. 2.
38.741 1 IMU_GYRO -0.180908 0.000977 -0.048828
38.832 1 ATTITUDE 0.024902 1.506104 0.000732
38.834 1 DL_VALUE 2 805.
38.932 1 ATTITUDE 0.028076 1.505371 0.
38.938 1 DESIRED -0.74 0.1 5. 16. -45. 805. 2.
38.944 1 GPS 0 1130805120 0 0 -17000 0 0 0 129250 12 5
38.966 1 NAVIGATION 0 2 10801716. -3566302. 1.29394907546e+14 1.29395570246e+14 0 0
39.032 1 ATTITUDE 0.030273 1.506104 0.000732
39.034 1 ESTIMATOR -16.999998 3e-06
39.132 1 ATTITUDE 0.02124 1.509277 0.000244
39.138 1 DESIRED -0.74 0.1 5. 16. -45. 805. 2.
39.141 1 WP_MOVED 0 506377. 3566344. 757. 12
39.145 1 NAVIGATION 0 2 10801716. -3566302. 1.29394907546e+14 1.29395570246e+14 0 0
39.184 1 GPS 0 1130805120 0 0 -17000 0 0 0 129500 12 6
39.214 1 FBW_STATUS 2 0 1 0 0
39.219 1 NAVIGATION 0 2 10801716. -3566302. 1.29394907546e+14 1.29395570246e+14 0 0
39.232 1 ATTITUDE 0.017578 1.510986 -0.003662
39.235 1 BAT 0 0 0 0 1 130 130 0
39.314 1 COMMANDS 0,4994,-602,0
39.333 1 ATTITUDE 0.010498 1.513672 -0.00415
39.337 1 DESIRED -0.74 0.1 5. 16. -45. 805. 2.
39.341 1 IMU_GYRO 0.040283 0.065918 -0.007324
39.414 1 ACTUATORS 1000,1640,1592,1500
39.432 1 ATTITUDE 0.008545 1.515869 -0.010498
39.437 1 GPS 0 1130805120 0 0 -17000 0 0 0 130000 12 7
39.440 1 IMU_ACCEL -4.736328 -0.138672 8.454102
39.466 1 NAVIGATION 0 2 10801716. -3566302. 1.29394907546e+14 1.29395570246e+14 0 0
39.532 1 ATTITUDE 0.004395 1.518311 -0.007812
39.537 1 DESIRED -0.74 0.1 5. 16. -45. 805. 2.
39.540 1 ESTIMATOR -16.999998 2e-06
39.632 1 ATTITUDE 0.002441 1.516357 -0.017578
39.635 1 WP_MOVED 1 506335. 3566302. 765. 12
39.653 1 DOWNLINK_STATUS 22 18087 811 0 809. 36. 12.06
39.684 1 GPS 0 1130805120 0 0 -17000 0 0 0 130250 12 8
39.716 1 NAVIGATION 0 2 10801716. -3566302. 1.29394907546e+14 1.29395570246e+14 0 0
39.732 1 ATTITUDE 0.003662 1.514893 -0.018066
39.737 1 DESIRED -0.74 0.1 5. 16. -45. 805. 2.
39.741 1 IMU_MAG -0.631836 -1.580078 0.330566
39.832 1 ATTITUDE 0.002686 1.514404 -0.019531
39.932 1 ATTITUDE -0.009521 1.517578 -0.016846
39.938 1 DESIRED -0.74 0.1 5. 16. -45. 805. 2.
39.943 1 GPS 0 1130805120 0 0 -17000 0 0 0 130250 12 9
39.947 1 IMU_GYRO 0.051025 -0.045654 0.010498
39.950 1 GPS_SOL 795760320 100351 9999 0
39.966 1 NAVIGATION 0 2 10801716. -3566302. 1.29394907546e+14 1.29395570246e+14 0 0
40.032 1 ATTITUDE -0.016357 1.518066 -0.02002
40.034 1 ESTIMATOR -16.999998 2e-06
40.036 1 STATE_FILTER_STATUS 3 0
40.132 1 ATTITUDE -0.015869 1.518311 -0.012451
40.137 1 DESIRED -0.74 0.1 5. 16. -45. 805. 2.
40.141 1 WP_MOVED 2 506254.8125 3566257.5 815. 12
40.145 1 NAVIGATION 0 2 10801716. -3566302. 1.29394907546e+14 1.29395570246e+14 0 0
40.184 1 GPS 0 1130805120 0 0 -17000 0 0 0 130500 12 10
40.216 1 NAVIGATION 0 2 10801716. -3566302. 1.29394907546e+14 1.29395570246e+14 0 0
40.232 1 ATTITUDE -0.014648 1.517822 -0.012695
40.235 1 IMU_ACCEL -4.621094 0.071289 8.382812
40.237 1 CALIBRATION -150. 0
40.332 1 ATTITUDE -0.013916 1.518066 -0.010498
40.337 1 DESIRED -0.74 0.1 5. 16. -45. 805. 2.
40.341 1 BAT 0 0 0 0 1 131 131 0
40.343 1 DL_VALUE 3 0.
40.346 1 ENERGY 0. 0. 0 0.
40.432 1 ATTITUDE -0.010254 1.516846 -0.009521
40.437 1 GPS 0 1130805120 0 0 -17000 0 0 0 131000 12 11
40.441 1 ALIVE 174,222,138,243,180,132,213,161,20,137,147,153,212,68,69,225
40.466 1 NAVIGATION 0 2 10801716. -3566302. 1.29394907546e+14 1.29395570246e+14 0 0
40.532 1 ATTITUDE -0.012695 1.518311 0.000244
40.537 1 DESIRED -0.74 0.1 5. 16. -45. 805. 2.
40.540 1 ESTIMATOR -16.999998 1e-06
40.543 1 IMU_GYRO 0.029785 0.048828 -0.010498
40.545 1 PPRZ_MODE 2 3 3 0 0 6
40.632 1 ATTITUDE -0.015869 1.519775 0.002441
40.635 1 WP_MOVED 3 506350.5 3566257. 805. 12
40.654 1 DOWNLINK_STATUS 23 18962 851 0 875. 40. 12.06
40.684 1 GPS 0 1130805120 0 0 -17000 0 0 0 131250 12 12
40.716 1 NAVIGATION 0 2 10801716. -3566302. 1.29394907546e+14 1.29395570246e+14 0 0
40.732 1 ATTITUDE -0.015625 1.520752 -0.002441
40.737 1 DESIRED -0.74 0.1 5. 16. -45. 805. 2.
40.832 1 ATTITUDE -0.006104 1.518555 -0.001709
40.932 1 ATTITUDE 0.006348 1.516357 -0.003662
40.938 1 DESIRED -0.74 0.1 5. 16. -45. 805. 2.
40.944 1 GPS 0 1130805120 0 0 -17000 0 0 0 131250 12 13
40.966 1 NAVIGATION 0 2 10801716. -3566302. 1.29394907546e+14 1.29395570246e+14 0 0
41.031 1 ATTITUDE 0.020752 1.51123 -0.00415
41.034 1 ESTIMATOR -16.999998 0.
41.037 1 IMU_ACCEL -4.72168 -0.268555 8.396484
41.040 1 IMU_MAG -0.614258 -1.54248 0.330566
41.131 1 ATTITUDE 0.018799 1.511475 -0.005615
41.138 1 DESIRED -0.74 0.1 5. 16. -45. 805. 2.
41.141 1 WP_MOVED 4 506374.40625 3566337.75 805. 12
41.144 1 IMU_GYRO -0.006348 -0.022217 -0.022217
41.148 1 NAVIGATION 0 2 10801716. -3566302. 1.29394907546e+14 1.29395570246e+14 0 0
41.184 1 GPS 0 1130805120 0 0 -17000 0 0 0 131500 12 14
41.216 1 NAVIGATION 0 2 10801716. -3566302. 1.29394907546e+14 1.29395570246e+14 0 0
41.219 1 FBW_STATUS 2 0 1 0 0
41.232 1 ATTITUDE 0.016846 1.511719 -0.005127
41.331 1 ATTITUDE 0.014648 1.513184 -0.00708
41.332 1 WIND_INFO 1 42 0. 0. 0.
41.337 1 DESIRED -0.74 0.1 5. 16. -45. 805. 2.
41.431 1 ATTITUDE 0.013428 1.514893 -0.00708
41.437 1 GPS 0 1130805120 0 0 -17000 0 0 0 132000 12 15
41.441 1 BAT 0 0 0 0 1 132 132 0
41.466 1 NAVIGATION 0 2 10801716. -3566302. 1.29394907546e+14 1.29395570246e+14 0 0
41.531 1 ATTITUDE 0.012695 1.513916 -0.012695
41.537 1 DESIRED -0.74 0.1 5. 16. -45. 805. 2.
41.540 1 ESTIMATOR -16.999998 -0.
41.631 1 ATTITUDE 0.014404 1.514404 -0.010254
41.635 1 WP_MOVED 5 506402.3125 3566363.25 820. 12
41.655 1 DOWNLINK_STATUS 24 19730 884 0 768. 33. 12.06
41.684 1 GPS 0 1130805120 0 0 -17000 0 0 0 132250 12 16
41.716 1 NAVIGATION 0 2 10801716. -3566302. 1.29394907546e+14 1.29395570246e+14 0 0
41.731 1 ATTITUDE 0.012207 1.513672 -0.013672
41.737 1 DESIRED -0.74 0.1 5. 16. -45. 805. 2.
41.740 1 IMU_GYRO 0.019043 -0.109375 0.018066
41.831 1 ATTITUDE 0.008545 1.513184 -0.016846
41.835 1 IMU_ACCEL -4.625977 -0.210938 8.487305
41.836 1 DL_VALUE 4 0.
41.932 1 ATTITUDE 0.006592 1.510986 -0.022461
41.938 1 DESIRED -0.74 0.1 5. 16. -45. 805. 2.
41.943 1 GPS 0 1130805120 0 0 -17000 0 0 0 132250 12 1
41.946 1 GPS_SOL 795765120 100357 9999 0
41.966 1 NAVIGATION 0 2 10801716. -3566302. 1.29394907546e+14 1.29395570246e+14 0 0
42.031 1 ATTITUDE 0.006348 1.51001 -0.02124
42.034 1 ESTIMATOR -16.999998 -1e-06
42.131 1 ATTITUDE 0.003662 1.508789 -0.025879
42.137 1 DESIRED -0.74 0.1 5. 16. -45. 805. 2.
42.141 1 WP_MOVED 6 506374.40625 3566337.75 820. 12
42.145 1 NAVIGATION 0 2 10801716. -3566302. 1.29394907546e+14 1.29395570246e+14 0 0
42.184 1 GPS 0 1130805120 0 0 -17000 0 0 0 132500 12 2
42.216 1 NAVIGATION 0 2 10801716. -3566302. 1.29394907546e+14 1.29395570246e+14 0 0
42.231 1 ATTITUDE 0.00415 1.509277 -0.024658
42.233 1 STATE_FILTER_STATUS 3 0
42.331 1 ATTITUDE -0.000244 1.506348 -0.030518
42.337 1 DESIRED -0.74 0.1 5. 16. -45. 805. 2.
42.340 1 IMU_GYRO -0.027588 0.107422 -0.036133
42.344 1 IMU_MAG -0.63916 -1.577148 0.327637
42.346 1 CALIBRATION -150. 0
42.431 1 ATTITUDE 0.002686 1.506836 -0.023193
42.437 1 GPS 0 1130805120 0 0 -17000 0 0 0 133000 12 3
42.466 1 NAVIGATION 0 2 10801716. -3566302. 1.29394907546e+14 1.29395570246e+14 0 0
42.531 1 ATTITUDE 0.000244 1.505127 -0.023926
42.537 1 DESIRED -0.74 0.1 5. 16. -45. 805. 2.
42.540 1 ESTIMATOR -16.999998 -1e-06
42.543 1 BAT 0 0 0 0 1 133 133 0
42.631 1 ATTITUDE 0.002441 1.504395 -0.020996
42.635 1 WP_MOVED 7 506350.5 3566270.75 805. 12
42.638 1 IMU_ACCEL -4.640625 -0.076172 8.411133
42.656 1 DOWNLINK_STATUS 25 20568 922 0 838. 38. 12.06
42.684 1 GPS 0 1130805120 0 0 -17000 0 0 0 133250 12 4
42.716 1 NAVIGATION 0 2 10801716. -3566302. 1.29394907546e+14 1.29395570246e+14 0 0
42.731 1 ATTITUDE 0.001709 1.50293 -0.024902
42.737 1 DESIRED -0.74 0.1 5. 16. -45. 805. 2.
42.831 1 ATTITUDE 0.002197 1.501953 -0.023682
42.835 1 ENERGY 0. 0. 0 0.
42.932 1 ATTITUDE 0.002686 1.500732 -0.025146
42.938 1 DESIRED -0.74 0.1 5. 16. -45. 805. 2.
42.943 1 GPS 0 1130805120 0 0 -17000 0 0 0 133250 12 5
42.946 1 IMU_GYRO -0.044678 0.05957 -0.039307
42.966 1 NAVIGATION 0 2 10801716. -3566302. 1.29394907546e+14 1.29395570246e+14 0 0
43.031 1 ATTITUDE 0.003174 1.499512 -0.023438
43.034 1 ESTIMATOR -16.999998 -2e-06
43.131 1 ATTITUDE 0.004883 1.5 -0.017822
43.137 1 DESIRED -0.74 0.1 5. 16. -45. 805. 2.
43.141 1 WP_MOVED 8 506254.8125 3566257.5 815. 12
43.145 1 NAVIGATION 0 2 10801716. -3566302. 1.29394907546e+14 1.29395570246e+14 0 0
43.146 1 PONG 
43.184 1 GPS 0 1130805120 0 0 -17000 0 0 0 133500 12 6
43.214 1 FBW_STATUS 2 0 1 0 0
43.218 1 NAVIGATION 0 2 10801716. -3566302. 1.29394907546e+14 1.29395570246e+14 0 0
43.231 1 ATTITUDE 0.005371 1.498535 -0.023438
43.331 1 ATTITUDE 0.004883 1.498535 -0.024902
43.337 1 DESIRED -0.74 0.1 5. 16. -45. 805. 2.
43.339 1 DL_VALUE 5 0.
43.341 1 DOWNLINK 13 811 4918
43.431 1 ATTITUDE 0.00415 1.498779 -0.025879
43.437 1 GPS 0 1130805120 0 0 -17000 0 0 0 134000 12 7
43.440 1 IMU_ACCEL -4.573242 -0.138672 8.539062
43.466 1 NAVIGATION 0 2 10801716. -3566302. 1.29394907546e+14 1.29395570246e+14 0 0
43.531 1 ATTITUDE 0.00293 1.498779 -0.028076
43.537 1 DESIRED -0.74 0.1 5. 16. -45. 805. 2.
43.540 1 ESTIMATOR -16.999998 -2e-06
43.543 1 IMU_GYRO -0.025391 0.072266 -0.016846
43.631 1 ATTITUDE 0.004639 1.5 -0.026123
43.635 1 WP_MOVED 9 506213.8125 3566287.5 815. 12
43.638 1 BAT 0 0 0 0 1 134 134 0
43.641 1 IMU_MAG -0.646484 -1.56543 0.324707
43.657 1 DOWNLINK_STATUS 26 21402 960 0 834. 38. 6.04
43.684 1 GPS 0 1130805120 0 0 -17000 0 0 0 134000 12 8
43.716 1 NAVIGATION 0 2 10801716. -3566302. 1.29394907546e+14 1.29395570246e+14 0 0
43.731 1 ATTITUDE 0.006348 1.499756 -0.027832
43.737 1 DESIRED -0.74 0.1 5. 16. -45. 805. 2.
43.831 1 ATTITUDE 0.008545 1.498291 -0.028809
43.932 1 ATTITUDE 0.009277 1.498779 -0.024658
43.938 1 DESIRED -0.74 0.1 5. 16. -45. 805. 2.
43.944 1 GPS 0 1130805120 0 0 -17000 0 0 0 134250 12 9
43.947 1 GPS_SOL 795769920 100362 9999 0
43.966 1 NAVIGATION 0 2 10801716. -3566302. 1.29394907546e+14 1.29395570246e+14 0 0
44.031 1 ATTITUDE 0.008057 1.498535 -0.026123
44.034 1 ESTIMATOR -16.999998 -3e-06
44.131 1 ATTITUDE 0.007812 1.497803 -0.026611
44.137 1 DESIRED -0.74 0.1 5. 16. -45. 805. 2.
44.141 1 WP_MOVED 0 506377. 3566344. 757. 12
44.144 1 IMU_GYRO -0.027588 0.008301 -0.007324
44.148 1 NAVIGATION 0 2 10801716. -3566302. 1.29394907546e+14 1.29395570246e+14 0 0
44.184 1 GPS 0 1130805120 0 0 -17000 0 0 0 134500 12 10
44.216 1 NAVIGATION 0 2 10801716. -3566302. 1.29394907546e+14 1.29395570246e+14 0 0
44.231 1 ATTITUDE 0.008301 1.497314 -0.028076
44.234 1 IMU_ACCEL -4.481445 -0.148438 8.500977
44.314 1 COMMANDS 0,4961,-707,0
44.331 1 ATTITUDE 0.007568 1.496338 -0.030273
44.337 1 DESIRED -0.74 0.1 5. 16. -45. 805. 2.
44.414 1 ACTUATORS 1000,1646,1586,1500
44.431 1 ATTITUDE 0.010254 1.494629 -0.033691
44.437 1 GPS 0 1130805120 0 0 -17000 0 0 0 135000 12 11
44.439 1 CALIBRATION -150. 0
44.440 1 STATE_FILTER_STATUS 3 0
44.466 1 NAVIGATION 0 2 10801716. -3566302. 1.29394907546e+14 1.29395570246e+14 0 0
44.531 1 ATTITUDE 0.006836 1.494141 -0.037109
44.537 1 DESIRED -0.74 0.1 5. 16. -45. 805. 2.
44.540 1 ESTIMATOR -16.999998 -4e-06
44.631 1 ATTITUDE 0.008301 1.493652 -0.033936
44.635 1 WP_MOVED 1 506335. 3566302. 765. 12
44.658 1 DOWNLINK_STATUS 27 22185 995 0 783. 35. 6.04
44.684 1 GPS 0 1130805120 0 0 -17000 0 0 0 135250 12 12
44.716 1 NAVIGATION 0 2 10801716. -3566302. 1.29394907546e+14 1.29395570246e+14 0 0
44.731 1 ATTITUDE 0.004639 1.493896 -0.035889
44.737 1 DESIRED -0.74 0.1 5. 16. -45. 805. 2.
44.740 1 IMU_GYRO 0.019043 -0.031738 -0.003174
44.744 1 BAT 0 0 0 0 1 135 135 0
44.831 1 ATTITUDE 0.004395 1.493164 -0.037109
44.833 1 DL_VALUE 6 100.
44.931 1 ATTITUDE 0.003906 1.492676 -0.036133
44.937 1 DESIRED -0.74 0.1 5. 16. -45. 805. 2.
44.943 1 GPS 0 1130805120 0 0 -17000 0 0 0 135250 12 13
44.946 1 IMU_MAG -0.648926 -1.574219 0.316406
44.966 1 NAVIGATION 0 2 10801716. -3566302. 1.29394907546e+14 1.29395570246e+14 0 0
45.031 1 ATTITUDE 0.003906 1.492432 -0.033936
45.034 1 ESTIMATOR -17. -4e-06
45.037 1 IMU_ACCEL -4.395508 -0.100586 8.572266
45.131 1 ATTITUDE 0.002197 1.491943 -0.032715
45.137 1 DESIRED -0.74 0.1 5. 16. -45. 805. 2.
45.141 1 WP_MOVED 2 506254.8125 3566257.5 815. 12
45.145 1 NAVIGATION 0 2 10801716. -3566302. 1.29394907546e+14 1.29395570246e+14 0 0
45.184 1 GPS 0 1130805120 0 0 -17000 0 0 0 135500 12 14
45.214 1 FBW_STATUS 2 0 1 0 0
45.218 1 NAVIGATION 0 2 10801716. -3566302. 1.29394907546e+14 1.29395570246e+14 0 0
45.241 1 ATTITUDE -0.000977 1.491455 -0.033447
45.332 1 ATTITUDE 0.002686 1.490967 -0.036865
45.337 1 DESIRED -0.74 0.1 5. 16. -45. 805. 2.
45.340 1 IMU_GYRO -0.065918 -0.016846 -0.047852
45.344 1 ENERGY 0. 0. 0 0.
45.431 1 ATTITUDE 0.006836 1.491943 -0.036865
45.437 1 GPS 0 1130805120 0 0 -17000 0 0 0 136000 12 15
45.441 1 ALIVE 174,222,138,243,180,132,213,161,20,137,147,153,212,68,69,225
45.466 1 NAVIGATION 0 2 10801716. -3566302. 1.29394907546e+14 1.29395570246e+14 0 0
45.531 1 ATTITUDE 0.005615 1.491943 -0.036865
45.537 1 DESIRED -0.74 0.1 5. 16. -45. 805. 2.
45.540 1 ESTIMATOR -17.000002 -3e-06
45.542 1 PPRZ_MODE 2 3 3 0 0 6
45.631 1 ATTITUDE 0.003662 1.490967 -0.038574
45.635 1 WP_MOVED 3 506350.5 3566257. 805. 12
45.659 1 DOWNLINK_STATUS 28 23037 1033 0 852. 38. 6.04
45.684 1 GPS 0 1130805120 0 0 -17000 0 0 0 136250 12 16
45.716 1 NAVIGATION 0 2 10801716. -3566302. 1.29394907546e+14 1.29395570246e+14 0 0
45.731 1 ATTITUDE -0.000488 1.490723 -0.041504
45.737 1 DESIRED -0.74 0.1 5. 16. -45. 805. 2.
45.831 1 ATTITUDE -0.00293 1.490479 -0.046143
45.834 1 IMU_ACCEL -4.410156 -0.124023 8.663086
45.838 1 BAT 0 0 0 0 1 136 136 0
45.840 1 NAVIGATION_REF 506335 3566302 12
45.931 1 ATTITUDE 0.001465 1.482666 -0.039307
45.937 1 DESIRED -0.74 0.1 5. 16. -45. 805. 2.
45.943 1 GPS 0 1130805120 0 0 -17000 0 0 0 136250 12 1
45.946 1 IMU_GYRO -0.078613 -0.174316 0.103027
45.949 1 GPS_SOL 795774784 100368 9999 0
45.966 1 NAVIGATION 0 2 10801716. -3566302. 1.29394907546e+14 1.29395570246e+14 0 0
46.031 1 ATTITUDE -0.003906 1.476074 -0.062744
46.034 1 ESTIMATOR -17.000002 -3e-06
46.131 1 ATTITUDE 0.002441 1.471436 -0.075195
46.137 1 DESIRED -0.74 0.1 5. 16. -45. 805. 2.
46.146 1 WP_MOVED 4 506374.40625 3566337.75 805. 12
46.146 1 NAVIGATION 0 2 10801716. -3566302. 1.29394907546e+14 1.29395570246e+14 0 0
46.184 1 GPS 0 1130805120 0 0 -17000 0 0 0 136500 12 2
46.216 1 NAVIGATION 0 2 10801716. -3566302. 1.29394907546e+14 1.29395570246e+14 0 0
46.231 1 ATTITUDE 0.002197 1.467773 -0.077148
46.234 1 IMU_MAG -0.697754 -1.568359 0.316406
46.331 1 ATTITUDE -0.002686 1.468506 -0.080078
46.337 1 DESIRED -0.74 0.1 5. 16. -45. 805. 2.
46.339 1 DL_VALUE 7 2.
46.431 1 ATTITUDE -0.00708 1.471191 -0.094727
46.437 1 GPS 0 1130805120 0 0 -17000 0 0 0 137000 12 3
46.466 1 NAVIGATION 0 2 10801716. -3566302. 1.29394907546e+14 1.29395570246e+14 0 0
46.531 1 ATTITUDE -0.01001 1.462891 -0.160156
46.537 1 DESIRED -0.74 0.1 5. 16. -45. 805. 2.
46.539 1 ESTIMATOR -17.000002 -2e-06
46.543 1 IMU_GYRO -0.144531 -0.19458 -0.022217
46.544 1 CALIBRATION -150. 0
46.631 1 ATTITUDE 0.001953 1.4375 -0.258545
46.635 1 WP_MOVED 5 506402.3125 3566363.25 820. 12
46.638 1 IMU_ACCEL -2.291016 -0.171875 8.558594
46.639 1 STATE_FILTER_STATUS 3 0
46.660 1 DOWNLINK_STATUS 29 23890 1072 0 853. 39. 6.04
46.684 1 GPS 0 1130805120 0 0 -17000 0 0 0 137250 12 4
46.716 1 NAVIGATION 0 2 10801716. -3566302. 1.29394907546e+14 1.29395570246e+14 0 0
46.731 1 ATTITUDE -0.061768 1.421387 -0.607178
46.737 1 DESIRED -0.74 0.1 5. 16. -45. 805. 2.
46.832 1 ATTITUDE -0.126221 1.419922 -0.81958
46.931 1 ATTITUDE -0.131104 1.371582 -0.894531
46.937 1 DESIRED -0.74 0.1 5. 16. -45. 805. 2.
46.943 1 GPS 0 1130805120 0 0 -17000 0 0 0 137250 12 5
46.946 1 BAT 0 0 0 0 1 137 137 0
46.966 1 NAVIGATION 0 2 10801716. -3566302. 1.29394907546e+14 1.29395570246e+14 0 0
47.031 1 ATTITUDE -0.203613 1.388916 -0.956787
47.034 1 ESTIMATOR -17.000002 -2e-06
47.131 1 ATTITUDE -0.246338 1.393066 -0.975342
47.137 1 DESIRED -0.74 0.1 5. 16. -45. 805. 2.
47.140 1 WP_MOVED 6 506374.40625 3566337.75 820. 12
47.144 1 IMU_GYRO 0.125488 -0.193604 -0.170166
47.148 1 NAVIGATION 0 2 10801716. -3566302. 1.29394907546e+14 1.29395570246e+14 0 0
47.184 1 GPS 0 1130805120 0 0 -17000 0 0 0 137500 12 6
47.214 1 FBW_STATUS 2 0 1 0 0
47.218 1 NAVIGATION 0 2 10801716. -3566302. 1.29394907546e+14 1.29395570246e+14 0 0
47.231 1 ATTITUDE -0.289795 1.402588 -0.993408
47.331 1 ATTITUDE -0.360596 1.440186 -1.037109
47.337 1 DESIRED -0.74 0.1 5. 16. -45. 805. 2.
47.432 1 ATTITUDE -0.400146 1.476807 -1.072021
47.437 1 GPS 0 1130805120 0 0 -17000 0 0 0 138000 12 7
47.441 1 IMU_ACCEL 5.995117 1.770508 7.19043
47.469 1 NAVIGATION 0 2 10801716. -3566302. 1.29394907546e+14 1.29395570246e+14 0 0
47.531 1 ATTITUDE -1.012207 2.091064 -1.319336
47.537 1 DESIRED -0.74 0.1 5. 16. -45. 805. 2.
47.539 1 ESTIMATOR -17.000002 -1e-06
47.543 1 IMU_MAG -1.652832 -1.852051 0.782227
47.631 1 ATTITUDE -1.518555 2.589111 -1.297119
47.635 1 WP_MOVED 7 506350.5 3566270.75 805. 12
47.661 1 DOWNLINK_STATUS 30 24658 1105 0 768. 33. 6.04
47.684 1 GPS 0 1130805120 0 0 -17000 0 0 0 138250 12 8
47.716 1 NAVIGATION 0 2 10801716. -3566302. 1.29394907546e+14 1.29395570246e+14 0 0
47.731 1 ATTITUDE -1.598877 2.67041 -1.229492
47.737 1 DESIRED -0.74 0.1 5. 16. -45. 805. 2.
47.740 1 IMU_GYRO -0.48291 0.603271 -0.19458
47.831 1 ATTITUDE -1.481445 2.503418 -1.292725
47.832 1 DL_VALUE 8 0.
47.836 1 ENERGY 0. 0. 0 0.
47.931 1 ATTITUDE -1.433105 2.345459 -1.416992
47.937 1 DESIRED -0.74 0.1 5. 16. -45. 805. 2.
47.943 1 GPS 0 1130805120 0 0 -17000 0 0 0 138250 12 9
47.946 1 GPS_SOL 795779776 100374 9999 0
47.966 1 NAVIGATION 0 2 10801716. -3566302. 1.29394907546e+14 1.29395570246e+14 0 0
48.031 1 ATTITUDE 2.773926 -1.963623 -1.497314
48.033 1 ESTIMATOR -17.000002 -0.
48.037 1 BAT 0 0 0 0 1 138 138 0
48.131 1 ATTITUDE 2.500244 -1.921143 -1.282471
48.137 1 DESIRED -0.74 0.1 5. 16. -45. 805. 2.
48.140 1 WP_MOVED 8 506254.8125 3566257.5 815. 12
48.145 1 NAVIGATION 0 2 10801716. -3566302. 1.29394907546e+14 1.29395570246e+14 0 0
48.145 1 PONG 
48.184 1 GPS 0 1130805120 0 0 -17000 0 0 0 138500 12 10
48.216 1 NAVIGATION 0 2 10801716. -3566302. 1.29394907546e+14 1.29395570246e+14 0 0
48.230 1 ATTITUDE 2.49707 -2.046875 -1.202148
48.233 1 IMU_ACCEL 8.71875 -1.228516 1.708984
48.331 1 ATTITUDE 2.621582 -2.23999 -1.284912
48.337 1 DESIRED -0.74 0.1 5. 16. -45. 805. 2.
48.340 1 IMU_GYRO 1.85791 3.049805 -0.060547
48.431 1 ATTITUDE 2.084717 -1.651611 -1.446533
48.437 1 GPS 0 1130805120 0 0 -17000 0 0 0 139000 12 11
48.439 1 DOWNLINK 13 823 5106
48.466 1 NAVIGATION 0 2 10801716. -3566302. 1.29394907546e+14 1.29395570246e+14 0 0
48.531 1 ATTITUDE 0.194824 0.326416 -1.377441
48.537 1 DESIRED -0.74 0.1 5. 16. -45. 805. 2.
48.538 1 ESTIMATOR -17.000002 0.
48.631 1 ATTITUDE 0.455566 0.147705 -1.165771
48.635 1 WP_MOVED 9 506213.8125 3566287.5 815. 12
48.636 1 CALIBRATION -150. 0
48.662 1 DOWNLINK_STATUS 31 25488 1143 0 830. 38. 5.76
48.684 1 GPS 0 1130805120 0 0 -17000 0 0 0 139250 12 12
48.716 1 NAVIGATION 0 2 10801716. -3566302. 1.29394907546e+14 1.29395570246e+14 0 0
48.731 1 ATTITUDE 0.429688 0.268066 -1.003906
48.737 1 DESIRED -0.74 0.1 5. 16. -45. 805. 2.
48.831 1 ATTITUDE 0.405273 0.333252 -1.089111
48.835 1 IMU_MAG -1.875977 -1.036133 0.612793
48.835 1 STATE_FILTER_STATUS 3 0
48.931 1 ATTITUDE 0.564453 0.192627 -1.179688
48.937 1 DESIRED -0.74 0.1 5. 16. -45. 805. 2.
48.943 1 GPS 0 1130805120 0 0 -17000 0 0 0 139250 12 13
48.946 1 IMU_GYRO 1.181152 -2.090088 -0.78418
48.966 1 NAVIGATION 0 2 10801716. -3566302. 1.29394907546e+14 1.29395570246e+14 0 0
49.031 1 ATTITUDE 0.639404 0.104736 -1.339844
49.033 1 ESTIMATOR -17.000002 1e-06
49.037 1 IMU_ACCEL 6.163086 -1.976562 6.800781
49.131 1 ATTITUDE 0.996094 -0.199707 -1.380859
49.137 1 DESIRED -0.74 0.1 5. 16. -45. 805. 2.
49.140 1 WP_MOVED 0 506377. 3566344. 757. 12
49.145 1 NAVIGATION 0 2 10801716. -3566302. 1.29394907546e+14 1.29395570246e+14 0 0
49.148 1 BAT 0 0 0 0 1 139 139 0
49.184 1 GPS 0 1130805120 0 0 -17000 0 0 0 139500 12 14
49.214 1 FBW_STATUS 2 0 1 0 0
49.218 1 NAVIGATION 0 2 10801716. -3566302. 1.29394907546e+14 1.29395570246e+14 0 0
49.231 1 ATTITUDE -3.138916 -2.347168 -1.399414
49.314 1 COMMANDS 0,-9600,-7786,0
49.330 1 ATTITUDE -3.090088 -2.382568 -1.320801
49.337 1 DESIRED -0.74 0.1 5. 16. -45. 805. 2.
49.338 1 DL_VALUE 9 1.
49.413 1 ACTUATORS 1000,1602,1000,1500
49.431 1 ATTITUDE -3.088867 -2.377686 -1.328613
49.437 1 GPS 0 1130805120 0 0 -17000 0 0 0 140000 12 15
49.466 1 NAVIGATION 0 2 10801716. -3566302. 1.29394907546e+14 1.29395570246e+14 0 0
49.533 1 ATTITUDE -3.088867 -2.373535 -1.335693
49.537 1 DESIRED -0.74 0.1 5. 16. -45. 805. 2.
49.538 1 ESTIMATOR -17.000002 1e-06
49.541 1 IMU_GYRO -0.014893 -0.036133 -0.014893
49.631 1 ATTITUDE -3.088623 -2.37085 -1.343262
49.634 1 WP_MOVED 1 506335. 3566302. 765. 12
49.663 1 DOWNLINK_STATUS 32 26324 1181 0 836. 38. 5.76
49.684 1 GPS 0 1130805120 0 0 -17000 0 0 0 140250 12 16
49.716 1 NAVIGATION 0 2 10801716. -3566302. 1.29394907546e+14 1.29395570246e+14 0 0
49.731 1 ATTITUDE -3.088135 -2.370117 -1.350098
49.737 1 DESIRED -0.74 0.1 5. 16. -45. 805. 2.
49.832 1 ATTITUDE -3.087891 -2.370117 -1.357178
49.834 1 IMU_ACCEL 8.623047 0.018555 4.188477
49.931 1 ATTITUDE -3.087646 -2.370117 -1.364014
49.937 1 DESIRED -0.74 0.1 5. 16. -45. 805. 2.
49.943 1 GPS 0 1130805120 0 0 -17000 0 0 0 140250 12 1
49.945 1 GPS_SOL 795784832 100379 9999 0
49.966 1 NAVIGATION 0 2 10801716. -3566302. 1.29394907546e+14 1.29395570246e+14 0 0
50.031 1 ATTITUDE -3.086914 -2.371826 -1.370361
50.033 1 ESTIMATOR -17.000002 2e-06
50.131 1 ATTITUDE -3.086182 -2.373535 -1.376221
50.137 1 DESIRED -0.74 0.1 5. 16. -45. 805. 2.
50.140 1 WP_MOVED 2 506254.8125 3566257.5 815. 12
50.143 1 IMU_GYRO -0.012695 -0.015869 -0.014893
50.148 1 NAVIGATION 0 2 10801716. -3566302. 1.29394907546e+14 1.29395570246e+14 0 0
50.184 1 GPS 0 1130805120 0 0 -17000 0 0 0 140500 12 2
50.216 1 NAVIGATION 0 2 10801716. -3566302. 1.29394907546e+14 1.29395570246e+14 0 0
50.231 1 ATTITUDE -3.085938 -2.375244 -1.382324
50.234 1 BAT 0 0 0 0 1 141 141 0
50.331 1 ATTITUDE -3.085205 -2.376953 -1.387451
50.337 1 DESIRED -0.74 0.1 5. 16. -45. 805. 2.
50.339 1 ENERGY 0. 0. 0 0.
50.431 1 ATTITUDE -3.084229 -2.379639 -1.392578
50.437 1 GPS 0 1130805120 0 0 -17000 0 0 0 140750 12 3
50.441 1 ALIVE 174,222,138,243,180,132,213,161,20,137,147,153,212,68,69,225
50.466 1 NAVIGATION 0 2 10801716. -3566302. 1.29394907546e+14 1.29395570246e+14 0 0
50.531 1 ATTITUDE -3.083496 -2.382812 -1.397949
50.537 1 DESIRED -0.74 0.1 5. 16. -45. 805. 2.
50.539 1 ESTIMATOR -17.000002 3e-06
50.541 1 PPRZ_MODE 2 3 3 0 0 6
50.631 1 ATTITUDE -3.082031 -2.385742 -1.402588
50.634 1 WP_MOVED 3 506350.5 3566257. 805. 12
50.637 1 IMU_ACCEL 8.65625 0.02832 4.169922
50.664 1 DOWNLINK_STATUS 33 27150 1217 0 826. 36. 5.76
50.683 1 GPS 0 1130805120 0 0 -17000 0 0 0 141250 12 4
50.716 1 NAVIGATION 0 2 10801716. -3566302. 1.29394907546e+14 1.29395570246e+14 0 0
50.731 1 ATTITUDE -3.082031 -2.387207 -1.406982
50.737 1 DESIRED -0.74 0.1 5. 16. -45. 805. 2.
50.740 1 IMU_GYRO -0.012695 -0.015869 -0.015869
50.742 1 CALIBRATION -150. 0
50.831 1 ATTITUDE -3.081787 -2.389648 -1.411133
50.833 1 DL_VALUE 10 0.
50.931 1 ATTITUDE -3.080811 -2.39209 -1.415039
50.937 1 DESIRED -0.74 0.1 5. 16. -45. 805. 2.
50.942 1 GPS 0 1130805120 0 0 -17000 0 0 0 141250 12 5
50.966 1 NAVIGATION 0 2 10801716. -3566302. 1.29394907546e+14 1.29395570246e+14 0 0
51.031 1 ATTITUDE -3.079834 -2.394287 -1.418945
51.033 1 ESTIMATOR -17.000002 3e-06
51.035 1 STATE_FILTER_STATUS 3 0
51.131 1 ATTITUDE -3.080078 -2.396484 -1.422607
51.137 1 DESIRED -0.74 0.1 5. 16. -45. 805. 2.
51.140 1 WP_MOVED 4 506374.40625 3566337.75 805. 12
51.145 1 NAVIGATION 0 2 10801716. -3566302. 1.29394907546e+14 1.29395570246e+14 0 0
51.183 1 GPS 0 1130805120 0 0 -17000 0 0 0 141500 12 6
51.216 1 NAVIGATION 0 2 10801716. -3566302. 1.29394907546e+14 1.29395570246e+14 0 0
51.218 1 FBW_STATUS 2 0 1 0 0
51.231 1 ATTITUDE -3.079102 -2.398682 -1.427002
51.331 1 ATTITUDE -3.079102 -2.400635 -1.429932
51.337 1 WIND_INFO 1 42 0. 0. 0.
51.339 1 DESIRED -0.74 0.1 5. 16. -45. 805. 2.
51.339 1 IMU_GYRO -0.012695 -0.016846 -0.014893
51.343 1 BAT 0 0 0 0 1 142 142 0
51.431 1 ATTITUDE -3.078613 -2.403076 -1.43335
51.437 1 GPS 0 1130805120 0 0 -17000 0 0 0 141750 12 7
51.440 1 IMU_ACCEL 8.65625 0.042969 4.103516
51.443 1 IMU_MAG -2.262695 -1.423828 1.234375
51.466 1 NAVIGATION 0 2 10801716. -3566302. 1.29394907546e+14 1.29395570246e+14 0 0
51.531 1 ATTITUDE -3.078125 -2.405518 -1.436279
51.537 1 DESIRED -0.74 0.1 5. 16. -45. 805. 2.
51.539 1 ESTIMATOR -17.000002 4e-06
51.630 1 ATTITUDE -3.076904 -2.408203 -1.439941
51.634 1 WP_MOVED 5 506402.3125 3566363.25 820. 12
51.665 1 DOWNLINK_STATUS 34 27967 1254 0 817. 37. 5.76
51.683 1 GPS 0 1130805120 0 0 -17000 0 0 0 142250 12 8
51.716 1 NAVIGATION 0 2 10801716. -3566302. 1.29394907546e+14 1.29395570246e+14 0 0
51.731 1 ATTITUDE -3.076416 -2.409912 -1.442627
51.737 1 DESIRED -0.74 0.1 5. 16. -45. 805. 2.
51.830 1 ATTITUDE -3.075928 -2.412598 -1.44458
51.931 1 ATTITUDE -3.075684 -2.413574 -1.44751
51.937 1 DESIRED -0.74 0.1 5. 16. -45. 805. 2.
51.942 1 GPS 0 1130805120 0 0 -17000 0 0 0 142250 12 9
51.946 1 IMU_GYRO -0.012695 -0.015869 -0.015869
51.949 1 GPS_SOL 795790016 100385 9999 0
51.966 1 NAVIGATION 0 2 10801716. -3566302. 1.29394907546e+14 1.29395570246e+14 0 0
52.031 1 ATTITUDE -3.075439 -2.414795 -1.449463
52.033 1 ESTIMATOR -17. 4e-06
52.131 1 ATTITUDE -3.075195 -2.41626 -1.452148
52.137 1 DESIRED -0.74 0.1 5. 16. -45. 805. 2.
52.140 1 WP_MOVED 6 506374.40625 3566337.75 820. 12
52.145 1 NAVIGATION 0 2 10801716. -3566302. 1.29394907546e+14 1.29395570246e+14 0 0
52.183 1 GPS 0 1130805120 0 0 -17000 0 0 0 142500 12 10
52.216 1 NAVIGATION 0 2 10801716. -3566302. 1.29394907546e+14 1.29395570246e+14 0 0
52.231 1 ATTITUDE -3.077637 -2.413574 -1.449463
52.234 1 IMU_ACCEL 8.652344 0.023438 4.254883
52.331 1 ATTITUDE -3.078369 -2.414307 -1.452148
52.337 1 DESIRED -0.74 0.1 5. 16. -45. 805. 2.
52.338 1 DL_VALUE 11 1.
52.431 1 ATTITUDE -3.077881 -2.415771 -1.453613
52.437 1 GPS 0 1130805120 0 0 -17000 0 0 0 143000 12 11
52.440 1 BAT 0 0 0 0 1 143 143 0
52.471 1 NAVIGATION 0 2 10801716. -3566302. 1.29394907546e+14 1.29395570246e+14 0 0
52.531 1 ATTITUDE -3.078369 -2.416016 -1.456299
52.537 1 DESIRED -0.74 0.1 5. 16. -45. 805. 2.
52.539 1 ESTIMATOR -16.999998 3e-06
52.542 1 IMU_GYRO -0.012695 -0.015869 -0.015869
52.631 1 ATTITUDE -3.07666 -2.417725 -1.45752
52.634 1 WP_MOVED 7 506350.5 3566270.75 805. 12
52.665 1 DOWNLINK_STATUS 35 28749 1288 0 782. 34. 5.76
52.683 1 GPS 0 1130805120 0 0 -17000 0 0 0 143250 12 12
52.716 1 NAVIGATION 0 2 10801716. -3566302. 1.29394907546e+14 1.29395570246e+14 0 0
52.731 1 ATTITUDE -3.076416 -2.418701 -1.458984
52.737 1 DESIRED -0.74 0.1 5. 16. -45. 805. 2.
52.740 1 IMU_MAG -2.257812 -1.423828 1.251465
52.831 1 ATTITUDE -3.075928 -2.419189 -1.460693
52.832 1 CALIBRATION -150. 0
52.835 1 ENERGY 0. 0. 0 0.
52.931 1 ATTITUDE -3.075928 -2.419922 -1.463623
52.937 1 DESIRED -0.74 0.1 5. 16. -45. 805. 2.
52.942 1 GPS 0 1130805120 0 0 -17000 0 0 0 143250 12 13
52.966 1 NAVIGATION 0 2 10801716. -3566302. 1.29394907546e+14 1.29395570246e+14 0 0
53.031 1 ATTITUDE -3.074951 -2.422119 -1.464111
53.033 1 ESTIMATOR -16.999998 3e-06
53.036 1 IMU_ACCEL 8.685547 -0.003906 4.174805
53.131 1 ATTITUDE -3.075928 -2.421387 -1.465332
53.137 1 DESIRED -0.74 0.1 5. 16. -45. 805. 2.
53.140 1 WP_MOVED 8 506254.8125 3566257.5 815. 12
53.143 1 IMU_GYRO -0.012695 -0.014893 -0.015869
53.148 1 NAVIGATION 0 2 10801716. -3566302. 1.29394907546e+14 1.29395570246e+14 0 0
53.149 1 PONG 
53.183 1 GPS 0 1130805120 0 0 -17000 0 0 0 143500 12 14
53.213 1 FBW_STATUS 2 0 1 0 0
53.218 1 NAVIGATION 0 2 10801716. -3566302. 1.29394907546e+14 1.29395570246e+14 0 0
53.231 1 ATTITUDE -3.074951 -2.422852 -1.466309
53.232 1 STATE_FILTER_STATUS 3 0
53.331 1 ATTITUDE -3.075195 -2.424072 -1.468262
53.337 1 DESIRED -0.74 0.1 5. 16. -45. 805. 2.
53.431 1 ATTITUDE -3.075684 -2.425293 -1.469482
53.436 1 GPS 0 1130805120 0 0 -17000 0 0 0 144000 12 15
53.466 1 NAVIGATION 0 2 10801716. -3566302. 1.29394907546e+14 1.29395570246e+14 0 0
53.531 1 ATTITUDE -3.075439 -2.42627 -1.470703
53.537 1 DESIRED -0.74 0.1 5. 16. -45. 805. 2.
53.539 1 ESTIMATOR -16.999998 2e-06
53.543 1 BAT 0 0 0 0 1 144 144 0
53.543 1 DOWNLINK 14 821 5294
53.631 1 ATTITUDE -3.073975 -2.42749 -1.471924
53.634 1 WP_MOVED 9 506213.8125 3566287.5 815. 12
53.666 1 DOWNLINK_STATUS 36 29574 1326 0 825. 38. 8.81
53.683 1 GPS 0 1130805120 0 0 -17000 0 0 0 144250 12 16
53.716 1 NAVIGATION 0 2 10801716. -3566302. 1.29394907546e+14 1.29395570246e+14 0 0
53.731 1 ATTITUDE -3.073975 -2.428711 -1.473145
53.737 1 DESIRED -0.74 0.1 5. 16. -45. 805. 2.
53.740 1 IMU_GYRO -0.012695 -0.015869 -0.015869
53.831 1 ATTITUDE -3.07373 -2.428955 -1.474365
53.834 1 IMU_ACCEL 8.69043 0.018555 4.12207
53.836 1 DL_VALUE 0 0.
53.931 1 ATTITUDE -3.073242 -2.430176 -1.474854
53.937 1 DESIRED -0.74 0.1 5. 16. -45. 805. 2.
53.942 1 GPS 0 1130805120 0 0 -17000 0 0 0 144250 12 1
53.945 1 GPS_SOL 795795200 100390 9999 0
53.966 1 NAVIGATION 0 2 10801716. -3566302. 1.29394907546e+14 1.29395570246e+14 0 0
54.031 1 ATTITUDE -3.07373 -2.430176 -1.475586
54.033 1 ESTIMATOR -16.999998 2e-06
54.036 1 IMU_MAG -2.262695 -1.423828 1.251465
54.131 1 ATTITUDE -3.07373 -2.429932 -1.476318
54.137 1 DESIRED -0.74 0.1 5. 16. -45. 805. 2.
54.140 1 WP_MOVED 0 506377. 3566344. 757. 12
54.145 1 NAVIGATION 0 2 10801716. -3566302. 1.29394907546e+14 1.29395570246e+14 0 0
54.183 1 GPS 0 1130805120 0 0 -17000 0 0 0 144500 12 2
54.216 1 NAVIGATION 0 2 10801716. -3566302. 1.29394907546e+14 1.29395570246e+14 0 0
54.231 1 ATTITUDE -3.072998 -2.430664 -1.477539
54.315 1 COMMANDS 0,-9600,-8676,0
54.331 1 ATTITUDE -3.072998 -2.430908 -1.47876
54.337 1 DESIRED -0.74 0.1 5. 16. -45. 805. 2.
54.340 1 IMU_GYRO -0.012695 -0.015869 -0.015869
54.413 1 ACTUATORS 1000,1636,1000,1500
54.437 1 ATTITUDE -3.07251 -2.431641 -1.479492
54.438 1 GPS 0 1130805120 0 0 -17000 0 0 0 145000 12 3
54.465 1 NAVIGATION 0 2 10801716. -3566302. 1.29394907546e+14 1.29395570246e+14 0 0
54.531 1 ATTITUDE -3.072021 -2.432129 -1.480225
54.537 1 DESIRED -0.74 0.1 5. 16. -45. 805. 2.
54.539 1 ESTIMATOR -16.999998 1e-06
54.631 1 ATTITUDE -3.072998 -2.431641 -1.480225
54.634 1 WP_MOVED 1 506335. 3566302. 765. 12
54.637 1 IMU_ACCEL 8.670898 0.042969 4.126953
54.641 1 BAT 0 0 0 0 1 145 145 0
54.667 1 DOWNLINK_STATUS 37 30422 1364 0 848. 38. 8.81
54.683 1 GPS 0 1130805120 0 0 -17000 0 0 0 145250 12 4
54.715 1 NAVIGATION 0 2 10801716. -3566302. 1.29394907546e+14 1.29395570246e+14 0 0
54.731 1 ATTITUDE -3.072998 -2.431152 -1.480957
54.736 1 DESIRED -0.74 0.1 5. 16. -45. 805. 2.
54.831 1 ATTITUDE -3.073242 -2.432129 -1.481689
54.833 1 NAVIGATION_REF 506335 3566302 12
54.931 1 ATTITUDE -3.072754 -2.431885 -1.481689
54.937 1 DESIRED -0.74 0.1 5. 16. -45. 805. 2.
54.942 1 GPS 0 1130805120 0 0 -17000 0 0 0 145250 12 5
54.945 1 IMU_GYRO -0.014893 -0.016846 -0.015869
54.947 1 CALIBRATION -150. 0
54.965 1 NAVIGATION 0 2 10801716. -3566302. 1.29394907546e+14 1.29395570246e+14 0 0
55.031 1 ATTITUDE -3.072021 -2.432617 -1.482178
55.033 1 ESTIMATOR -16.999998 0.
55.131 1 ATTITUDE -3.070801 -2.435303 -1.484375
55.137 1 DESIRED -0.74 0.1 5. 16. -45. 805. 2.
55.140 1 WP_MOVED 2 506254.8125 3566257.5 815. 12
55.145 1 NAVIGATION 0 2 10801716. -3566302. 1.29394907546e+14 1.29395570246e+14 0 0
55.183 1 GPS 0 1130805120 0 0 -17000 0 0 0 145500 12 6
55.215 1 NAVIGATION 0 2 10801716. -3566302. 1.29394907546e+14 1.29395570246e+14 0 0
55.218 1 FBW_STATUS 2 0 1 0 0
55.231 1 ATTITUDE -3.071045 -2.433594 -1.484375
55.332 1 ATTITUDE -3.071289 -2.434814 -1.485107
55.337 1 DESIRED -0.74 0.1 5. 16. -45. 805. 2.
55.339 1 IMU_MAG -2.257812 -1.423828 1.251465
55.341 1 DL_VALUE 1 0.
55.346 1 ENERGY 0. 0. 0 0.
55.431 1 ATTITUDE -3.070801 -2.436279 -1.48584
55.436 1 GPS 0 1130805120 0 0 -17000 0 0 0 146000 12 7
55.439 1 IMU_ACCEL 8.652344 -0.008789 4.083984
55.441 1 STATE_FILTER_STATUS 3 0
55.445 1 ALIVE 174,222,138,243,180,132,213,161,20,137,147,153,212,68,69,225
55.465 1 NAVIGATION 0 2 10801716. -3566302. 1.29394907546e+14 1.29395570246e+14 0 0
55.531 1 ATTITUDE -3.072021 -2.434082 -1.48584
55.536 1 DESIRED -0.74 0.1 5. 16. -45. 805. 2.
55.539 1 ESTIMATOR -16.999998 -0.
55.542 1 IMU_GYRO -0.014893 -0.018066 -0.015869
55.544 1 PPRZ_MODE 2 3 3 0 0 6
55.631 1 ATTITUDE -3.072266 -2.435059 -1.487305
55.634 1 WP_MOVED 3 506350.5 3566257. 805. 12
55.668 1 DOWNLINK_STATUS 38 31289 1404 0 867. 40. 8.81
55.683 1 GPS 0 1130805120 0 0 -17000 0 0 0 146000 12 8
55.715 1 NAVIGATION 0 2 10801716. -3566302. 1.29394907546e+14 1.29395570246e+14 0 0
55.731 1 ATTITUDE -3.071289 -2.435547 -1.486572
55.744 1 DESIRED -0.74 0.1 5. 16. -45. 805. 2.
55.744 1 BAT 0 0 0 0 1 146 146 0
55.831 1 ATTITUDE -3.070801 -2.437012 -1.488037
55.931 1 ATTITUDE -3.072021 -2.435303 -1.487305
55.936 1 DESIRED -0.74 0.1 5. 16. -45. 805. 2.
55.942 1 GPS 0 1130805120 0 0 -17000 0 0 0 146250 12 9
55.945 1 GPS_SOL 795800448 100396 9999 0
55.965 1 NAVIGATION 0 2 10801716. -3566302. 1.29394907546e+14 1.29395570246e+14 0 0
56.031 1 ATTITUDE -3.071777 -2.435791 -1.487305
56.033 1 ESTIMATOR -16.999998 -1e-06
56.131 1 ATTITUDE -3.070801 -2.436768 -1.487305
56.136 1 DESIRED -0.74 0.1 5. 16. -45. 805. 2.
56.140 1 WP_MOVED 4 506374.40625 3566337.75 805. 12
56.143 1 IMU_GYRO -0.012695 -0.018066 -0.015869
56.148 1 NAVIGATION 0 2 10801716. -3566302. 1.29394907546e+14 1.29395570246e+14 0 0
56.183 1 GPS 0 1130805120 0 0 -17000 0 0 0 146500 12 10
56.215 1 NAVIGATION 0 2 10801716. -3566302. 1.29394907546e+14 1.29395570246e+14 0 0
56.231 1 ATTITUDE -3.071533 -2.436279 -1.488037
56.234 1 IMU_ACCEL 8.666016 0.033203 4.131836
56.331 1 ATTITUDE -3.072021 -2.436279 -1.488037
56.336 1 DESIRED -0.74 0.1 5. 16. -45. 805. 2.
56.431 1 ATTITUDE -3.071045 -2.436279 -1.48877
56.436 1 GPS 0 1130805120 0 0 -17000 0 0 0 146750 12 11
56.465 1 NAVIGATION 0 2 10801716. -3566302. 1.29394907546e+14 1.29395570246e+14 0 0
56.531 1 ATTITUDE -3.072266 -2.435547 -1.48877
56.536 1 DESIRED -0.74 0.1 5. 16. -45. 805. 2.
56.539 1 ESTIMATOR -16.999998 -1e-06
56.629 1 ATTITUDE -3.072998 -2.435547 -1.489502
56.633 1 WP_MOVED 5 506402.3125 3566363.25 820. 12
56.636 1 IMU_MAG -2.260254 -1.415039 1.242676
56.669 1 DOWNLINK_STATUS 39 32060 1437 0 771. 33. 8.81
56.683 1 GPS 0 1130805120 0 0 -17000 0 0 0 147000 12 12
56.715 1 NAVIGATION 0 2 10801716. -3566302. 1.29394907546e+14 1.29395570246e+14 0 0
56.730 1 ATTITUDE -3.072021 -2.435791 -1.489502
56.736 1 DESIRED -0.74 0.1 5. 16. -45. 805. 2.
56.740 1 IMU_GYRO -0.010498 -0.022217 -0.012695
56.831 1 ATTITUDE -3.074463 -2.432617 -1.488037
56.833 1 BAT 0 0 0 0 1 147 147 0
56.836 1 DL_VALUE 2 805.
56.931 1 ATTITUDE -3.074463 -2.43335 -1.48877
56.936 1 DESIRED -0.74 0.1 5. 16. -45. 805. 2.
56.942 1 GPS 0 1130805120 0 0 -17000 0 0 0 147250 12 13
56.965 1 NAVIGATION 0 2 10801716. -3566302. 1.29394907546e+14 1.29395570246e+14 0 0
57.032 1 ATTITUDE -3.074219 -2.433838 -1.48877
57.033 1 ESTIMATOR -16.999998 -2e-06
57.035 1 IMU_ACCEL 8.675781 0.008789 4.117188
57.037 1 CALIBRATION -150. 0
57.130 1 ATTITUDE -3.074951 -2.433105 -1.48877
57.136 1 DESIRED -0.74 0.1 5. 16. -45. 805. 2.
57.140 1 WP_MOVED 6 506374.40625 3566337.75 820. 12
57.144 1 NAVIGATION 0 2 10801716. -3566302. 1.29394907546e+14 1.29395570246e+14 0 0
57.183 1 GPS 0 1130805120 0 0 -17000 0 0 0 147500 12 14
57.213 1 FBW_STATUS 2 0 1 0 0
57.218 1 NAVIGATION 0 2 10801716. -3566302. 1.29394907546e+14 1.29395570246e+14 0 0
57.231 1 ATTITUDE -3.074707 -2.433594 -1.48877
57.330 1 ATTITUDE -3.076172 -2.431641 -1.489502
57.336 1 DESIRED -0.74 0.1 5. 16. -45. 805. 2.
57.339 1 IMU_GYRO -0.012695 -0.015869 -0.015869
57.430 1 ATTITUDE -3.075195 -2.433105 -1.489502
57.436 1 GPS 0 1130805120 0 0 -17000 0 0 0 147750 12 15
57.465 1 NAVIGATION 0 2 10801716. -3566302. 1.29394907546e+14 1.29395570246e+14 0 0
57.530 1 ATTITUDE -3.075195 -2.432617 -1.489502
57.536 1 DESIRED -0.74 0.1 5. 16. -45. 805. 2.
57.539 1 ESTIMATOR -16.999998 -2e-06
57.630 1 ATTITUDE -3.075195 -2.433594 -1.489502
57.634 1 WP_MOVED 7 506350.5 3566270.75 805. 12
57.635 1 STATE_FILTER_STATUS 3 0
57.669 1 DOWNLINK_STATUS 40 32859 1473 0 799. 36. 8.81
57.683 1 GPS 0 1130805120 0 0 -17000 0 0 0 148250 12 16
57.715 1 NAVIGATION 0 2 10801716. -3566302. 1.29394907546e+14 1.29395570246e+14 0 0
57.730 1 ATTITUDE -3.075928 -2.433105 -1.489502
57.736 1 DESIRED -0.74 0.1 5. 16. -45. 805. 2.
57.830 1 ATTITUDE -3.076416 -2.433105 -1.489502
57.834 1 IMU_ACCEL 8.695312 0.018555 4.155273
57.837 1 ENERGY 0. 0. 0 0.
57.930 1 ATTITUDE -3.076172 -2.433594 -1.490234
57.936 1 DESIRED -0.74 0.1 5. 16. -45. 805. 2.
57.942 1 GPS 0 1130805120 0 0 -17000 0 0 0 148250 12 1
57.945 1 IMU_GYRO -0.012695 -0.013672 -0.015869
57.949 1 BAT 0 0 0 0 1 148 148 0
57.965 1 NAVIGATION 0 2 10801716. -3566302. 1.29394907546e+14 1.29395570246e+14 0 0
58.030 1 ATTITUDE -3.075195 -2.433838 -1.490234
58.033 1 ESTIMATOR -16.999998 -3e-06
58.130 1 ATTITUDE -3.07666 -2.432861 -1.490234
58.136 1 DESIRED -0.74 0.1 5. 16. -45. 805. 2.
58.140 1 WP_MOVED 8 506254.8125 3566257.5 815. 12
58.144 1 NAVIGATION 0 2 10801716. -3566302. 1.29394907546e+14 1.29395570246e+14 0 0
58.145 1 PONG 
58.183 1 GPS 0 1130805120 0 0 -17000 0 0 0 148500 12 2
58.215 1 NAVIGATION 0 2 10801716. -3566302. 1.29394907546e+14 1.29395570246e+14 0 0
58.230 1 ATTITUDE -3.075928 -2.433594 -1.490234
58.330 1 ATTITUDE -3.076416 -2.433105 -1.490234
58.336 1 DESIRED -0.74 0.1 5. 16. -45. 805. 2.
58.337 1 DL_VALUE 3 0.
