8.097 1 GPS 0 0 0 0 0 0 0 0 0 0 1
8.130 1 NAVIGATION 0 1 0. 0. 8421.2 0. 0 0
8.145 1 ATTITUDE -3.008789 -2.664551 -0.186035
8.151 1 DESIRED -0.8 0.1 4.2 -80. -45. 815. 2.
8.154 1 IMU_GYRO -0.02124 -0.025391 -0.027588
8.245 1 ATTITUDE -3.008545 -2.664062 -0.186035
8.248 1 IMU_MAG -1.34668 -0.674316 2.848633
8.249 1 DL_VALUE 0 0.
8.345 1 ATTITUDE -3.00708 -2.664307 -0.185059
8.351 1 DESIRED -0.8 0.1 4.2 -80. -45. 815. 2.
8.355 1 GPS 0 0 0 0 0 0 0 0 0 0 1
8.359 1 BAT 0 0 0 0 1 126 126 0
8.363 1 GPS_SOL 0 0 0 0
8.380 1 NAVIGATION 0 1 0. 0. 8421.2 0. 0 0
8.445 1 ATTITUDE -3.009033 -2.665039 -0.1875
8.446 1 ESTIMATOR 0. 0.
8.448 1 CALIBRATION -150. 0
8.545 1 ATTITUDE -3.004883 -2.678223 -0.168457
8.551 1 DESIRED -0.8 0.1 4.2 -80. -45. 815. 2.
8.553 1 WP_MOVED 4 506374.40625 3566337.75 805. 12
8.558 1 NAVIGATION 0 1 0. 0. 8421.2 0. 0 0
8.597 1 GPS 0 0 0 0 0 0 0 0 0 0 1
8.630 1 NAVIGATION 0 1 0. 0. 8421.2 0. 0 0
8.644 1 ATTITUDE -3.000488 -2.688965 -0.138916
8.647 1 IMU_ACCEL 5.711914 1.233398 -8.121094
8.745 1 ATTITUDE -2.989502 -2.687744 -0.125
8.751 1 DESIRED -0.8 0.1 4.2 -80. -45. 815. 2.
8.754 1 IMU_GYRO -0.040283 -0.081787 0.065918
8.777 1 DOWNLINK_STATUS 1 873 40 0 873. 40. 0.
8.845 1 ATTITUDE -2.991211 -2.682373 -0.120605
8.850 1 GPS 0 0 0 0 0 0 0 0 0 0 1
8.880 1 NAVIGATION 0 1 0. 0. 8421.2 0. 0 0
8.946 1 ATTITUDE -2.990967 -2.676025 -0.115723
8.952 1 DESIRED -0.8 0.1 4.2 -80. -45. 815. 2.
8.953 1 ESTIMATOR 0. 0.
9.045 1 ATTITUDE -2.989502 -2.668457 -0.114258
9.049 1 WP_MOVED 5 506402.3125 3566363.25 820. 12
9.097 1 GPS 0 0 0 0 0 0 0 0 0 0 1
9.129 1 NAVIGATION 0 1 0. 0. 8421.2 0. 0 0
9.145 1 ATTITUDE -2.989258 -2.662598 -0.113037
9.151 1 DESIRED -0.8 0.1 4.2 -80. -45. 815. 2.
9.245 1 ATTITUDE -2.98999 -2.658936 -0.115723
9.246 1 NAVIGATION_REF 506335 3566302 12
9.345 1 ATTITUDE -2.989502 -2.657471 -0.11792
9.351 1 DESIRED -0.8 0.1 4.2 -80. -45. 815. 2.
9.356 1 GPS 0 0 0 0 0 0 0 0 0 0 1
9.359 1 IMU_GYRO -0.033936 -0.019043 -0.011475
9.381 1 NAVIGATION 0 1 0. 0. 8421.2 0. 0 0
9.445 1 ATTITUDE -2.988037 -2.655762 -0.116699
9.446 1 ESTIMATOR 0. 0.
9.450 1 IMU_ACCEL 5.504883 1.564453 -8.078125
9.453 1 BAT 0 0 0 0 1 127 127 0
9.545 1 ATTITUDE -2.989014 -2.655273 -0.11792
9.551 1 DESIRED -0.8 0.1 4.2 -80. -45. 815. 2.
9.554 1 WP_MOVED 6 506374.40625 3566337.75 820. 12
9.559 1 NAVIGATION 0 1 0. 0. 8421.2 0. 0 0
9.562 1 IMU_MAG -1.290527 -0.691406 2.871582
9.597 1 GPS 0 0 0 0 0 0 0 0 0 0 1
9.627 1 FBW_STATUS 2 0 1 0 0
9.632 1 NAVIGATION 0 1 0. 0. 8421.2 0. 0 0
9.645 1 ATTITUDE -2.989258 -2.655029 -0.118408
9.745 1 ATTITUDE -2.990234 -2.655518 -0.120605
9.751 1 DESIRED -0.8 0.1 4.2 -80. -45. 815. 2.
9.752 1 DL_VALUE 1 0.
9.778 1 DOWNLINK_STATUS 2 1667 75 0 794. 35. 0.
9.845 1 ATTITUDE -2.990723 -2.656006 -0.121826
9.850 1 GPS 0 0 0 0 0 0 0 0 0 0 1
9.880 1 NAVIGATION 0 1 0. 0. 8421.2 0. 0 0
9.945 1 ATTITUDE -2.990479 -2.656494 -0.122559
9.951 1 DESIRED -0.8 0.1 4.2 -80. -45. 815. 2.
9.953 1 ESTIMATOR 0. 0.
9.956 1 IMU_GYRO 0. 0.009521 -0.016846
10.045 1 ATTITUDE -2.990479 -2.656494 -0.122559
10.048 1 WP_MOVED 7 506350.5 3566270.75 805. 12
10.097 1 GPS 0 0 0 0 0 0 0 0 0 0 1
10.129 1 NAVIGATION 0 1 0. 0. 8421.2 0. 0 0
10.145 1 ATTITUDE -2.989502 -2.65625 -0.120361
10.152 1 DESIRED -0.8 0.1 4.2 -80. -45. 815. 2.
10.245 1 ATTITUDE -2.989258 -2.656494 -0.12085
10.248 1 IMU_ACCEL 5.586914 1.569336 -8.001953
10.249 1 STATE_FILTER_STATUS 3 0
10.253 1 ENERGY 0. 0. 0 0.
10.345 1 ATTITUDE -2.990479 -2.657471 -0.123047
10.350 1 DESIRED -0.8 0.1 4.2 -80. -45. 815. 2.
10.356 1 GPS 0 0 0 0 0 0 0 0 0 0 1
10.359 1 GPS_SOL 0 0 0 0
10.379 1 NAVIGATION 0 1 0. 0. 8421.2 0. 0 0
10.445 1 ATTITUDE -2.990234 -2.657227 -0.12207
10.447 1 ESTIMATOR 0. 0.
10.545 1 ATTITUDE -2.989258 -2.656494 -0.120361
10.550 1 DESIRED -0.8 0.1 4.2 -80. -45. 815. 2.
10.554 1 WP_MOVED 8 506254.8125 3566257.5 815. 12
10.557 1 IMU_GYRO 0.001953 -0.013672 -0.003174
10.562 1 NAVIGATION 0 1 0. 0. 8421.2 0. 0 0
10.564 1 CALIBRATION -150. 0
10.597 1 GPS 0 0 0 0 0 0 0 0 0 0 1
10.629 1 NAVIGATION 0 1 0. 0. 8421.2 0. 0 0
10.645 1 ATTITUDE -2.989502 -2.656494 -0.12085
10.646 1 DOWNLINK 13 824 4732
10.745 1 ATTITUDE -2.989746 -2.656006 -0.121582
10.750 1 DESIRED -0.8 0.1 4.2 -80. -45. 815. 2.
10.778 1 DOWNLINK_STATUS 3 2469 111 0 802. 36. 0.
10.845 1 ATTITUDE -2.987549 -2.655518 -0.12085
10.850 1 GPS 0 0 0 0 0 0 0 0 0 0 1
10.853 1 IMU_MAG -1.288086 -0.700195 2.871582
10.879 1 NAVIGATION 0 1 0. 0. 8421.2 0. 0 0
10.945 1 ATTITUDE -2.986816 -2.655029 -0.119873
10.950 1 DESIRED -0.8 0.1 4.2 -80. -45. 815. 2.
10.953 1 ESTIMATOR 0. 0.
11.045 1 ATTITUDE -2.986816 -2.656006 -0.120117
11.048 1 WP_MOVED 9 506213.8125 3566287.5 815. 12
11.051 1 IMU_ACCEL 5.572266 1.49707 -8.05957
11.100 1 GPS 0 0 0 0 0 0 0 0 0 0 1
11.129 1 NAVIGATION 0 1 0. 0. 8421.2 0. 0 0
11.146 1 ATTITUDE -2.986572 -2.654785 -0.118652
11.150 1 DESIRED -0.8 0.1 4.2 -80. -45. 815. 2.
11.154 1 IMU_GYRO -0.044678 -0.067871 -0.039307
11.245 1 ATTITUDE -2.984863 -2.655029 -0.116699
11.246 1 DL_VALUE 2 815.
11.344 1 ATTITUDE -2.984619 -2.654785 -0.115723
11.350 1 DESIRED -0.8 0.1 4.2 -80. -45. 815. 2.
11.356 1 GPS 0 0 0 0 0 0 0 0 0 0 1
11.379 1 NAVIGATION 0 1 0. 0. 8421.2 0. 0 0
11.445 1 ATTITUDE -2.983643 -2.654297 -0.112549
11.446 1 ESTIMATOR 0. 0.
11.545 1 ATTITUDE -2.983398 -2.654297 -0.112305
11.550 1 DESIRED -0.8 0.1 4.2 -80. -45. 815. 2.
11.554 1 WP_MOVED 0 506377. 3566344. 757. 12
11.558 1 NAVIGATION 0 1 0. 0. 8421.2 0. 0 0
11.597 1 GPS 0 0 0 0 0 0 0 0 0 0 1
11.627 1 FBW_STATUS 2 0 1 0 0
11.632 1 NAVIGATION 0 1 0. 0. 8421.2 0. 0 0
11.645 1 ATTITUDE -2.983398 -2.654541 -0.111816
11.648 1 BAT 0 0 0 0 1 130 130 0
11.727 1 COMMANDS 0,-9600,-1164,0
11.744 1 ATTITUDE -2.983398 -2.655518 -0.111816
11.750 1 DESIRED -0.8 0.1 4.2 -80. -45. 815. 2.
11.754 1 IMU_GYRO -0.012695 -0.02124 -0.02124
11.779 1 DOWNLINK_STATUS 4 3281 147 0 812. 36. 0.
11.827 1 ACTUATORS 1000,1324,1227,1500
11.844 1 ATTITUDE -2.983154 -2.656738 -0.111572
11.850 1 GPS 0 0 0 0 0 0 0 0 0 0 1
11.853 1 IMU_ACCEL 5.461914 1.655273 -8.040039
11.879 1 NAVIGATION 0 1 0. 0. 8421.2 0. 0 0
11.944 1 ATTITUDE -2.983154 -2.657959 -0.112061
11.950 1 DESIRED -0.8 0.1 4.2 -80. -45. 815. 2.
11.953 1 ESTIMATOR 0. 0.
12.044 1 ATTITUDE -2.983398 -2.658691 -0.111816
12.048 1 WP_MOVED 1 506335. 3566302. 765. 12
12.097 1 GPS 0 0 0 0 0 0 0 0 0 0 1
12.129 1 NAVIGATION 0 1 0. 0. 8421.2 0. 0 0
12.144 1 ATTITUDE -2.983398 -2.659424 -0.111816
12.150 1 DESIRED -0.8 0.1 4.2 -80. -45. 815. 2.
12.153 1 IMU_MAG -1.288086 -0.688477 2.88623
12.244 1 ATTITUDE -2.983398 -2.660156 -0.111328
12.288 1 SETTING 1 8 1.
12.293 1 DL_VALUE 8 1.
12.344 1 ATTITUDE -2.983154 -2.660645 -0.111328
12.350 1 DESIRED -0.8 0.1 4.2 -80. -45. 815. 2.
12.356 1 GPS 0 0 0 0 0 0 0 0 0 0 1
12.359 1 IMU_GYRO -0.010498 -0.02002 -0.024414
12.362 1 GPS_SOL 0 0 0 0
12.377 1 PPRZ_MODE 4 3 3 0 0 6
12.381 1 NAVIGATION 0 1 0. 0. 8421.2 0. 0 0
12.444 1 ATTITUDE -2.983154 -2.661377 -0.111084
12.447 1 ESTIMATOR 0. 0.
12.448 1 STATE_FILTER_STATUS 3 0
12.544 1 ATTITUDE -2.98291 -2.661865 -0.110596
12.550 1 DESIRED 0.3 0.5 4.2 -80. -45. 815. 2.
12.554 1 WP_MOVED 2 506254.8125 3566257.5 815. 12
12.558 1 NAVIGATION 0 1 0. 0. 8421.2 0. 0 0
12.597 1 GPS 0 0 0 0 0 0 0 0 0 0 1
12.629 1 NAVIGATION 0 1 0. 0. 8421.2 0. 0 0
12.644 1 ATTITUDE -2.982666 -2.662109 -0.110596
12.648 1 IMU_ACCEL 5.481445 1.617188 -8.049805
12.649 1 CALIBRATION -150. 0
12.744 1 ATTITUDE -2.982666 -2.662354 -0.110596
12.750 1 DESIRED 0.3 0.5 4.2 -80. -45. 815. 2.
12.755 1 BAT 0 0 0 0 1 131 131 0
12.756 1 DL_VALUE 3 0.
12.759 1 ENERGY 0. 0. 0 0.
12.780 1 DOWNLINK_STATUS 5 4159 188 0 878. 41. 0.
12.844 1 ATTITUDE -2.982422 -2.662109 -0.110596
12.850 1 GPS 0 0 0 0 0 0 0 0 0 0 1
12.854 1 ALIVE 174,222,138,243,180,132,213,161,20,137,147,153,212,68,69,225
12.879 1 NAVIGATION 0 1 0. 0. 8421.2 0. 0 0
12.944 1 ATTITUDE -2.982422 -2.662109 -0.110107
12.950 1 DESIRED 0.3 0.5 4.2 -80. -45. 815. 2.
12.953 1 ESTIMATOR 0. 0.
12.956 1 IMU_GYRO -0.006348 -0.008301 -0.010498
12.958 1 PPRZ_MODE 4 1 2 0 0 6
13.044 1 ATTITUDE -2.982422 -2.662354 -0.110107
13.048 1 WP_MOVED 3 506350.5 3566257. 805. 12
13.097 1 GPS 0 0 0 0 0 0 0 0 0 0 1
13.129 1 NAVIGATION 0 1 0. 0. 8421.2 0. 0 0
13.144 1 ATTITUDE -2.982422 -2.662354 -0.110596
13.150 1 DESIRED 0.3 0.5 4.2 -80. -45. 815. 2.
13.244 1 ATTITUDE -2.982422 -2.662354 -0.110107
13.279 1 PONG 
13.344 1 ATTITUDE -2.982422 -2.662354 -0.110107
13.350 1 DESIRED 0.3 0.5 4.2 -80. -45. 815. 2.
13.356 1 GPS 0 0 0 0 0 0 0 0 0 0 1
13.379 1 NAVIGATION 0 1 0. 0. 8421.2 0. 0 0
13.444 1 ATTITUDE -2.982422 -2.662109 -0.109863
13.447 1 ESTIMATOR 0. 0.
13.450 1 IMU_ACCEL 5.495117 1.645508 -8.049805
13.453 1 IMU_MAG -1.283203 -0.703125 2.880371
13.544 1 ATTITUDE -2.982422 -2.661865 -0.110107
13.550 1 DESIRED 0.3 0.5 4.2 -80. -45. 815. 2.
13.554 1 WP_MOVED 4 506374.40625 3566337.75 805. 12
13.557 1 IMU_GYRO -0.010498 -0.025391 -0.018066
13.561 1 NAVIGATION 0 1 0. 0. 8421.2 0. 0 0
13.597 1 GPS 0 0 0 0 0 0 0 0 0 0 1
13.627 1 FBW_STATUS 2 0 1 0 0
13.632 1 NAVIGATION 0 1 0. 0. 8421.2 0. 0 0
13.644 1 ATTITUDE -2.982422 -2.661621 -0.109863
13.744 1 ATTITUDE -2.982422 -2.661865 -0.109863
13.750 1 DESIRED 0.3 0.5 4.2 -80. -45. 815. 2.
13.781 1 DOWNLINK_STATUS 6 4966 224 0 807. 36. 2.62
13.844 1 ATTITUDE -2.982178 -2.662598 -0.109863
13.850 1 GPS 0 0 0 0 0 0 0 0 0 0 1
13.854 1 BAT 0 0 0 0 1 132 132 0
13.879 1 NAVIGATION 0 1 0. 0. 8421.2 0. 0 0
13.944 1 ATTITUDE -2.982178 -2.663086 -0.109863
13.950 1 DESIRED 0.3 0.5 4.2 -80. -45. 815. 2.
13.953 1 ESTIMATOR 0. 0.
14.044 1 ATTITUDE -2.982422 -2.663574 -0.109619
14.048 1 WP_MOVED 5 506402.3125 3566363.25 820. 12
14.097 1 GPS 0 0 0 0 0 0 0 0 0 0 1
14.129 1 NAVIGATION 0 1 0. 0. 8421.2 0. 0 0
14.144 1 ATTITUDE -2.982178 -2.663574 -0.109375
14.150 1 DESIRED 0.3 0.5 4.2 -80. -45. 815. 2.
14.153 1 IMU_GYRO -0.010498 -0.028564 -0.016846
14.244 1 ATTITUDE -2.982422 -2.663818 -0.109131
14.247 1 IMU_ACCEL 5.495117 1.631836 -8.140625
14.249 1 DL_VALUE 4 0.
14.344 1 ATTITUDE -2.982422 -2.664062 -0.109131
14.350 1 DESIRED 0.3 0.5 4.2 -80. -45. 815. 2.
14.356 1 GPS 0 0 0 0 0 0 0 0 0 0 1
14.359 1 GPS_SOL 0 0 0 0
14.379 1 NAVIGATION 0 1 0. 0. 8421.2 0. 0 0
14.444 1 ATTITUDE -2.982422 -2.664551 -0.108887
14.447 1 ESTIMATOR 0. 0.
14.544 1 ATTITUDE -2.982178 -2.664551 -0.109131
14.550 1 DESIRED 0.3 0.5 4.2 -80. -45. 815. 2.
14.554 1 WP_MOVED 6 506374.40625 3566337.75 820. 12
14.558 1 NAVIGATION 0 1 0. 0. 8421.2 0. 0 0
14.597 1 GPS 0 0 0 0 0 0 0 0 0 0 1
14.629 1 NAVIGATION 0 1 0. 0. 8421.2 0. 0 0
14.644 1 ATTITUDE -2.982422 -2.664795 -0.108887
14.646 1 STATE_FILTER_STATUS 3 0
14.744 1 ATTITUDE -2.982178 -2.664795 -0.108398
14.750 1 DESIRED 0.3 0.5 4.2 -80. -45. 815. 2.
14.753 1 IMU_GYRO -0.010498 -0.009521 -0.019043
14.756 1 IMU_MAG -1.288086 -0.706055 2.877441
14.758 1 CALIBRATION -150. 0
14.782 1 DOWNLINK_STATUS 7 5786 261 0 820. 37. 2.62
14.844 1 ATTITUDE -2.982178 -2.664307 -0.108887
14.850 1 GPS 0 0 0 0 0 0 0 0 0 0 1
14.879 1 NAVIGATION 0 1 0. 0. 8421.2 0. 0 0
14.944 1 ATTITUDE -2.982422 -2.664307 -0.108643
14.950 1 DESIRED 0.3 0.5 4.2 -80. -45. 815. 2.
14.953 1 ESTIMATOR 0. 0.
14.956 1 BAT 0 0 0 0 1 133 133 0
15.044 1 ATTITUDE -2.982178 -2.663818 -0.108398
15.048 1 WP_MOVED 7 506350.5 3566270.75 805. 12
15.051 1 IMU_ACCEL 5.495117 1.612305 -8.154297
15.098 1 GPS 0 0 0 0 0 0 0 0 0 0 1
15.129 1 NAVIGATION 0 1 0. 0. 8421.2 0. 0 0
15.144 1 ATTITUDE -2.982178 -2.66333 -0.108398
15.150 1 DESIRED 0.3 0.5 4.2 -80. -45. 815. 2.
15.244 1 ATTITUDE -2.982178 -2.663574 -0.108154
15.249 1 ENERGY 0. 0. 0 0.
15.344 1 ATTITUDE -2.981934 -2.663574 -0.108154
15.350 1 DESIRED 0.3 0.5 4.2 -80. -45. 815. 2.
15.356 1 GPS 0 0 0 0 0 0 0 0 0 0 1
15.359 1 IMU_GYRO -0.008301 -0.013672 -0.016846
15.379 1 NAVIGATION 0 1 0. 0. 8421.2 0. 0 0
15.444 1 ATTITUDE -2.981934 -2.663574 -0.108154
15.447 1 ESTIMATOR 0. 0.
15.544 1 ATTITUDE -2.981934 -2.663818 -0.10791
15.550 1 DESIRED 0.3 0.5 4.2 -80. -45. 815. 2.
15.556 1 WP_MOVED 8 506254.8125 3566257.5 815. 12
15.558 1 NAVIGATION 0 1 0. 0. 8421.2 0. 0 0
15.597 1 GPS 0 0 0 0 0 0 0 0 0 0 1
15.629 1 NAVIGATION 0 1 0. 0. 8421.2 0. 0 0
15.631 1 FBW_STATUS 2 0 1 0 0
15.644 1 ATTITUDE -2.981934 -2.66333 -0.108154
15.744 1 ATTITUDE -2.981689 -2.663574 -0.10791
15.750 1 DESIRED 0.3 0.5 4.2 -80. -45. 815. 2.
15.752 1 DL_VALUE 5 0.
15.754 1 DOWNLINK 13 815 4919
15.783 1 DOWNLINK_STATUS 8 6578 296 0 792. 35. 2.62
15.844 1 ATTITUDE -2.981934 -2.664062 -0.10791
15.850 1 GPS 0 0 0 0 0 0 0 0 0 0 1
15.853 1 IMU_ACCEL 5.509766 1.631836 -8.087891
15.879 1 NAVIGATION 0 1 0. 0. 8421.2 0. 0 0
15.944 1 ATTITUDE -2.981934 -2.664307 -0.107666
15.950 1 DESIRED 0.3 0.5 4.2 -80. -45. 815. 2.
15.953 1 ESTIMATOR 0. 0.
15.956 1 IMU_GYRO -0.010498 -0.022217 -0.014893
16.044 1 ATTITUDE -2.981934 -2.664551 -0.107666
16.048 1 WP_MOVED 9 506213.8125 3566287.5 815. 12
16.051 1 BAT 0 0 0 0 1 134 134 0
16.054 1 IMU_MAG -1.283203 -0.700195 2.88623
16.098 1 GPS 0 0 0 0 0 0 0 0 0 0 1
16.129 1 NAVIGATION 0 1 0. 0. 8421.2 0. 0 0
16.144 1 ATTITUDE -2.981689 -2.664551 -0.107422
16.150 1 DESIRED 0.3 0.5 4.2 -80. -45. 815. 2.
16.244 1 ATTITUDE -2.981689 -2.665039 -0.107422
16.344 1 ATTITUDE -2.981445 -2.665283 -0.107422
16.350 1 DESIRED 0.3 0.5 4.2 -80. -45. 815. 2.
16.356 1 GPS 0 0 0 0 0 0 0 0 0 0 1
16.359 1 GPS_SOL 0 0 0 0
16.378 1 NAVIGATION 0 1 0. 0. 8421.2 0. 0 0
16.444 1 ATTITUDE -2.981445 -2.665771 -0.107666
16.447 1 ESTIMATOR 0. 0.
16.544 1 ATTITUDE -2.981445 -2.66626 -0.107422
16.550 1 DESIRED 0.3 0.5 4.2 -80. -45. 815. 2.
16.554 1 WP_MOVED 0 506377. 3566344. 757. 12
16.557 1 IMU_GYRO -0.010498 -0.014893 -0.013672
16.561 1 NAVIGATION 0 1 0. 0. 8421.2 0. 0 0
16.597 1 GPS 0 0 0 0 0 0 0 0 0 0 1
16.629 1 NAVIGATION 0 1 0. 0. 8421.2 0. 0 0
16.644 1 ATTITUDE -2.981445 -2.666504 -0.107422
16.647 1 IMU_ACCEL 5.476562 1.626953 -8.036133
16.727 1 COMMANDS 0,-9600,-3339,0
16.744 1 ATTITUDE -2.981445 -2.666504 -0.107178
16.750 1 DESIRED 0.3 0.5 4.2 -80. -45. 815. 2.
16.783 1 DOWNLINK_STATUS 9 7400 332 0 822. 36. 2.62
16.827 1 ACTUATORS 1000,1415,1136,1500
16.844 1 ATTITUDE -2.981201 -2.666504 -0.106934
16.850 1 GPS 0 0 0 0 0 0 0 0 0 0 1
16.852 1 CALIBRATION -150. 0
16.853 1 STATE_FILTER_STATUS 3 0
16.879 1 NAVIGATION 0 1 0. 0. 8421.2 0. 0 0
16.944 1 ATTITUDE -2.981201 -2.666504 -0.106934
16.950 1 DESIRED 0.3 0.5 4.2 -80. -45. 815. 2.
16.952 1 ESTIMATOR 0. 0.
17.044 1 ATTITUDE -2.981201 -2.666016 -0.106934
17.048 1 WP_MOVED 1 506335. 3566302. 765. 12
17.097 1 GPS 0 0 0 0 0 0 0 0 0 0 1
17.129 1 NAVIGATION 0 1 0. 0. 8421.2 0. 0 0
17.144 1 ATTITUDE -2.981201 -2.665771 -0.106934
17.150 1 DESIRED 0.3 0.5 4.2 -80. -45. 815. 2.
17.153 1 IMU_GYRO -0.008301 -0.011475 -0.012695
17.157 1 BAT 0 0 0 0 1 135 135 0
17.244 1 ATTITUDE -2.981201 -2.666016 -0.107178
17.246 1 DL_VALUE 6 100.
17.363 1 ATTITUDE -2.981201 -2.665771 -0.106934
17.363 1 DESIRED 0.3 0.5 4.2 -80. -45. 815. 2.
17.364 1 GPS 0 0 0 0 0 0 0 0 0 0 1
17.364 1 IMU_MAG -1.283203 -0.700195 2.871582
17.379 1 NAVIGATION 0 1 0. 0. 8421.2 0. 0 0
17.445 1 ATTITUDE -2.981201 -2.665527 -0.106689
17.447 1 ESTIMATOR 0. 0.
17.450 1 IMU_ACCEL 5.481445 1.602539 -8.083008
17.544 1 ATTITUDE -2.981201 -2.665283 -0.106689
17.550 1 DESIRED 0.3 0.5 4.2 -80. -45. 815. 2.
17.553 1 WP_MOVED 2 506254.8125 3566257.5 815. 12
17.558 1 NAVIGATION 0 1 0. 0. 8421.2 0. 0 0
17.597 1 GPS 0 0 0 0 0 0 0 0 0 0 1
17.627 1 FBW_STATUS 2 0 1 0 0
17.630 1 NAVIGATION 0 1 0. 0. 8421.2 0. 0 0
17.644 1 ATTITUDE -2.981201 -2.665283 -0.106689
17.744 1 ATTITUDE -2.980957 -2.665283 -0.106689
17.750 1 DESIRED 0.3 0.5 4.2 -80. -45. 815. 2.
17.753 1 IMU_GYRO -0.008301 -0.014893 -0.012695
17.757 1 ENERGY 0. 0. 0 0.
17.784 1 DOWNLINK_STATUS 10 8252 371 0 852. 39. 2.62
17.844 1 ATTITUDE -2.980957 -2.665527 -0.106201
17.850 1 GPS 0 0 0 0 0 0 0 0 0 0 1
17.854 1 ALIVE 174,222,138,243,180,132,213,161,20,137,147,153,212,68,69,225
17.879 1 NAVIGATION 0 1 0. 0. 8421.2 0. 0 0
17.944 1 ATTITUDE -2.980957 -2.666016 -0.106201
17.950 1 DESIRED 0.3 0.5 4.2 -80. -45. 815. 2.
17.952 1 ESTIMATOR 0. 0.
17.955 1 PPRZ_MODE 4 1 2 0 0 6
18.044 1 ATTITUDE -2.980957 -2.666504 -0.106201
18.048 1 WP_MOVED 3 506350.5 3566257. 805. 12
18.097 1 GPS 0 0 0 0 0 0 0 0 0 0 1
18.129 1 NAVIGATION 0 1 0. 0. 8421.2 0. 0 0
18.144 1 ATTITUDE -2.980957 -2.666992 -0.106689
18.150 1 DESIRED 0.3 0.5 4.2 -80. -45. 815. 2.
18.244 1 ATTITUDE -2.980957 -2.667236 -0.106445
18.247 1 IMU_ACCEL 5.452148 1.612305 -8.044922
18.251 1 BAT 0 0 0 0 1 136 136 0
18.253 1 NAVIGATION_REF 506335 3566302 12
18.280 1 PONG 
18.344 1 ATTITUDE -2.980957 -2.667969 -0.106445
18.350 1 DESIRED 0.3 0.5 4.2 -80. -45. 815. 2.
18.356 1 GPS 0 0 0 0 0 0 0 0 0 0 1
18.359 1 IMU_GYRO -0.012695 -0.022217 -0.022217
18.362 1 GPS_SOL 0 0 0 0
18.382 1 NAVIGATION 0 1 0. 0. 8421.2 0. 0 0
18.444 1 ATTITUDE -2.980957 -2.668457 -0.106201
18.446 1 ESTIMATOR 0. 0.
18.544 1 ATTITUDE -2.980957 -2.668457 -0.106201
18.550 1 DESIRED 0.3 0.5 4.2 -80. -45. 815. 2.
18.553 1 WP_MOVED 4 506374.40625 3566337.75 805. 12
18.558 1 NAVIGATION 0 1 0. 0. 8421.2 0. 0 0
18.597 1 GPS 0 0 0 0 0 0 0 0 0 0 1
18.629 1 NAVIGATION 0 1 0. 0. 8421.2 0. 0 0
18.644 1 ATTITUDE -2.980957 -2.668701 -0.106201
18.647 1 IMU_MAG -1.283203 -0.691406 2.888672
18.744 1 ATTITUDE -2.980957 -2.668701 -0.106201
18.750 1 DESIRED 0.3 0.5 4.2 -80. -45. 815. 2.
18.752 1 DL_VALUE 7 4.
18.785 1 DOWNLINK_STATUS 11 9090 409 0 838. 38. 2.65
18.844 1 ATTITUDE -2.980957 -2.668213 -0.106201
18.850 1 GPS 0 0 0 0 0 0 0 0 0 0 1
18.879 1 NAVIGATION 0 1 0. 0. 8421.2 0. 0 0
18.944 1 ATTITUDE -2.980957 -2.667969 -0.106201
18.950 1 DESIRED 0.3 0.5 4.2 -80. -45. 815. 2.
18.952 1 ESTIMATOR 0. 0.
18.956 1 IMU_GYRO -0.010498 -0.016846 -0.016846
18.957 1 CALIBRATION -150. 0
19.044 1 ATTITUDE -2.980957 -2.667725 -0.106201
19.048 1 WP_MOVED 5 506402.3125 3566363.25 820. 12
19.051 1 IMU_ACCEL 5.495117 1.597656 -8.083008
19.052 1 STATE_FILTER_STATUS 3 0
19.097 1 GPS 0 0 0 0 0 0 0 0 0 0 1
19.129 1 NAVIGATION 0 1 0. 0. 8421.2 0. 0 0
19.144 1 ATTITUDE -2.980713 -2.667236 -0.106201
19.150 1 DESIRED 0.3 0.5 4.2 -80. -45. 815. 2.
19.239 1 WIND_INFO 1 42 0. 0. 0.
19.244 1 ATTITUDE -2.980957 -2.666748 -0.105957
19.344 1 ATTITUDE -2.980713 -2.666504 -0.105713
19.350 1 DESIRED 0.3 0.5 4.2 -80. -45. 815. 2.
19.356 1 GPS 0 0 0 0 0 0 0 0 0 0 1
19.359 1 BAT 0 0 0 0 1 137 137 0
19.379 1 NAVIGATION 0 1 0. 0. 8421.2 0. 0 0
19.444 1 ATTITUDE -2.980713 -2.66626 -0.105713
19.445 1 ESTIMATOR 0. 0.
19.544 1 ATTITUDE -2.980713 -2.66626 -0.105469
19.550 1 DESIRED 0.3 0.5 4.2 -80. -45. 815. 2.
19.553 1 WP_MOVED 6 506374.40625 3566337.75 820. 12
19.557 1 IMU_GYRO -0.008301 -0.016846 -0.009521
19.561 1 NAVIGATION 0 1 0. 0. 8421.2 0. 0 0
19.597 1 GPS 0 0 0 0 0 0 0 0 0 0 1
19.626 1 FBW_STATUS 2 0 1 0 0
19.631 1 NAVIGATION 0 1 0. 0. 8421.2 0. 0 0
19.644 1 ATTITUDE -2.980713 -2.666016 -0.105469
19.744 1 ATTITUDE -2.980713 -2.66626 -0.105713
19.750 1 DESIRED 0.3 0.5 4.2 -80. -45. 815. 2.
19.786 1 DOWNLINK_STATUS 12 9878 444 0 788. 35. 2.65
19.844 1 ATTITUDE -2.980713 -2.666504 -0.105225
19.850 1 GPS 0 0 0 0 0 0 0 0 0 0 1
19.853 1 IMU_ACCEL 5.476562 1.574219 -8.097656
19.880 1 NAVIGATION 0 1 0. 0. 8421.2 0. 0 0
19.944 1 ATTITUDE -2.980713 -2.666504 -0.105469
19.950 1 DESIRED 0.3 0.5 4.2 -80. -45. 815. 2.
19.952 1 ESTIMATOR 0. 0.
19.955 1 IMU_MAG -1.288086 -0.691406 2.888672
20.044 1 ATTITUDE -2.980713 -2.666748 -0.10498
20.047 1 WP_MOVED 7 506350.5 3566270.75 805. 12
20.101 1 GPS 0 0 0 0 0 0 0 0 0 0 1
20.129 1 NAVIGATION 0 1 0. 0. 8421.2 0. 0 0
20.144 1 ATTITUDE -2.980713 -2.666748 -0.104736
20.150 1 DESIRED 0.3 0.5 4.2 -80. -45. 815. 2.
20.153 1 IMU_GYRO -0.008301 -0.010498 -0.011475
20.244 1 ATTITUDE -2.980713 -2.666992 -0.104736
20.245 1 DL_VALUE 8 1.
20.249 1 ENERGY 0. 0. 0 0.
20.344 1 ATTITUDE -2.980713 -2.667236 -0.104736
20.350 1 DESIRED 0.3 0.5 4.2 -80. -45. 815. 2.
20.356 1 GPS 0 0 0 0 0 0 0 0 0 0 1
20.358 1 GPS_SOL 0 0 0 0
20.379 1 NAVIGATION 0 1 0. 0. 8421.2 0. 0 0
20.444 1 ATTITUDE -2.980713 -2.666992 -0.104492
20.445 1 ESTIMATOR 0. 0.
20.449 1 BAT 0 0 0 0 1 138 138 0
20.544 1 ATTITUDE -2.981201 -2.666992 -0.104492
20.550 1 DESIRED 0.3 0.5 4.2 -80. -45. 815. 2.
20.553 1 WP_MOVED 8 506254.8125 3566257.5 815. 12
20.558 1 NAVIGATION 0 1 0. 0. 8421.2 0. 0 0
20.597 1 GPS 0 0 0 0 0 0 0 0 0 0 1
20.629 1 NAVIGATION 0 1 0. 0. 8421.2 0. 0 0
20.644 1 ATTITUDE -2.981934 -2.666992 -0.104736
20.647 1 IMU_ACCEL 5.524414 1.645508 -8.026367
20.744 1 ATTITUDE -2.981689 -2.666748 -0.104736
20.750 1 DESIRED 0.3 0.5 4.2 -80. -45. 815. 2.
20.753 1 IMU_GYRO -0.012695 -0.032959 -0.023193
20.786 1 DOWNLINK_STATUS 13 10716 481 0 838. 37. 2.65
20.844 1 ATTITUDE -2.981689 -2.66626 -0.10498
20.850 1 GPS 0 0 0 0 0 0 0 0 0 0 1
20.851 1 DOWNLINK 13 823 5107
20.879 1 NAVIGATION 0 1 0. 0. 8421.2 0. 0 0
20.944 1 ATTITUDE -2.981689 -2.665527 -0.104492
20.950 1 DESIRED 0.3 0.5 4.2 -80. -45. 815. 2.
20.951 1 ESTIMATOR 0. 0.
21.044 1 ATTITUDE -2.980713 -2.665039 -0.104736
21.047 1 WP_MOVED 9 506213.8125 3566287.5 815. 12
21.049 1 CALIBRATION -150. 0
21.097 1 GPS 0 0 0 0 0 0 0 0 0 0 1
21.129 1 NAVIGATION 0 1 0. 0. 8421.2 0. 0 0
21.144 1 ATTITUDE -2.982178 -2.663818 -0.104248
21.150 1 DESIRED 0.3 0.5 4.2 -80. -45. 815. 2.
21.244 1 ATTITUDE -2.981201 -2.663574 -0.102783
21.247 1 IMU_MAG -1.27832 -0.700195 2.877441
21.248 1 STATE_FILTER_STATUS 3 0
21.344 1 ATTITUDE -2.980469 -2.663086 -0.101807
21.350 1 DESIRED 0.3 0.5 4.2 -80. -45. 815. 2.
21.356 1 GPS 0 0 0 0 0 0 0 0 0 0 1
21.359 1 IMU_GYRO 0.00415 0.045654 0.014893
21.379 1 NAVIGATION 0 1 0. 0. 8421.2 0. 0 0
21.444 1 ATTITUDE -2.979736 -2.662598 -0.101562
21.445 1 ESTIMATOR 0. 0.
21.449 1 IMU_ACCEL 5.466797 1.482422 -8.087891
21.544 1 ATTITUDE -2.979492 -2.662842 -0.102051
21.550 1 DESIRED 0.3 0.5 4.2 -80. -45. 815. 2.
21.553 1 WP_MOVED 0 506377. 3566344. 757. 12
21.558 1 NAVIGATION 0 1 0. 0. 8421.2 0. 0 0
21.561 1 BAT 0 0 0 0 1 139 139 0
21.598 1 GPS 0 0 0 0 0 0 0 0 0 0 1
21.625 1 FBW_STATUS 2 0 1 0 0
21.631 1 NAVIGATION 0 1 0. 0. 8421.2 0. 0 0
21.644 1 ATTITUDE -2.979248 -2.662842 -0.101318
21.726 1 COMMANDS 0,-9600,-3315,0
21.744 1 ATTITUDE -2.97998 -2.663086 -0.102295
21.750 1 DESIRED 0.3 0.5 4.2 -80. -45. 815. 2.
21.751 1 DL_VALUE 9 1.
21.787 1 DOWNLINK_STATUS 14 11541 519 0 825. 38. 2.65
21.826 1 ACTUATORS 1000,1413,1138,1500
21.844 1 ATTITUDE -2.979736 -2.663818 -0.102783
21.850 1 GPS 0 0 0 0 0 0 0 0 0 0 1
21.879 1 NAVIGATION 0 1 0. 0. 8421.2 0. 0 0
21.944 1 ATTITUDE -2.979736 -2.664307 -0.102539
21.950 1 DESIRED 0.3 0.5 4.2 -80. -45. 815. 2.
21.951 1 ESTIMATOR 0. 0.
21.955 1 IMU_GYRO -0.019043 0.036133 -0.026367
22.044 1 ATTITUDE -2.97998 -2.664062 -0.101318
22.047 1 WP_MOVED 1 506335. 3566302. 765. 12
22.098 1 GPS 0 0 0 0 0 0 0 0 0 0 1
22.129 1 NAVIGATION 0 1 0. 0. 8421.2 0. 0 0
22.143 1 ATTITUDE -2.979736 -2.664551 -0.101074
22.149 1 DESIRED 0.3 0.5 4.2 -80. -45. 815. 2.
22.244 1 ATTITUDE -2.97998 -2.664551 -0.101807
22.247 1 IMU_ACCEL 5.47168 1.645508 -8.111328
22.344 1 ATTITUDE -2.979492 -2.664795 -0.101318
22.350 1 DESIRED 0.3 0.5 4.2 -80. -45. 815. 2.
22.355 1 GPS 0 0 0 0 0 0 0 0 0 0 1
22.357 1 GPS_SOL 0 0 0 0
22.379 1 NAVIGATION 0 1 0. 0. 8421.2 0. 0 0
22.444 1 ATTITUDE -2.979736 -2.664795 -0.101562
22.445 1 ESTIMATOR 0. 0.
22.544 1 ATTITUDE -2.979736 -2.665039 -0.101318
22.550 1 DESIRED 0.3 0.5 4.2 -80. -45. 815. 2.
22.553 1 WP_MOVED 2 506254.8125 3566257.5 815. 12
22.556 1 IMU_GYRO -0.014893 -0.02002 -0.030762
22.561 1 NAVIGATION 0 1 0. 0. 8421.2 0. 0 0
22.598 1 GPS 0 0 0 0 0 0 0 0 0 0 1
22.629 1 NAVIGATION 0 1 0. 0. 8421.2 0. 0 0
22.644 1 ATTITUDE -2.979736 -2.664795 -0.101807
22.646 1 BAT 0 0 0 0 1 141 141 0
22.744 1 ATTITUDE -2.97998 -2.664795 -0.102051
22.750 1 DESIRED 0.3 0.5 4.2 -80. -45. 815. 2.
22.753 1 ENERGY 0. 0. 0 0.
22.787 1 DOWNLINK_STATUS 15 12347 554 0 806. 35. 2.65
22.844 1 ATTITUDE -2.979736 -2.664551 -0.102295
22.850 1 GPS 0 0 0 0 0 0 0 0 0 0 1
22.854 1 ALIVE 174,222,138,243,180,132,213,161,20,137,147,153,212,68,69,225
22.879 1 NAVIGATION 0 1 0. 0. 8421.2 0. 0 0
22.944 1 ATTITUDE -2.979736 -2.664062 -0.102539
22.950 1 DESIRED 0.3 0.5 4.2 -80. -45. 815. 2.
22.952 1 ESTIMATOR 0. 0.
22.953 1 PPRZ_MODE 4 1 2 0 0 6
23.044 1 ATTITUDE -2.979492 -2.663818 -0.102051
23.047 1 WP_MOVED 3 506350.5 3566257. 805. 12
23.050 1 IMU_ACCEL 5.5 1.650391 -8.083008
23.099 1 GPS 0 0 0 0 0 0 0 0 0 0 1
23.127 1 NAVIGATION 0 1 0. 0. 8421.2 0. 0 0
23.143 1 ATTITUDE -2.979736 -2.663574 -0.102539
23.149 1 DESIRED 0.3 0.5 4.2 -80. -45. 815. 2.
23.153 1 IMU_GYRO -0.008301 0.000977 -0.013672
23.154 1 CALIBRATION -150. 0
23.244 1 ATTITUDE -2.979492 -2.663818 -0.102295
23.245 1 DL_VALUE 10 0.
23.281 1 PONG 
23.344 1 ATTITUDE -2.979492 -2.663574 -0.102051
23.350 1 DESIRED 0.3 0.5 4.2 -80. -45. 815. 2.
23.357 1 GPS 0 0 0 0 0 0 0 0 0 0 1
23.378 1 NAVIGATION 0 1 0. 0. 8421.2 0. 0 0
23.444 1 ATTITUDE -2.979492 -2.66333 -0.102295
23.445 1 ESTIMATOR 0. 0.
23.447 1 STATE_FILTER_STATUS 3 0
23.544 1 ATTITUDE -2.979248 -2.663574 -0.102295
23.550 1 DESIRED 0.3 0.5 4.2 -80. -45. 815. 2.
23.553 1 WP_MOVED 4 506374.40625 3566337.75 805. 12
23.558 1 NAVIGATION 0 1 0. 0. 8421.2 0. 0 0
23.600 1 GPS 0 0 0 0 0 0 0 0 0 0 1
23.625 1 FBW_STATUS 2 0 1 0 0
23.630 1 NAVIGATION 0 1 0. 0. 8421.2 0. 0 0
23.643 1 ATTITUDE -2.979248 -2.663818 -0.102295
23.744 1 ATTITUDE -2.979248 -2.664062 -0.102295
23.750 1 DESIRED 0.3 0.5 4.2 -80. -45. 815. 2.
23.753 1 IMU_GYRO -0.010498 -0.024414 -0.013672
23.755 1 BAT 0 0 0 0 1 142 142 0
23.788 1 DOWNLINK_STATUS 16 13187 593 0 840. 39. 2.76
23.844 1 ATTITUDE -2.979248 -2.664795 -0.102295
23.849 1 GPS 0 0 0 0 0 0 0 0 0 0 1
23.853 1 IMU_ACCEL 5.504883 1.62207 -8.106445
23.856 1 IMU_MAG -1.285645 -0.700195 2.877441
23.878 1 NAVIGATION 0 1 0. 0. 8421.2 0. 0 0
23.944 1 ATTITUDE -2.979248 -2.665039 -0.102295
23.950 1 DESIRED 0.3 0.5 4.2 -80. -45. 815. 2.
23.951 1 ESTIMATOR 0. 0.
24.044 1 ATTITUDE -2.979248 -2.665527 -0.102051
24.047 1 WP_MOVED 5 506402.3125 3566363.25 820. 12
24.100 1 GPS 0 0 0 0 0 0 0 0 0 0 1
24.128 1 NAVIGATION 0 1 0. 0. 8421.2 0. 0 0
24.144 1 ATTITUDE -2.979248 -2.665771 -0.102295
24.150 1 DESIRED 0.3 0.5 4.2 -80. -45. 815. 2.
24.244 1 ATTITUDE -2.979004 -2.66626 -0.102295
24.344 1 ATTITUDE -2.979248 -2.666504 -0.102539
24.350 1 DESIRED 0.3 0.5 4.2 -80. -45. 815. 2.
24.355 1 GPS 0 0 0 0 0 0 0 0 0 0 1
24.358 1 IMU_GYRO -0.010498 -0.019043 -0.018066
24.360 1 GPS_SOL 0 0 0 0
24.378 1 NAVIGATION 0 1 0. 0. 8421.2 0. 0 0
24.444 1 ATTITUDE -2.979004 -2.667236 -0.102295
24.445 1 ESTIMATOR 0. 0.
24.544 1 ATTITUDE -2.979248 -2.667236 -0.102539
24.550 1 DESIRED 0.3 0.5 4.2 -80. -45. 815. 2.
24.553 1 WP_MOVED 6 506374.40625 3566337.75 820. 12
24.558 1 NAVIGATION 0 1 0. 0. 8421.2 0. 0 0
24.601 1 GPS 0 0 0 0 0 0 0 0 0 0 1
24.628 1 NAVIGATION 0 1 0. 0. 8421.2 0. 0 0
24.643 1 ATTITUDE -2.979004 -2.667725 -0.102295
24.646 1 IMU_ACCEL 5.5 1.660156 -8.040039
24.744 1 ATTITUDE -2.979004 -2.66748 -0.102295
24.750 1 DESIRED 0.3 0.5 4.2 -80. -45. 815. 2.
24.750 1 DL_VALUE 11 1.
24.789 1 DOWNLINK_STATUS 17 13967 627 0 780. 34. 2.76
24.844 1 ATTITUDE -2.979004 -2.667236 -0.102295
24.849 1 GPS 0 0 0 0 0 0 0 0 0 0 1
24.853 1 BAT 0 0 0 0 1 143 143 0
24.878 1 NAVIGATION 0 1 0. 0. 8421.2 0. 0 0
24.944 1 ATTITUDE -2.979004 -2.666992 -0.102051
24.950 1 DESIRED 0.3 0.5 4.2 -80. -45. 815. 2.
24.951 1 ESTIMATOR 0. 0.
24.955 1 IMU_GYRO -0.010498 -0.014893 -0.013672
25.044 1 ATTITUDE -2.979004 -2.666748 -0.102051
25.047 1 WP_MOVED 7 506350.5 3566270.75 805. 12
25.101 1 GPS 0 0 0 0 0 0 0 0 0 0 1
25.127 1 NAVIGATION 0 1 0. 0. 8421.2 0. 0 0
25.144 1 ATTITUDE -2.979004 -2.666504 -0.101807
25.150 1 DESIRED 0.3 0.5 4.2 -80. -45. 815. 2.
25.153 1 IMU_MAG -1.288086 -0.700195 2.88623
25.244 1 ATTITUDE -2.979004 -2.666016 -0.101807
25.245 1 CALIBRATION -150. 0
25.249 1 ENERGY 0. 0. 0 0.
25.344 1 ATTITUDE -2.979004 -2.665771 -0.102051
25.350 1 DESIRED 0.3 0.5 4.2 -80. -45. 815. 2.
25.355 1 GPS 0 0 0 0 0 0 0 0 0 0 1
25.378 1 NAVIGATION 0 1 0. 0. 8421.2 0. 0 0
25.445 1 ATTITUDE -2.979248 -2.665527 -0.102051
25.445 1 ESTIMATOR 0. 0.
25.449 1 IMU_ACCEL 5.53418 1.650391 -8.083008
25.544 1 ATTITUDE -2.979248 -2.665283 -0.102295
25.550 1 DESIRED 0.3 0.5 4.2 -80. -45. 815. 2.
25.553 1 WP_MOVED 8 506254.8125 3566257.5 815. 12
25.556 1 IMU_GYRO -0.012695 -0.024414 -0.022217
25.561 1 NAVIGATION 0 1 0. 0. 8421.2 0. 0 0
25.602 1 GPS 0 0 0 0 0 0 0 0 0 0 1
25.625 1 FBW_STATUS 2 0 1 0 0
25.631 1 NAVIGATION 0 1 0. 0. 8421.2 0. 0 0
25.644 1 ATTITUDE -2.979004 -2.665527 -0.102295
25.644 1 STATE_FILTER_STATUS 3 0
25.744 1 ATTITUDE -2.979004 -2.665771 -0.102295
25.750 1 DESIRED 0.3 0.5 4.2 -80. -45. 815. 2.
25.789 1 DOWNLINK_STATUS 18 14793 664 0 826. 37. 2.76
25.844 1 ATTITUDE -2.979004 -2.666016 -0.102295
25.849 1 GPS 0 0 0 0 0 0 0 0 0 0 1
25.878 1 NAVIGATION 0 1 0. 0. 8421.2 0. 0 0
25.944 1 ATTITUDE -2.979004 -2.666504 -0.102295
25.950 1 DESIRED 0.3 0.5 4.2 -80. -45. 815. 2.
25.951 1 ESTIMATOR 0. 0.
25.955 1 BAT 0 0 0 0 1 144 144 0
25.956 1 DOWNLINK 14 821 5295
26.044 1 ATTITUDE -2.979004 -2.666992 -0.102051
26.047 1 WP_MOVED 9 506213.8125 3566287.5 815. 12
26.102 1 GPS 0 0 0 0 0 0 0 0 0 0 1
26.128 1 NAVIGATION 0 1 0. 0. 8421.2 0. 0 0
26.144 1 ATTITUDE -2.979004 -2.66748 -0.102295
26.150 1 DESIRED 0.3 0.5 4.2 -80. -45. 815. 2.
26.153 1 IMU_GYRO -0.010498 -0.024414 -0.018066
26.244 1 ATTITUDE -2.979004 -2.667969 -0.102295
26.247 1 IMU_ACCEL 5.529297 1.665039 -8.102539
26.248 1 DL_VALUE 0 0.
26.344 1 ATTITUDE -2.979004 -2.667969 -0.101807
26.349 1 DESIRED 0.3 0.5 4.2 -80. -45. 815. 2.
26.355 1 GPS 0 0 0 0 0 0 0 0 0 0 1
26.357 1 GPS_SOL 0 0 0 0
26.378 1 NAVIGATION 0 1 0. 0. 8421.2 0. 0 0
26.444 1 ATTITUDE -2.979004 -2.668213 -0.101807
26.446 1 ESTIMATOR 0. 0.
26.449 1 IMU_MAG -1.288086 -0.694336 2.88623
26.544 1 ATTITUDE -2.979004 -2.668701 -0.101807
26.549 1 DESIRED 0.3 0.5 4.2 -80. -45. 815. 2.
26.553 1 WP_MOVED 0 506377. 3566344. 757. 12
26.557 1 NAVIGATION 0 1 0. 0. 8421.2 0. 0 0
26.603 1 GPS 0 0 0 0 0 0 0 0 0 0 1
26.627 1 NAVIGATION 0 1 0. 0. 8421.2 0. 0 0
26.644 1 ATTITUDE -2.979004 -2.668701 -0.101807
26.726 1 COMMANDS 0,-9600,-3309,0
26.744 1 ATTITUDE -2.979004 -2.668457 -0.101807
26.749 1 DESIRED 0.3 0.5 4.2 -80. -45. 815. 2.
26.753 1 IMU_GYRO -0.008301 -0.011475 -0.012695
26.790 1 DOWNLINK_STATUS 19 15619 701 0 826. 37. 2.76
26.825 1 ACTUATORS 1000,1413,1138,1500
26.843 1 ATTITUDE -2.97876 -2.667969 -0.101562
26.848 1 GPS 0 0 0 0 0 0 0 0 0 0 1
26.877 1 NAVIGATION 0 1 0. 0. 8421.2 0. 0 0
26.944 1 ATTITUDE -2.97876 -2.667969 -0.101318
26.949 1 DESIRED 0.3 0.5 4.2 -80. -45. 815. 2.
26.953 1 ESTIMATOR 0. 0.
27.044 1 ATTITUDE -2.97876 -2.667725 -0.101318
27.047 1 WP_MOVED 1 506335. 3566302. 765. 12
27.050 1 IMU_ACCEL 5.514648 1.640625 -8.049805
27.054 1 BAT 0 0 0 0 1 145 145 0
27.104 1 GPS 0 0 0 0 0 0 0 0 0 0 1
27.128 1 NAVIGATION 0 1 0. 0. 8421.2 0. 0 0
27.144 1 ATTITUDE -2.97876 -2.667725 -0.101318
27.149 1 DESIRED 0.3 0.5 4.2 -80. -45. 815. 2.
27.243 1 ATTITUDE -2.979004 -2.666992 -0.101318
27.245 1 NAVIGATION_REF 506335 3566302 12
27.343 1 ATTITUDE -2.979004 -2.666748 -0.101318
27.349 1 DESIRED 0.3 0.5 4.2 -80. -45. 815. 2.
27.355 1 GPS 0 0 0 0 0 0 0 0 0 0 1
27.358 1 IMU_GYRO -0.010498 -0.014893 -0.016846
27.359 1 CALIBRATION -150. 0
27.378 1 NAVIGATION 0 1 0. 0. 8421.2 0. 0 0
27.444 1 ATTITUDE -2.97876 -2.66626 -0.101074
27.445 1 ESTIMATOR 0. 0.
27.544 1 ATTITUDE -2.97876 -2.666016 -0.10083
27.549 1 DESIRED 0.3 0.5 4.2 -80. -45. 815. 2.
27.553 1 WP_MOVED 2 506254.8125 3566257.5 815. 12
27.557 1 NAVIGATION 0 1 0. 0. 8421.2 0. 0 0
27.596 1 GPS 0 0 0 0 0 0 0 0 0 0 1
27.626 1 FBW_STATUS 2 0 1 0 0
27.631 1 NAVIGATION 0 1 0. 0. 8421.2 0. 0 0
27.643 1 ATTITUDE -2.97876 -2.665771 -0.10083
27.745 1 ATTITUDE -2.97876 -2.665771 -0.10083
27.749 1 DESIRED 0.3 0.5 4.2 -80. -45. 815. 2.
27.753 1 IMU_MAG -1.285645 -0.688477 2.888672
27.753 1 DL_VALUE 1 0.
27.758 1 ENERGY 0. 0. 0 0.
27.791 1 DOWNLINK_STATUS 20 16459 739 0 840. 38. 2.76
27.843 1 ATTITUDE -2.97876 -2.66626 -0.10083
27.849 1 GPS 0 0 0 0 0 0 0 0 0 0 1
27.852 1 IMU_ACCEL 5.519531 1.640625 -8.054688
27.853 1 STATE_FILTER_STATUS 3 0
27.858 1 ALIVE 174,222,138,243,180,132,213,161,20,137,147,153,212,68,69,225
27.880 1 NAVIGATION 0 1 0. 0. 8421.2 0. 0 0
27.944 1 ATTITUDE -2.97876 -2.666748 -0.101074
27.949 1 DESIRED 0.3 0.5 4.2 -80. -45. 815. 2.
27.951 1 ESTIMATOR 0. 0.
27.957 1 IMU_GYRO -0.012695 -0.024414 -0.016846
27.957 1 PPRZ_MODE 4 1 2 0 0 6
28.043 1 ATTITUDE -2.97876 -2.667236 -0.10083
28.047 1 WP_MOVED 3 506350.5 3566257. 805. 12
28.096 1 GPS 0 0 0 0 0 0 0 0 0 0 1
28.127 1 NAVIGATION 0 1 0. 0. 8421.2 0. 0 0
28.143 1 ATTITUDE -2.97876 -2.667236 -0.10083
28.149 1 DESIRED 0.3 0.5 4.2 -80. -45. 815. 2.
28.153 1 BAT 0 0 0 0 1 146 146 0
28.243 1 ATTITUDE -2.979004 -2.667969 -0.101318
28.283 1 PONG 
28.343 1 ATTITUDE -2.979004 -2.668213 -0.101074
28.349 1 DESIRED 0.3 0.5 4.2 -80. -45. 815. 2.
28.355 1 GPS 0 0 0 0 0 0 0 0 0 0 1
28.357 1 GPS_SOL 0 0 0 0
28.378 1 NAVIGATION 0 1 0. 0. 8421.2 0. 0 0
28.443 1 ATTITUDE -2.979004 -2.667969 -0.100586
28.445 1 ESTIMATOR 0. 0.
28.543 1 ATTITUDE -2.979004 -2.668213 -0.10083
28.549 1 DESIRED 0.3 0.5 4.2 -80. -45. 815. 2.
28.553 1 WP_MOVED 4 506374.40625 3566337.75 805. 12
28.556 1 IMU_GYRO -0.010498 -0.016846 -0.014893
28.560 1 NAVIGATION 0 1 0. 0. 8421.2 0. 0 0
28.596 1 GPS 0 0 0 0 0 0 0 0 0 0 1
28.628 1 NAVIGATION 0 1 0. 0. 8421.2 0. 0 0
28.643 1 ATTITUDE -2.979004 -2.668457 -0.10083
28.647 1 IMU_ACCEL 5.519531 1.597656 -8.087891
28.743 1 ATTITUDE -2.979004 -2.668457 -0.100586
28.749 1 DESIRED 0.3 0.5 4.2 -80. -45. 815. 2.
28.791 1 DOWNLINK_STATUS 21 17298 777 0 839. 38. 2.86
28.843 1 ATTITUDE -2.979248 -2.66748 -0.100342
28.849 1 GPS 0 0 0 0 0 0 0 0 0 0 1
28.878 1 NAVIGATION 0 1 0. 0. 8421.2 0. 0 0
28.943 1 ATTITUDE -2.979004 -2.666992 -0.099854
28.949 1 DESIRED 0.3 0.5 4.2 -80. -45. 815. 2.
28.951 1 ESTIMATOR 0. 0.
29.043 1 ATTITUDE -2.979004 -2.666992 -0.100098
29.047 1 WP_MOVED 5 506402.3125 3566363.25 820. 12
29.050 1 IMU_MAG -1.283203 -0.697266 2.871582
29.096 1 GPS 0 0 0 0 0 0 0 0 0 0 1
29.127 1 NAVIGATION 0 1 0. 0. 8421.2 0. 0 0
29.142 1 ATTITUDE -2.979004 -2.666748 -0.100098
29.149 1 DESIRED 0.3 0.5 4.2 -80. -45. 815. 2.
29.152 1 IMU_GYRO -0.010498 -0.02124 -0.014893
29.179 1 SETTING 1 9 1.
29.185 1 DL_VALUE 9 1.
29.239 1 WIND_INFO 1 42 0. 0. 0.
29.245 1 ATTITUDE -2.979004 -2.666016 -0.100098
29.246 1 BAT 0 0 0 0 1 147 147 0
29.248 1 DL_VALUE 2 815.
29.343 1 ATTITUDE -2.979004 -2.665771 -0.100098
29.349 1 DESIRED 0.3 0.5 4.2 -80. -45. 815. 2.
29.355 1 GPS 0 0 0 0 0 0 0 0 0 0 1
29.381 1 NAVIGATION 0 1 0. 0. 8421.2 0. 0 0
29.443 1 ATTITUDE -2.979004 -2.665771 -0.099854
29.446 1 ESTIMATOR 0. 0.
29.449 1 IMU_ACCEL 5.495117 1.617188 -8.073242
29.450 1 CALIBRATION -150. 0
29.543 1 ATTITUDE -2.979004 -2.665283 -0.099854
29.549 1 DESIRED 0.3 0.5 4.2 -80. -45. 815. 2.
29.553 1 WP_MOVED 6 506374.40625 3566337.75 820. 12
29.557 1 NAVIGATION 0 1 0. 0. 8421.2 0. 0 0
29.596 1 GPS 0 0 0 0 0 0 0 0 0 0 1
29.625 1 FBW_STATUS 2 0 1 0 0
29.631 1 NAVIGATION 0 1 0. 0. 8421.2 0. 0 0
29.642 1 ATTITUDE -2.979004 -2.665039 -0.099854
29.743 1 ATTITUDE -2.979004 -2.665039 -0.099854
29.749 1 DESIRED 0.3 0.5 4.2 -80. -45. 815. 2.
29.751 1 IMU_GYRO -0.008301 -0.009521 -0.012695
29.792 1 DOWNLINK_STATUS 22 18117 814 0 819. 37. 2.86
29.843 1 ATTITUDE -2.979004 -2.665527 -0.100098
29.849 1 GPS 0 0 0 0 0 0 0 0 0 0 1
29.878 1 NAVIGATION 0 1 0. 0. 8421.2 0. 0 0
29.943 1 ATTITUDE -2.979004 -2.665527 -0.099609
29.949 1 DESIRED 0.3 0.5 4.2 -80. -45. 815. 2.
29.952 1 ESTIMATOR 0. 0.
30.043 1 ATTITUDE -2.979004 -2.665771 -0.099365
30.047 1 WP_MOVED 7 506350.5 3566270.75 805. 12
30.047 1 STATE_FILTER_STATUS 3 0
30.096 1 GPS 0 0 0 0 0 0 0 0 0 0 1
30.127 1 NAVIGATION 0 1 0. 0. 8421.2 0. 0 0
30.143 1 ATTITUDE -2.979004 -2.666016 -0.099854
30.149 1 DESIRED 0.3 0.5 4.2 -80. -45. 815. 2.
30.243 1 ATTITUDE -2.97876 -2.666504 -0.099609
30.246 1 IMU_ACCEL 5.486328 1.655273 -8.078125
30.250 1 ENERGY 0. 0. 0 0.
30.343 1 ATTITUDE -2.979004 -2.666504 -0.099365
30.349 1 DESIRED 0.3 0.5 4.2 -80. -45. 815. 2.
30.355 1 GPS 0 0 0 0 0 0 0 0 0 0 1
30.358 1 IMU_GYRO -0.010498 -0.016846 -0.018066
30.361 1 BAT 0 0 0 0 1 148 148 0
30.381 1 NAVIGATION 0 1 0. 0. 8421.2 0. 0 0
30.443 1 ATTITUDE -2.979004 -2.666748 -0.099365
30.446 1 ESTIMATOR 0. 0.
30.543 1 ATTITUDE -2.979004 -2.666992 -0.099609
30.549 1 DESIRED 0.3 0.5 4.2 -80. -45. 815. 2.
30.553 1 WP_MOVED 8 506254.8125 3566257.5 815. 12
30.557 1 NAVIGATION 0 1 0. 0. 8421.2 0. 0 0
30.596 1 GPS 0 0 0 0 0 0 0 0 0 0 1
30.627 1 NAVIGATION 0 1 0. 0. 8421.2 0. 0 0
30.642 1 ATTITUDE -2.979004 -2.666992 -0.099609
30.743 1 ATTITUDE -2.979004 -2.666504 -0.099609
30.749 1 DESIRED 0.3 0.5 4.2 -80. -45. 815. 2.
30.750 1 DL_VALUE 3 0.
30.793 1 DOWNLINK_STATUS 23 18893 848 0 776. 34. 2.86
30.843 1 ATTITUDE -2.979004 -2.665771 -0.099609
30.849 1 GPS 0 0 0 0 0 0 0 0 0 0 1
30.878 1 NAVIGATION 0 1 0. 0. 8421.2 0. 0 0
30.943 1 ATTITUDE -2.97876 -2.665771 -0.099609
30.949 1 DESIRED 0.3 0.5 4.2 -80. -45. 815. 2.
30.951 1 ESTIMATOR 0. 0.
30.954 1 IMU_GYRO -0.010498 -0.015869 -0.016846
31.043 1 ATTITUDE -2.97876 -2.665527 -0.099854
31.047 1 WP_MOVED 9 506213.8125 3566287.5 815. 12
31.050 1 IMU_ACCEL 5.495117 1.640625 -8.040039
31.051 1 DOWNLINK 16 814 5482
31.096 1 GPS 0 0 0 0 0 0 0 0 0 0 1
31.127 1 NAVIGATION 0 1 0. 0. 8421.2 0. 0 0
31.142 1 ATTITUDE -2.979004 -2.665039 -0.099854
31.148 1 DESIRED 0.3 0.5 4.2 -80. -45. 815. 2.
31.244 1 ATTITUDE -2.97876 -2.665039 -0.099609
31.330 1 SETTING 1 8 1.
31.335 1 DL_VALUE 8 1.
31.342 1 ATTITUDE -2.97876 -2.664795 -0.099121
31.349 1 DESIRED 0.3 0.5 4.2 -80. -45. 815. 2.
31.355 1 GPS 0 0 0 0 0 0 0 0 0 0 1
31.378 1 NAVIGATION 0 1 0. 0. 8421.2 0. 0 0
31.443 1 ATTITUDE -2.97876 -2.664551 -0.099121
31.446 1 ESTIMATOR 0. 0.
31.449 1 BAT 0 0 0 0 1 149 149 0
31.543 1 ATTITUDE -2.979004 -2.664062 -0.098877
31.549 1 DESIRED 0.3 0.5 4.2 -80. -45. 815. 2.
31.553 1 WP_MOVED 0 506377. 3566344. 757. 12
31.556 1 IMU_GYRO -0.012695 -0.010498 -0.018066
31.560 1 NAVIGATION 0 1 0. 0. 8421.2 0. 0 0
31.561 1 CALIBRATION -150. 0
31.596 1 GPS 0 0 0 0 0 0 0 0 0 0 1
31.625 1 FBW_STATUS 2 0 1 0 0
31.629 1 NAVIGATION 0 1 0. 0. 8421.2 0. 0 0
31.642 1 ATTITUDE -2.97876 -2.664062 -0.098633
31.645 1 IMU_MAG -1.280762 -0.697266 2.874512
31.726 1 COMMANDS 0,-9600,-3295,0
31.743 1 ATTITUDE -2.97876 -2.664307 -0.099121
31.749 1 DESIRED 0.3 0.5 4.2 -80. -45. 815. 2.
31.793 1 DOWNLINK_STATUS 24 19727 886 0 834. 38. 2.86
31.825 1 ACTUATORS 1000,1413,1138,1500
31.843 1 ATTITUDE -2.97876 -2.664795 -0.098877
31.849 1 GPS 0 0 0 0 0 0 0 0 0 0 1
31.852 1 IMU_ACCEL 5.5 1.62207 -8.121094
31.878 1 NAVIGATION 0 1 0. 0. 8421.2 0. 0 0
31.943 1 ATTITUDE -2.97876 -2.665039 -0.099121
31.949 1 DESIRED 0.3 0.5 4.2 -80. -45. 815. 2.
31.951 1 ESTIMATOR 0. 0.
32.043 1 ATTITUDE -2.97876 -2.665527 -0.099365
32.047 1 WP_MOVED 1 506335. 3566302. 765. 12
32.096 1 GPS 0 0 0 0 0 0 0 0 0 0 1
32.128 1 NAVIGATION 0 1 0. 0. 8421.2 0. 0 0
32.142 1 ATTITUDE -2.97876 -2.666016 -0.099121
32.149 1 DESIRED 0.3 0.5 4.2 -80. -45. 815. 2.
32.151 1 IMU_GYRO -0.008301 -0.018066 -0.012695
32.243 1 ATTITUDE -2.97876 -2.66626 -0.099365
32.244 1 DL_VALUE 4 0.
32.246 1 STATE_FILTER_STATUS 3 0
32.343 1 ATTITUDE -2.979004 -2.666748 -0.098877
32.349 1 DESIRED 0.3 0.5 4.2 -80. -45. 815. 2.
32.355 1 GPS 0 0 0 0 0 0 0 0 0 0 1
32.357 1 GPS_SOL 0 0 0 0
32.378 1 NAVIGATION 0 1 0. 0. 8421.2 0. 0 0
32.443 1 ATTITUDE -2.979004 -2.666992 -0.099121
32.445 1 ESTIMATOR 0. 0.
32.543 1 ATTITUDE -2.97876 -2.667236 -0.099365
32.549 1 DESIRED 0.3 0.5 4.2 -80. -45. 815. 2.
32.553 1 WP_MOVED 2 506254.8125 3566257.5 815. 12
32.557 1 NAVIGATION 0 1 0. 0. 8421.2 0. 0 0
32.561 1 BAT 0 0 0 0 1 150 150 0
32.596 1 GPS 0 0 0 0 0 0 0 0 0 0 1
32.627 1 NAVIGATION 0 1 0. 0. 8421.2 0. 0 0
32.643 1 ATTITUDE -2.97876 -2.66748 -0.099121
32.645 1 IMU_ACCEL 5.486328 1.607422 -8.078125
32.743 1 ATTITUDE -2.97876 -2.667236 -0.099121
32.749 1 DESIRED 0.3 0.5 4.2 -80. -45. 815. 2.
32.752 1 IMU_GYRO -0.008301 -0.019043 -0.015869
32.756 1 ENERGY 0. 0. 0 0.
32.794 1 DOWNLINK_STATUS 25 20571 924 0 844. 38. 2.86
32.843 1 ATTITUDE -2.979004 -2.666748 -0.099365
32.849 1 GPS 0 0 0 0 0 0 0 0 0 0 1
32.853 1 ALIVE 174,222,138,243,180,132,213,161,20,137,147,153,212,68,69,225
32.878 1 NAVIGATION 0 1 0. 0. 8421.2 0. 0 0
32.943 1 ATTITUDE -2.979004 -2.666504 -0.099121
32.949 1 DESIRED 0.3 0.5 4.2 -80. -45. 815. 2.
32.951 1 ESTIMATOR 0. 0.
32.955 1 IMU_MAG -1.288086 -0.697266 2.868652
32.956 1 PPRZ_MODE 4 1 2 0 0 6
33.043 1 ATTITUDE -2.979004 -2.666016 -0.098877
33.047 1 WP_MOVED 3 506350.5 3566257. 805. 12
33.096 1 GPS 0 0 0 0 0 0 0 0 0 0 1
33.127 1 NAVIGATION 0 1 0. 0. 8421.2 0. 0 0
33.142 1 ATTITUDE -2.979004 -2.665771 -0.098633
33.149 1 DESIRED 0.3 0.5 4.2 -80. -45. 815. 2.
33.243 1 ATTITUDE -2.979004 -2.665283 -0.098877
33.282 1 PONG 
33.343 1 ATTITUDE -2.979004 -2.664551 -0.098877
33.349 1 DESIRED 0.3 0.5 4.2 -80. -45. 815. 2.
33.355 1 GPS 0 0 0 0 0 0 0 0 0 0 1
33.358 1 IMU_GYRO -0.010498 -0.02002 -0.014893
33.378 1 NAVIGATION 0 1 0. 0. 8421.2 0. 0 0
33.443 1 ATTITUDE -2.979004 -2.664551 -0.098633
33.446 1 ESTIMATOR 0. 0.
33.449 1 IMU_ACCEL 5.514648 1.640625 -8.078125
33.543 1 ATTITUDE -2.979004 -2.664062 -0.098389
33.549 1 DESIRED 0.3 0.5 4.2 -80. -45. 815. 2.
33.553 1 WP_MOVED 4 506374.40625 3566337.75 805. 12
33.557 1 NAVIGATION 0 1 0. 0. 8421.2 0. 0 0
33.596 1 GPS 0 0 0 0 0 0 0 0 0 0 1
33.625 1 FBW_STATUS 2 0 1 0 0
33.629 1 NAVIGATION 0 1 0. 0. 8421.2 0. 0 0
33.642 1 ATTITUDE -2.97876 -2.66333 -0.098633
33.646 1 BAT 0 0 0 0 1 152 152 0
33.648 1 CALIBRATION -150. 0
33.743 1 ATTITUDE -2.97876 -2.663574 -0.098389
33.749 1 DESIRED 0.3 0.5 4.2 -80. -45. 815. 2.
33.750 1 DL_VALUE 5 0.
33.795 1 DOWNLINK_STATUS 26 21402 962 0 831. 38. 2.64
33.843 1 ATTITUDE -2.97876 -2.663818 -0.098145
33.849 1 GPS 0 0 0 0 0 0 0 0 0 0 1
33.878 1 NAVIGATION 0 1 0. 0. 8421.2 0. 0 0
33.943 1 ATTITUDE -2.979248 -2.664307 -0.098633
33.949 1 DESIRED 0.3 0.5 4.2 -80. -45. 815. 2.
33.950 1 ESTIMATOR 0. 0.
33.955 1 IMU_GYRO -0.006348 0.000977 -0.011475
34.043 1 ATTITUDE -2.980225 -2.664795 -0.099365
34.047 1 WP_MOVED 5 506402.3125 3566363.25 820. 12
34.096 1 GPS 0 0 0 0 0 0 0 0 0 0 1
34.128 1 NAVIGATION 0 1 0. 0. 8421.2 0. 0 0
34.142 1 ATTITUDE -2.980713 -2.665527 -0.100342
34.149 1 DESIRED 0.3 0.5 4.2 -80. -45. 815. 2.
34.243 1 ATTITUDE -2.980469 -2.665527 -0.099609
34.246 1 IMU_ACCEL 5.461914 1.635742 -8.069336
34.249 1 IMU_MAG -1.285645 -0.691406 2.880371
34.343 1 ATTITUDE -2.980469 -2.665771 -0.10083
34.349 1 DESIRED 0.3 0.5 4.2 -80. -45. 815. 2.
34.355 1 GPS 0 0 0 0 0 0 0 0 0 0 1
34.358 1 GPS_SOL 0 0 0 0
34.378 1 NAVIGATION 0 1 0. 0. 8421.2 0. 0 0
34.444 1 ATTITUDE -2.980469 -2.665771 -0.100098
34.445 1 ESTIMATOR 0. 0.
34.446 1 STATE_FILTER_STATUS 3 0
34.543 1 ATTITUDE -2.980469 -2.665527 -0.099365
34.549 1 DESIRED 0.3 0.5 4.2 -80. -45. 815. 2.
34.553 1 WP_MOVED 6 506374.40625 3566337.75 820. 12
34.556 1 IMU_GYRO -0.012695 -0.018066 -0.022217
34.560 1 NAVIGATION 0 1 0. 0. 8421.2 0. 0 0
34.596 1 GPS 0 0 0 0 0 0 0 0 0 0 1
34.627 1 NAVIGATION 0 1 0. 0. 8421.2 0. 0 0
34.642 1 ATTITUDE -2.980713 -2.665527 -0.099365
34.743 1 ATTITUDE -2.980713 -2.665039 -0.099365
34.749 1 DESIRED 0.3 0.5 4.2 -80. -45. 815. 2.
34.751 1 BAT 0 0 0 0 1 153 153 0
34.796 1 DOWNLINK_STATUS 27 22200 997 0 798. 35. 2.64
34.843 1 ATTITUDE -2.980469 -2.664062 -0.099365
34.849 1 GPS 0 0 0 0 0 0 0 0 0 0 1
34.878 1 NAVIGATION 0 1 0. 0. 8421.2 0. 0 0
34.943 1 ATTITUDE -2.980469 -2.663574 -0.099365
34.949 1 DESIRED 0.3 0.5 4.2 -80. -45. 815. 2.
34.951 1 ESTIMATOR 0. 0.
35.043 1 ATTITUDE -2.980469 -2.663818 -0.100098
35.047 1 WP_MOVED 7 506350.5 3566270.75 805. 12
35.050 1 IMU_ACCEL 5.519531 1.631836 -8.083008
35.096 1 GPS 0 0 0 0 0 0 0 0 0 0 1
35.128 1 NAVIGATION 0 1 0. 0. 8421.2 0. 0 0
35.142 1 ATTITUDE -2.980225 -2.663086 -0.099609
35.149 1 DESIRED 0.3 0.5 4.2 -80. -45. 815. 2.
35.151 1 IMU_GYRO -0.010498 -0.011475 -0.015869
35.243 1 ATTITUDE -2.980469 -2.662598 -0.099854
35.244 1 DL_VALUE 6 100.
35.248 1 ENERGY 0. 0. 0 0.
35.345 1 ATTITUDE -2.980225 -2.662598 -0.099854
35.349 1 DESIRED 0.3 0.5 4.2 -80. -45. 815. 2.
35.355 1 GPS 0 0 0 0 0 0 0 0 0 0 1
35.378 1 NAVIGATION 0 1 0. 0. 8421.2 0. 0 0
35.443 1 ATTITUDE -2.980225 -2.662598 -0.100098
35.445 1 ESTIMATOR 0. 0.
35.543 1 ATTITUDE -2.980225 -2.662354 -0.100098
35.549 1 DESIRED 0.3 0.5 4.2 -80. -45. 815. 2.
35.552 1 WP_MOVED 8 506254.8125 3566257.5 815. 12
35.557 1 NAVIGATION 0 1 0. 0. 8421.2 0. 0 0
35.560 1 IMU_MAG -1.280762 -0.700195 2.880371
35.596 1 GPS 0 0 0 0 0 0 0 0 0 0 1
35.628 1 NAVIGATION 0 1 0. 0. 8421.2 0. 0 0
35.629 1 FBW_STATUS 2 0 1 0 0
35.642 1 ATTITUDE -2.980225 -2.661621 -0.099854
35.746 1 ATTITUDE -2.980225 -2.661865 -0.099609
35.749 1 DESIRED 0.3 0.5 4.2 -80. -45. 815. 2.
35.752 1 IMU_GYRO -0.008301 -0.011475 -0.013672
35.754 1 CALIBRATION -150. 0
35.797 1 DOWNLINK_STATUS 28 23008 1033 0 808. 36. 2.64
35.843 1 ATTITUDE -2.980469 -2.662598 -0.099854
35.849 1 GPS 0 0 0 0 0 0 0 0 0 0 1
35.852 1 IMU_ACCEL 5.524414 1.62207 -8.087891
35.854 1 BAT 0 0 0 0 1 154 154 0
35.878 1 NAVIGATION 0 1 0. 0. 8421.2 0. 0 0
35.943 1 ATTITUDE -2.980469 -2.662842 -0.099854
35.949 1 DESIRED 0.3 0.5 4.2 -80. -45. 815. 2.
35.951 1 ESTIMATOR 0. 0.
36.043 1 ATTITUDE -2.980469 -2.662842 -0.100098
36.046 1 WP_MOVED 9 506213.8125 3566287.5 815. 12
36.096 1 GPS 0 0 0 0 0 0 0 0 0 0 1
36.128 1 NAVIGATION 0 1 0. 0. 8421.2 0. 0 0
36.143 1 ATTITUDE -2.980469 -2.66333 -0.100342
36.150 1 DESIRED 0.3 0.5 4.2 -80. -45. 815. 2.
36.151 1 DOWNLINK 16 829 5671
36.243 1 ATTITUDE -2.980713 -2.663574 -0.100586
36.246 1 NAVIGATION_REF 506335 3566302 12
36.343 1 ATTITUDE -2.981445 -2.664795 -0.102295
36.349 1 DESIRED 0.3 0.5 4.2 -80. -45. 815. 2.
36.355 1 GPS 0 0 0 0 0 0 0 0 0 0 1
36.358 1 IMU_GYRO -0.008301 -0.007324 -0.015869
36.361 1 GPS_SOL 0 0 0 0
36.378 1 NAVIGATION 0 1 0. 0. 8421.2 0. 0 0
36.443 1 ATTITUDE -2.981445 -2.664795 -0.102295
36.445 1 ESTIMATOR 0. 0.
36.543 1 ATTITUDE -2.981445 -2.665039 -0.102295
36.549 1 DESIRED 0.3 0.5 4.2 -80. -45. 815. 2.
36.552 1 WP_MOVED 0 506377. 3566344. 757. 12
36.557 1 NAVIGATION 0 1 0. 0. 8421.2 0. 0 0
36.596 1 GPS 0 0 0 0 0 0 0 0 0 0 1
36.630 1 NAVIGATION 0 1 0. 0. 8421.2 0. 0 0
36.642 1 ATTITUDE -2.981445 -2.665527 -0.102783
36.645 1 IMU_ACCEL 5.577148 1.650391 -8.097656
36.647 1 STATE_FILTER_STATUS 3 0
36.726 1 COMMANDS 0,-9600,-3305,0
36.743 1 ATTITUDE -2.980957 -2.664307 -0.101318
36.749 1 DESIRED 0.3 0.5 4.2 -80. -45. 815. 2.
36.750 1 DL_VALUE 7 4.
36.798 1 DOWNLINK_STATUS 29 23840 1071 0 832. 38. 2.64
36.826 1 ACTUATORS 1000,1413,1138,1500
36.843 1 ATTITUDE -2.980957 -2.663818 -0.10083
36.849 1 GPS 0 0 0 0 0 0 0 0 0 0 1
36.852 1 IMU_MAG -1.285645 -0.694336 2.874512
36.878 1 NAVIGATION 0 1 0. 0. 8421.2 0. 0 0
36.943 1 ATTITUDE -2.980957 -2.663818 -0.101074
36.949 1 DESIRED 0.3 0.5 4.2 -80. -45. 815. 2.
36.951 1 ESTIMATOR 0. 0.
36.954 1 IMU_GYRO -0.012695 -0.023193 -0.023193
36.958 1 BAT 0 0 0 0 1 155 155 0
37.043 1 ATTITUDE -2.980957 -2.66333 -0.10083
37.046 1 WP_MOVED 1 506335. 3566302. 765. 12
37.096 1 GPS 0 0 0 0 0 0 0 0 0 0 1
37.128 1 NAVIGATION 0 1 0. 0. 8421.2 0. 0 0
37.142 1 ATTITUDE -2.980469 -2.662598 -0.100098
37.148 1 DESIRED 0.3 0.5 4.2 -80. -45. 815. 2.
37.243 1 ATTITUDE -2.980225 -2.662354 -0.099609
37.343 1 ATTITUDE -2.980469 -2.662354 -0.100098
37.349 1 DESIRED 0.3 0.5 4.2 -80. -45. 815. 2.
37.355 1 GPS 0 0 0 0 0 0 0 0 0 0 1
37.378 1 NAVIGATION 0 1 0. 0. 8421.2 0. 0 0
37.459 1 ATTITUDE -2.980225 -2.662109 -0.099609
37.459 1 ESTIMATOR 0. 0.
37.459 1 IMU_ACCEL 5.524414 1.607422 -8.05957
37.543 1 ATTITUDE -2.980225 -2.661865 -0.099854
37.549 1 DESIRED 0.3 0.5 4.2 -80. -45. 815. 2.
37.552 1 WP_MOVED 2 506254.8125 3566257.5 815. 12
37.555 1 IMU_GYRO -0.006348 -0.023193 -0.006348
37.560 1 NAVIGATION 0 1 0. 0. 8421.2 0. 0 0
37.595 1 GPS 0 0 0 0 0 0 0 0 0 0 1
37.625 1 FBW_STATUS 2 0 1 0 0
37.629 1 NAVIGATION 0 1 0. 0. 8421.2 0. 0 0
37.642 1 ATTITUDE -2.980225 -2.661621 -0.099365
37.743 1 ATTITUDE -2.980225 -2.661377 -0.099365
37.749 1 DESIRED 0.3 0.5 4.2 -80. -45. 815. 2.
37.752 1 ENERGY 0. 0. 0 0.
37.799 1 DOWNLINK_STATUS 30 24661 1107 0 821. 36. 2.64
37.843 1 ATTITUDE -2.980225 -2.661377 -0.099121
37.849 1 GPS 0 0 0 0 0 0 0 0 0 0 1
37.850 1 CALIBRATION -150. 0
37.854 1 ALIVE 174,222,138,243,180,132,213,161,20,137,147,153,212,68,69,225
37.878 1 NAVIGATION 0 1 0. 0. 8421.2 0. 0 0
37.943 1 ATTITUDE -2.980225 -2.661865 -0.098877
37.949 1 DESIRED 0.3 0.5 4.2 -80. -45. 815. 2.
37.950 1 ESTIMATOR 0. 0.
37.953 1 PPRZ_MODE 4 1 2 0 0 6
38.043 1 ATTITUDE -2.980225 -2.661865 -0.099365
38.046 1 WP_MOVED 3 506350.5 3566257. 805. 12
38.050 1 BAT 0 0 0 0 1 156 156 0
38.095 1 GPS 0 0 0 0 0 0 0 0 0 0 1
38.128 1 NAVIGATION 0 1 0. 0. 8421.2 0. 0 0
38.143 1 ATTITUDE -2.97998 -2.662354 -0.099365
38.148 1 DESIRED 0.3 0.5 4.2 -80. -45. 815. 2.
38.151 1 IMU_GYRO -0.008301 -0.010498 -0.012695
38.154 1 IMU_MAG -1.283203 -0.688477 2.88623
38.243 1 ATTITUDE -2.97998 -2.663086 -0.099854
38.245 1 IMU_ACCEL 5.529297 1.626953 -8.064453
38.247 1 DL_VALUE 8 1.
38.283 1 PONG 
38.343 1 ATTITUDE -2.980225 -2.664062 -0.099854
38.349 1 DESIRED 0.3 0.5 4.2 -80. -45. 815. 2.
38.354 1 GPS 0 0 0 0 0 0 0 0 0 0 1
38.356 1 GPS_SOL 0 0 0 0
38.378 1 NAVIGATION 0 1 0. 0. 8421.2 0. 0 0
38.443 1 ATTITUDE -2.980225 -2.664062 -0.099609
38.445 1 ESTIMATOR 0. 0.
38.543 1 ATTITUDE -2.980713 -2.664551 -0.10083
38.549 1 DESIRED 0.3 0.5 4.2 -80. -45. 815. 2.
38.552 1 WP_MOVED 4 506374.40625 3566337.75 805. 12
38.557 1 NAVIGATION 0 1 0. 0. 8421.2 0. 0 0
38.595 1 GPS 0 0 0 0 0 0 0 0 0 0 1
38.628 1 NAVIGATION 0 1 0. 0. 8421.2 0. 0 0
38.643 1 ATTITUDE -2.980469 -2.664795 -0.100342
38.743 1 ATTITUDE -2.980469 -2.664062 -0.100586
38.749 1 DESIRED 0.3 0.5 4.2 -80. -45. 815. 2.
38.752 1 IMU_GYRO -0.008301 -0.000977 -0.010498
38.800 1 DOWNLINK_STATUS 31 25513 1146 0 852. 39. 2.84
38.843 1 ATTITUDE -2.980469 -2.663574 -0.10083
38.849 1 GPS 0 0 0 0 0 0 0 0 0 0 1
38.849 1 STATE_FILTER_STATUS 3 0
38.878 1 NAVIGATION 0 1 0. 0. 8421.2 0. 0 0
38.943 1 ATTITUDE -2.980469 -2.663574 -0.100586
38.949 1 DESIRED 0.3 0.5 4.2 -80. -45. 815. 2.
38.950 1 ESTIMATOR 0. 0.
39.043 1 ATTITUDE -2.980469 -2.663086 -0.100342
39.046 1 WP_MOVED 5 506402.3125 3566363.25 820. 12
39.049 1 IMU_ACCEL 5.5 1.554688 -8.026367
39.095 1 GPS 0 0 0 0 0 0 0 0 0 0 1
39.128 1 NAVIGATION 0 1 0. 0. 8421.2 0. 0 0
39.143 1 ATTITUDE -2.980713 -2.662842 -0.10083
39.149 1 DESIRED 0.3 0.5 4.2 -80. -45. 815. 2.
39.151 1 BAT 0 0 0 0 1 157 157 0
39.243 1 ATTITUDE -2.980713 -2.662842 -0.100586
39.343 1 ATTITUDE -2.980713 -2.662354 -0.100342
39.349 1 DESIRED 0.3 0.5 4.2 -80. -45. 815. 2.
39.354 1 GPS 0 0 0 0 0 0 0 0 0 0 1
39.358 1 IMU_GYRO -0.010498 -0.014893 -0.016846
39.376 1 NAVIGATION 0 1 0. 0. 8421.2 0. 0 0
39.442 1 ATTITUDE -2.980713 -2.662354 -0.100342
39.444 1 ESTIMATOR 0. 0.
39.448 1 IMU_MAG -1.285645 -0.697266 2.880371
39.543 1 ATTITUDE -2.980713 -2.661621 -0.100098
39.549 1 DESIRED 0.3 0.5 4.2 -80. -45. 815. 2.
39.552 1 WP_MOVED 6 506374.40625 3566337.75 820. 12
39.557 1 NAVIGATION 0 1 0. 0. 8421.2 0. 0 0
39.595 1 GPS 0 0 0 0 0 0 0 0 0 0 1
39.625 1 FBW_STATUS 2 0 1 0 0
39.630 1 NAVIGATION 0 1 0. 0. 8421.2 0. 0 0
39.643 1 ATTITUDE -2.980713 -2.661621 -0.100098
39.743 1 ATTITUDE -2.980713 -2.661621 -0.099609
39.749 1 DESIRED 0.3 0.5 4.2 -80. -45. 815. 2.
39.750 1 DL_VALUE 9 1.
39.801 1 DOWNLINK_STATUS 32 26301 1181 0 788. 35. 2.84
39.843 1 ATTITUDE -2.980713 -2.661865 -0.099609
39.848 1 GPS 0 0 0 0 0 0 0 0 0 0 1
39.852 1 IMU_ACCEL 5.504883 1.617188 -7.998047
39.877 1 NAVIGATION 0 1 0. 0. 8421.2 0. 0 0
39.943 1 ATTITUDE -2.980713 -2.662109 -0.099854
39.949 1 DESIRED 0.3 0.5 4.2 -80. -45. 815. 2.
39.951 1 ESTIMATOR 0. 0.
39.954 1 IMU_GYRO -0.008301 -0.02002 -0.018066
39.956 1 CALIBRATION -150. 0
40.043 1 ATTITUDE -2.980713 -2.662598 -0.099854
40.046 1 WP_MOVED 7 506350.5 3566270.75 805. 12
40.095 1 GPS 0 0 0 0 0 0 0 0 0 0 1
40.127 1 NAVIGATION 0 1 0. 0. 8421.2 0. 0 0
40.143 1 ATTITUDE -2.980713 -2.662354 -0.099365
40.149 1 DESIRED 0.3 0.5 4.2 -80. -45. 815. 2.
40.243 1 ATTITUDE -2.980713 -2.662598 -0.099609
40.246 1 BAT 0 0 0 0 1 158 158 0
40.250 1 ENERGY 0. 0. 0 0.
40.343 1 ATTITUDE -2.980469 -2.662354 -0.099365
40.349 1 DESIRED 0.3 0.5 4.2 -80. -45. 815. 2.
40.354 1 GPS 0 0 0 0 0 0 0 0 0 0 1
40.357 1 GPS_SOL 0 0 0 0
40.377 1 NAVIGATION 0 1 0. 0. 8421.2 0. 0 0
40.443 1 ATTITUDE -2.980469 -2.662598 -0.099609
40.445 1 ESTIMATOR 0. 0.
